Resolution,Traffic,K,A,T,M,ParamSweep Path,OpenCV Path,Otsu Path,SSIM OpenCV AVG,SSIM OpenCV Var,SSIM OpenCV Med,SSIM Otsu AVG,SSIM Otsu Var,SSIM Otsu Med,Frames Compared
120p,Traffic2,K2,A0.001_,T0.5,M3,Data-Processing\Raw-Data\Param-Sweep\120p\Traffic2\K2\A0.001_\T0.5\M3\Traffic2-Mask.mp4,Data-Processing\Raw-Data\OpenCV\M3\120p\Traffic2\Traffic2-Mask.mp4,Data-Processing\Raw-Data\Otsu\M3\120p\Traffic2\Traffic2-Mask.mp4,0.1914,0.0247,0.2749,0.3939,0.1073,0.2987,5
120p,Traffic2,K2,A0.001_,T0.5,M4,Data-Processing\Raw-Data\Param-Sweep\120p\Traffic2\K2\A0.001_\T0.5\M4\Traffic2-Mask.mp4,Data-Processing\Raw-Data\OpenCV\M4\120p\Traffic2\Traffic2-Mask.mp4,Data-Processing\Raw-Data\Otsu\M4\120p\Traffic2\Traffic2-Mask.mp4,0.4028,0.0933,0.6073,0.5952,0.091,0.6357,5
120p,Traffic2,K2,A0.001_,T0.5,M5,Data-Processing\Raw-Data\Param-Sweep\120p\Traffic2\K2\A0.001_\T0.5\M5\Traffic2-Mask.mp4,Data-Processing\Raw-Data\OpenCV\M5\120p\Traffic2\Traffic2-Mask.mp4,Data-Processing\Raw-Data\Otsu\M5\120p\Traffic2\Traffic2-Mask.mp4,0.4058,0.0949,0.6188,0.5983,0.0917,0.6447,5
120p,Traffic2,K2,A0.001_,T0.7,M3,Data-Processing\Raw-Data\Param-Sweep\120p\Traffic2\K2\A0.001_\T0.7\M3\Traffic2-Mask.mp4,Data-Processing\Raw-Data\OpenCV\M3\120p\Traffic2\Traffic2-Mask.mp4,Data-Processing\Raw-Data\Otsu\M3\120p\Traffic2\Traffic2-Mask.mp4,0.2094,0.0286,0.3203,0.4121,0.1041,0.3441,5
120p,Traffic2,K2,A0.001_,T0.7,M4,Data-Processing\Raw-Data\Param-Sweep\120p\Traffic2\K2\A0.001_\T0.7\M4\Traffic2-Mask.mp4,Data-Processing\Raw-Data\OpenCV\M4\120p\Traffic2\Traffic2-Mask.mp4,Data-Processing\Raw-Data\Otsu\M4\120p\Traffic2\Traffic2-Mask.mp4,0.4437,0.115,0.6717,0.6349,0.0961,0.6952,5
120p,Traffic2,K2,A0.001_,T0.7,M5,Data-Processing\Raw-Data\Param-Sweep\120p\Traffic2\K2\A0.001_\T0.7\M5\Traffic2-Mask.mp4,Data-Processing\Raw-Data\OpenCV\M5\120p\Traffic2\Traffic2-Mask.mp4,Data-Processing\Raw-Data\Otsu\M5\120p\Traffic2\Traffic2-Mask.mp4,0.4467,0.117,0.6703,0.6391,0.0972,0.699,5
120p,Traffic2,K2,A0.001_,T0.9,M3,Data-Processing\Raw-Data\Param-Sweep\120p\Traffic2\K2\A0.001_\T0.9\M3\Traffic2-Mask.mp4,Data-Processing\Raw-Data\OpenCV\M3\120p\Traffic2\Traffic2-Mask.mp4,Data-Processing\Raw-Data\Otsu\M3\120p\Traffic2\Traffic2-Mask.mp4,0.4223,0.1164,0.6791,0.5835,0.1021,0.6316,5
120p,Traffic2,K2,A0.001_,T0.9,M4,Data-Processing\Raw-Data\Param-Sweep\120p\Traffic2\K2\A0.001_\T0.9\M4\Traffic2-Mask.mp4,Data-Processing\Raw-Data\OpenCV\M4\120p\Traffic2\Traffic2-Mask.mp4,Data-Processing\Raw-Data\Otsu\M4\120p\Traffic2\Traffic2-Mask.mp4,0.4752,0.1332,0.7283,0.6592,0.1001,0.7124,5
120p,Traffic2,K2,A0.001_,T0.9,M5,Data-Processing\Raw-Data\Param-Sweep\120p\Traffic2\K2\A0.001_\T0.9\M5\Traffic2-Mask.mp4,Data-Processing\Raw-Data\OpenCV\M5\120p\Traffic2\Traffic2-Mask.mp4,Data-Processing\Raw-Data\Otsu\M5\120p\Traffic2\Traffic2-Mask.mp4,0.4782,0.1353,0.7339,0.6662,0.1021,0.7251,5
120p,Traffic2,K2,A0.01_,T0.5,M3,Data-Processing\Raw-Data\Param-Sweep\120p\Traffic2\K2\A0.01_\T0.5\M3\Traffic2-Mask.mp4,Data-Processing\Raw-Data\OpenCV\M3\120p\Traffic2\Traffic2-Mask.mp4,Data-Processing\Raw-Data\Otsu\M3\120p\Traffic2\Traffic2-Mask.mp4,0.5947,0.1088,0.7902,0.7204,0.0377,0.7071,5
120p,Traffic2,K2,A0.01_,T0.5,M4,Data-Processing\Raw-Data\Param-Sweep\120p\Traffic2\K2\A0.01_\T0.5\M4\Traffic2-Mask.mp4,Data-Processing\Raw-Data\OpenCV\M4\120p\Traffic2\Traffic2-Mask.mp4,Data-Processing\Raw-Data\Otsu\M4\120p\Traffic2\Traffic2-Mask.mp4,0.6259,0.1135,0.7931,0.7916,0.0252,0.7925,5
120p,Traffic2,K2,A0.01_,T0.5,M5,Data-Processing\Raw-Data\Param-Sweep\120p\Traffic2\K2\A0.01_\T0.5\M5\Traffic2-Mask.mp4,Data-Processing\Raw-Data\OpenCV\M5\120p\Traffic2\Traffic2-Mask.mp4,Data-Processing\Raw-Data\Otsu\M5\120p\Traffic2\Traffic2-Mask.mp4,0.6387,0.1184,0.8277,0.8126,0.0264,0.8204,5
120p,Traffic2,K2,A0.01_,T0.7,M3,Data-Processing\Raw-Data\Param-Sweep\120p\Traffic2\K2\A0.01_\T0.7\M3\Traffic2-Mask.mp4,Data-Processing\Raw-Data\OpenCV\M3\120p\Traffic2\Traffic2-Mask.mp4,Data-Processing\Raw-Data\Otsu\M3\120p\Traffic2\Traffic2-Mask.mp4,0.617,0.106,0.7948,0.741,0.0267,0.7116,5
120p,Traffic2,K2,A0.01_,T0.7,M4,Data-Processing\Raw-Data\Param-Sweep\120p\Traffic2\K2\A0.01_\T0.7\M4\Traffic2-Mask.mp4,Data-Processing\Raw-Data\OpenCV\M4\120p\Traffic2\Traffic2-Mask.mp4,Data-Processing\Raw-Data\Otsu\M4\120p\Traffic2\Traffic2-Mask.mp4,0.643,0.1126,0.7996,0.8086,0.0175,0.7934,5
120p,Traffic2,K2,A0.01_,T0.7,M5,Data-Processing\Raw-Data\Param-Sweep\120p\Traffic2\K2\A0.01_\T0.7\M5\Traffic2-Mask.mp4,Data-Processing\Raw-Data\OpenCV\M5\120p\Traffic2\Traffic2-Mask.mp4,Data-Processing\Raw-Data\Otsu\M5\120p\Traffic2\Traffic2-Mask.mp4,0.6573,0.1174,0.8347,0.8302,0.018,0.8209,5
120p,Traffic2,K2,A0.01_,T0.9,M3,Data-Processing\Raw-Data\Param-Sweep\120p\Traffic2\K2\A0.01_\T0.9\M3\Traffic2-Mask.mp4,Data-Processing\Raw-Data\OpenCV\M3\120p\Traffic2\Traffic2-Mask.mp4,Data-Processing\Raw-Data\Otsu\M3\120p\Traffic2\Traffic2-Mask.mp4,0.6676,0.1133,0.8061,0.7834,0.013,0.7174,5
120p,Traffic2,K2,A0.01_,T0.9,M4,Data-Processing\Raw-Data\Param-Sweep\120p\Traffic2\K2\A0.01_\T0.9\M4\Traffic2-Mask.mp4,Data-Processing\Raw-Data\OpenCV\M4\120p\Traffic2\Traffic2-Mask.mp4,Data-Processing\Raw-Data\Otsu\M4\120p\Traffic2\Traffic2-Mask.mp4,0.6911,0.1207,0.8404,0.8564,0.0059,0.807,5
120p,Traffic2,K2,A0.01_,T0.9,M5,Data-Processing\Raw-Data\Param-Sweep\120p\Traffic2\K2\A0.01_\T0.9\M5\Traffic2-Mask.mp4,Data-Processing\Raw-Data\OpenCV\M5\120p\Traffic2\Traffic2-Mask.mp4,Data-Processing\Raw-Data\Otsu\M5\120p\Traffic2\Traffic2-Mask.mp4,0.7075,0.126,0.8704,0.8805,0.0049,0.8426,5
120p,Traffic2,K2,A0.1_,T0.5,M3,Data-Processing\Raw-Data\Param-Sweep\120p\Traffic2\K2\A0.1_\T0.5\M3\Traffic2-Mask.mp4,Data-Processing\Raw-Data\OpenCV\M3\120p\Traffic2\Traffic2-Mask.mp4,Data-Processing\Raw-Data\Otsu\M3\120p\Traffic2\Traffic2-Mask.mp4,0.6246,0.0992,0.7745,0.7483,0.0176,0.6819,5
120p,Traffic2,K2,A0.1_,T0.5,M4,Data-Processing\Raw-Data\Param-Sweep\120p\Traffic2\K2\A0.1_\T0.5\M4\Traffic2-Mask.mp4,Data-Processing\Raw-Data\OpenCV\M4\120p\Traffic2\Traffic2-Mask.mp4,Data-Processing\Raw-Data\Otsu\M4\120p\Traffic2\Traffic2-Mask.mp4,0.6716,0.1131,0.8411,0.8506,0.0067,0.797,5
120p,Traffic2,K2,A0.1_,T0.5,M5,Data-Processing\Raw-Data\Param-Sweep\120p\Traffic2\K2\A0.1_\T0.5\M5\Traffic2-Mask.mp4,Data-Processing\Raw-Data\OpenCV\M5\120p\Traffic2\Traffic2-Mask.mp4,Data-Processing\Raw-Data\Otsu\M5\120p\Traffic2\Traffic2-Mask.mp4,0.6824,0.117,0.8422,0.8814,0.0043,0.8341,5
120p,Traffic2,K2,A0.1_,T0.7,M3,Data-Processing\Raw-Data\Param-Sweep\120p\Traffic2\K2\A0.1_\T0.7\M3\Traffic2-Mask.mp4,Data-Processing\Raw-Data\OpenCV\M3\120p\Traffic2\Traffic2-Mask.mp4,Data-Processing\Raw-Data\Otsu\M3\120p\Traffic2\Traffic2-Mask.mp4,0.6558,0.1092,0.8369,0.7744,0.0143,0.7433,5
120p,Traffic2,K2,A0.1_,T0.7,M4,Data-Processing\Raw-Data\Param-Sweep\120p\Traffic2\K2\A0.1_\T0.7\M4\Traffic2-Mask.mp4,Data-Processing\Raw-Data\OpenCV\M4\120p\Traffic2\Traffic2-Mask.mp4,Data-Processing\Raw-Data\Otsu\M4\120p\Traffic2\Traffic2-Mask.mp4,0.6913,0.1207,0.8601,0.8728,0.005,0.857,5
120p,Traffic2,K2,A0.1_,T0.7,M5,Data-Processing\Raw-Data\Param-Sweep\120p\Traffic2\K2\A0.1_\T0.7\M5\Traffic2-Mask.mp4,Data-Processing\Raw-Data\OpenCV\M5\120p\Traffic2\Traffic2-Mask.mp4,Data-Processing\Raw-Data\Otsu\M5\120p\Traffic2\Traffic2-Mask.mp4,0.7041,0.1252,0.8819,0.9042,0.0029,0.8959,5
120p,Traffic2,K2,A0.1_,T0.9,M3,Data-Processing\Raw-Data\Param-Sweep\120p\Traffic2\K2\A0.1_\T0.9\M3\Traffic2-Mask.mp4,Data-Processing\Raw-Data\OpenCV\M3\120p\Traffic2\Traffic2-Mask.mp4,Data-Processing\Raw-Data\Otsu\M3\120p\Traffic2\Traffic2-Mask.mp4,0.6878,0.1201,0.8369,0.809,0.0106,0.7864,5
120p,Traffic2,K2,A0.1_,T0.9,M4,Data-Processing\Raw-Data\Param-Sweep\120p\Traffic2\K2\A0.1_\T0.9\M4\Traffic2-Mask.mp4,Data-Processing\Raw-Data\OpenCV\M4\120p\Traffic2\Traffic2-Mask.mp4,Data-Processing\Raw-Data\Otsu\M4\120p\Traffic2\Traffic2-Mask.mp4,0.7143,0.1287,0.8572,0.8981,0.003,0.879,5
120p,Traffic2,K2,A0.1_,T0.9,M5,Data-Processing\Raw-Data\Param-Sweep\120p\Traffic2\K2\A0.1_\T0.9\M5\Traffic2-Mask.mp4,Data-Processing\Raw-Data\OpenCV\M5\120p\Traffic2\Traffic2-Mask.mp4,Data-Processing\Raw-Data\Otsu\M5\120p\Traffic2\Traffic2-Mask.mp4,0.7251,0.1322,0.8823,0.94,0.0011,0.9312,5
120p,Traffic2,K3,A0.001_,T0.5,M3,Data-Processing\Raw-Data\Param-Sweep\120p\Traffic2\K3\A0.001_\T0.5\M3\Traffic2-Mask.mp4,Data-Processing\Raw-Data\OpenCV\M3\120p\Traffic2\Traffic2-Mask.mp4,Data-Processing\Raw-Data\Otsu\M3\120p\Traffic2\Traffic2-Mask.mp4,0.3379,0.0984,0.2749,0.5151,0.1148,0.6102,5
120p,Traffic2,K3,A0.001_,T0.5,M4,Data-Processing\Raw-Data\Param-Sweep\120p\Traffic2\K3\A0.001_\T0.5\M4\Traffic2-Mask.mp4,Data-Processing\Raw-Data\OpenCV\M4\120p\Traffic2\Traffic2-Mask.mp4,Data-Processing\Raw-Data\Otsu\M4\120p\Traffic2\Traffic2-Mask.mp4,0.4305,0.1042,0.6073,0.6233,0.0901,0.7024,5
120p,Traffic2,K3,A0.001_,T0.5,M5,Data-Processing\Raw-Data\Param-Sweep\120p\Traffic2\K3\A0.001_\T0.5\M5\Traffic2-Mask.mp4,Data-Processing\Raw-Data\OpenCV\M5\120p\Traffic2\Traffic2-Mask.mp4,Data-Processing\Raw-Data\Otsu\M5\120p\Traffic2\Traffic2-Mask.mp4,0.4357,0.107,0.6188,0.6281,0.0916,0.7152,5
120p,Traffic2,K3,A0.001_,T0.7,M3,Data-Processing\Raw-Data\Param-Sweep\120p\Traffic2\K3\A0.001_\T0.7\M3\Traffic2-Mask.mp4,Data-Processing\Raw-Data\OpenCV\M3\120p\Traffic2\Traffic2-Mask.mp4,Data-Processing\Raw-Data\Otsu\M3\120p\Traffic2\Traffic2-Mask.mp4,0.4277,0.1195,0.652,0.594,0.1023,0.6413,5
120p,Traffic2,K3,A0.001_,T0.7,M4,Data-Processing\Raw-Data\Param-Sweep\120p\Traffic2\K3\A0.001_\T0.7\M4\Traffic2-Mask.mp4,Data-Processing\Raw-Data\OpenCV\M4\120p\Traffic2\Traffic2-Mask.mp4,Data-Processing\Raw-Data\Otsu\M4\120p\Traffic2\Traffic2-Mask.mp4,0.4919,0.1358,0.7331,0.6802,0.0975,0.7679,5
120p,Traffic2,K3,A0.001_,T0.7,M5,Data-Processing\Raw-Data\Param-Sweep\120p\Traffic2\K3\A0.001_\T0.7\M5\Traffic2-Mask.mp4,Data-Processing\Raw-Data\OpenCV\M5\120p\Traffic2\Traffic2-Mask.mp4,Data-Processing\Raw-Data\Otsu\M5\120p\Traffic2\Traffic2-Mask.mp4,0.5014,0.1415,0.736,0.693,0.0987,0.7902,5
120p,Traffic2,K3,A0.001_,T0.9,M3,Data-Processing\Raw-Data\Param-Sweep\120p\Traffic2\K3\A0.001_\T0.9\M3\Traffic2-Mask.mp4,Data-Processing\Raw-Data\OpenCV\M3\120p\Traffic2\Traffic2-Mask.mp4,Data-Processing\Raw-Data\Otsu\M3\120p\Traffic2\Traffic2-Mask.mp4,0.5062,0.1644,0.7869,0.6481,0.1103,0.7236,5
120p,Traffic2,K3,A0.001_,T0.9,M4,Data-Processing\Raw-Data\Param-Sweep\120p\Traffic2\K3\A0.001_\T0.9\M4\Traffic2-Mask.mp4,Data-Processing\Raw-Data\OpenCV\M4\120p\Traffic2\Traffic2-Mask.mp4,Data-Processing\Raw-Data\Otsu\M4\120p\Traffic2\Traffic2-Mask.mp4,0.5401,0.1441,0.7966,0.7162,0.086,0.7762,5
120p,Traffic2,K3,A0.001_,T0.9,M5,Data-Processing\Raw-Data\Param-Sweep\120p\Traffic2\K3\A0.001_\T0.9\M5\Traffic2-Mask.mp4,Data-Processing\Raw-Data\OpenCV\M5\120p\Traffic2\Traffic2-Mask.mp4,Data-Processing\Raw-Data\Otsu\M5\120p\Traffic2\Traffic2-Mask.mp4,0.5539,0.1517,0.8174,0.734,0.0895,0.8036,5
120p,Traffic2,K3,A0.01_,T0.5,M3,Data-Processing\Raw-Data\Param-Sweep\120p\Traffic2\K3\A0.01_\T0.5\M3\Traffic2-Mask.mp4,Data-Processing\Raw-Data\OpenCV\M3\120p\Traffic2\Traffic2-Mask.mp4,Data-Processing\Raw-Data\Otsu\M3\120p\Traffic2\Traffic2-Mask.mp4,0.6489,0.1129,0.8153,0.7631,0.02,0.7376,5
120p,Traffic2,K3,A0.01_,T0.5,M4,Data-Processing\Raw-Data\Param-Sweep\120p\Traffic2\K3\A0.01_\T0.5\M4\Traffic2-Mask.mp4,Data-Processing\Raw-Data\OpenCV\M4\120p\Traffic2\Traffic2-Mask.mp4,Data-Processing\Raw-Data\Otsu\M4\120p\Traffic2\Traffic2-Mask.mp4,0.676,0.1185,0.8288,0.8372,0.0099,0.8099,5
120p,Traffic2,K3,A0.01_,T0.5,M5,Data-Processing\Raw-Data\Param-Sweep\120p\Traffic2\K3\A0.01_\T0.5\M5\Traffic2-Mask.mp4,Data-Processing\Raw-Data\OpenCV\M5\120p\Traffic2\Traffic2-Mask.mp4,Data-Processing\Raw-Data\Otsu\M5\120p\Traffic2\Traffic2-Mask.mp4,0.6932,0.1241,0.8726,0.8589,0.0097,0.835,5
120p,Traffic2,K3,A0.01_,T0.7,M3,Data-Processing\Raw-Data\Param-Sweep\120p\Traffic2\K3\A0.01_\T0.7\M3\Traffic2-Mask.mp4,Data-Processing\Raw-Data\OpenCV\M3\120p\Traffic2\Traffic2-Mask.mp4,Data-Processing\Raw-Data\Otsu\M3\120p\Traffic2\Traffic2-Mask.mp4,0.6792,0.1176,0.8411,0.785,0.0134,0.7412,5
120p,Traffic2,K3,A0.01_,T0.7,M4,Data-Processing\Raw-Data\Param-Sweep\120p\Traffic2\K3\A0.01_\T0.7\M4\Traffic2-Mask.mp4,Data-Processing\Raw-Data\OpenCV\M4\120p\Traffic2\Traffic2-Mask.mp4,Data-Processing\Raw-Data\Otsu\M4\120p\Traffic2\Traffic2-Mask.mp4,0.6959,0.1227,0.8443,0.8583,0.0062,0.8252,5
120p,Traffic2,K3,A0.01_,T0.7,M5,Data-Processing\Raw-Data\Param-Sweep\120p\Traffic2\K3\A0.01_\T0.7\M5\Traffic2-Mask.mp4,Data-Processing\Raw-Data\OpenCV\M5\120p\Traffic2\Traffic2-Mask.mp4,Data-Processing\Raw-Data\Otsu\M5\120p\Traffic2\Traffic2-Mask.mp4,0.7176,0.13,0.8871,0.8808,0.0055,0.854,5
120p,Traffic2,K3,A0.01_,T0.9,M3,Data-Processing\Raw-Data\Param-Sweep\120p\Traffic2\K3\A0.01_\T0.9\M3\Traffic2-Mask.mp4,Data-Processing\Raw-Data\OpenCV\M3\120p\Traffic2\Traffic2-Mask.mp4,Data-Processing\Raw-Data\Otsu\M3\120p\Traffic2\Traffic2-Mask.mp4,0.7024,0.1245,0.8599,0.8023,0.0105,0.7455,5
120p,Traffic2,K3,A0.01_,T0.9,M4,Data-Processing\Raw-Data\Param-Sweep\120p\Traffic2\K3\A0.01_\T0.9\M4\Traffic2-Mask.mp4,Data-Processing\Raw-Data\OpenCV\M4\120p\Traffic2\Traffic2-Mask.mp4,Data-Processing\Raw-Data\Otsu\M4\120p\Traffic2\Traffic2-Mask.mp4,0.7144,0.1287,0.864,0.8796,0.0041,0.8422,5
120p,Traffic2,K3,A0.01_,T0.9,M5,Data-Processing\Raw-Data\Param-Sweep\120p\Traffic2\K3\A0.01_\T0.9\M5\Traffic2-Mask.mp4,Data-Processing\Raw-Data\OpenCV\M5\120p\Traffic2\Traffic2-Mask.mp4,Data-Processing\Raw-Data\Otsu\M5\120p\Traffic2\Traffic2-Mask.mp4,0.7429,0.1385,0.9103,0.9108,0.0026,0.8796,5
120p,Traffic2,K3,A0.1_,T0.5,M3,Data-Processing\Raw-Data\Param-Sweep\120p\Traffic2\K3\A0.1_\T0.5\M3\Traffic2-Mask.mp4,Data-Processing\Raw-Data\OpenCV\M3\120p\Traffic2\Traffic2-Mask.mp4,Data-Processing\Raw-Data\Otsu\M3\120p\Traffic2\Traffic2-Mask.mp4,0.6351,0.1021,0.7848,0.755,0.0168,0.6868,5
120p,Traffic2,K3,A0.1_,T0.5,M4,Data-Processing\Raw-Data\Param-Sweep\120p\Traffic2\K3\A0.1_\T0.5\M4\Traffic2-Mask.mp4,Data-Processing\Raw-Data\OpenCV\M4\120p\Traffic2\Traffic2-Mask.mp4,Data-Processing\Raw-Data\Otsu\M4\120p\Traffic2\Traffic2-Mask.mp4,0.6785,0.1155,0.8572,0.8614,0.0056,0.8185,5
120p,Traffic2,K3,A0.1_,T0.5,M5,Data-Processing\Raw-Data\Param-Sweep\120p\Traffic2\K3\A0.1_\T0.5\M5\Traffic2-Mask.mp4,Data-Processing\Raw-Data\OpenCV\M5\120p\Traffic2\Traffic2-Mask.mp4,Data-Processing\Raw-Data\Otsu\M5\120p\Traffic2\Traffic2-Mask.mp4,0.6915,0.1199,0.8634,0.8958,0.0032,0.8613,5
120p,Traffic2,K3,A0.1_,T0.7,M3,Data-Processing\Raw-Data\Param-Sweep\120p\Traffic2\K3\A0.1_\T0.7\M3\Traffic2-Mask.mp4,Data-Processing\Raw-Data\OpenCV\M3\120p\Traffic2\Traffic2-Mask.mp4,Data-Processing\Raw-Data\Otsu\M3\120p\Traffic2\Traffic2-Mask.mp4,0.6688,0.1133,0.839,0.7845,0.0132,0.7508,5
120p,Traffic2,K3,A0.1_,T0.7,M4,Data-Processing\Raw-Data\Param-Sweep\120p\Traffic2\K3\A0.1_\T0.7\M4\Traffic2-Mask.mp4,Data-Processing\Raw-Data\OpenCV\M4\120p\Traffic2\Traffic2-Mask.mp4,Data-Processing\Raw-Data\Otsu\M4\120p\Traffic2\Traffic2-Mask.mp4,0.6981,0.1233,0.8572,0.8824,0.0043,0.879,5
120p,Traffic2,K3,A0.1_,T0.7,M5,Data-Processing\Raw-Data\Param-Sweep\120p\Traffic2\K3\A0.1_\T0.7\M5\Traffic2-Mask.mp4,Data-Processing\Raw-Data\OpenCV\M5\120p\Traffic2\Traffic2-Mask.mp4,Data-Processing\Raw-Data\Otsu\M5\120p\Traffic2\Traffic2-Mask.mp4,0.7088,0.1266,0.8823,0.9194,0.0021,0.9101,5
120p,Traffic2,K3,A0.1_,T0.9,M3,Data-Processing\Raw-Data\Param-Sweep\120p\Traffic2\K3\A0.1_\T0.9\M3\Traffic2-Mask.mp4,Data-Processing\Raw-Data\OpenCV\M3\120p\Traffic2\Traffic2-Mask.mp4,Data-Processing\Raw-Data\Otsu\M3\120p\Traffic2\Traffic2-Mask.mp4,0.6924,0.1215,0.8387,0.8124,0.01,0.7883,5
120p,Traffic2,K3,A0.1_,T0.9,M4,Data-Processing\Raw-Data\Param-Sweep\120p\Traffic2\K3\A0.1_\T0.9\M4\Traffic2-Mask.mp4,Data-Processing\Raw-Data\OpenCV\M4\120p\Traffic2\Traffic2-Mask.mp4,Data-Processing\Raw-Data\Otsu\M4\120p\Traffic2\Traffic2-Mask.mp4,0.7139,0.1285,0.8572,0.9003,0.0029,0.879,5
120p,Traffic2,K3,A0.1_,T0.9,M5,Data-Processing\Raw-Data\Param-Sweep\120p\Traffic2\K3\A0.1_\T0.9\M5\Traffic2-Mask.mp4,Data-Processing\Raw-Data\OpenCV\M5\120p\Traffic2\Traffic2-Mask.mp4,Data-Processing\Raw-Data\Otsu\M5\120p\Traffic2\Traffic2-Mask.mp4,0.7256,0.1324,0.8823,0.944,0.0011,0.9317,5
120p,Traffic2,K4,A0.001_,T0.5,M3,Data-Processing\Raw-Data\Param-Sweep\120p\Traffic2\K4\A0.001_\T0.5\M3\Traffic2-Mask.mp4,Data-Processing\Raw-Data\OpenCV\M3\120p\Traffic2\Traffic2-Mask.mp4,Data-Processing\Raw-Data\Otsu\M3\120p\Traffic2\Traffic2-Mask.mp4,0.3496,0.1068,0.2749,0.5246,0.1171,0.6283,5
120p,Traffic2,K4,A0.001_,T0.5,M4,Data-Processing\Raw-Data\Param-Sweep\120p\Traffic2\K4\A0.001_\T0.5\M4\Traffic2-Mask.mp4,Data-Processing\Raw-Data\OpenCV\M4\120p\Traffic2\Traffic2-Mask.mp4,Data-Processing\Raw-Data\Otsu\M4\120p\Traffic2\Traffic2-Mask.mp4,0.4418,0.1104,0.6073,0.6324,0.0911,0.7157,5
120p,Traffic2,K4,A0.001_,T0.5,M5,Data-Processing\Raw-Data\Param-Sweep\120p\Traffic2\K4\A0.001_\T0.5\M5\Traffic2-Mask.mp4,Data-Processing\Raw-Data\OpenCV\M5\120p\Traffic2\Traffic2-Mask.mp4,Data-Processing\Raw-Data\Otsu\M5\120p\Traffic2\Traffic2-Mask.mp4,0.4488,0.1145,0.6188,0.6419,0.0936,0.7365,5
120p,Traffic2,K4,A0.001_,T0.7,M3,Data-Processing\Raw-Data\Param-Sweep\120p\Traffic2\K4\A0.001_\T0.7\M3\Traffic2-Mask.mp4,Data-Processing\Raw-Data\OpenCV\M3\120p\Traffic2\Traffic2-Mask.mp4,Data-Processing\Raw-Data\Otsu\M3\120p\Traffic2\Traffic2-Mask.mp4,0.4606,0.1378,0.717,0.6209,0.1055,0.6988,5
120p,Traffic2,K4,A0.001_,T0.7,M4,Data-Processing\Raw-Data\Param-Sweep\120p\Traffic2\K4\A0.001_\T0.7\M4\Traffic2-Mask.mp4,Data-Processing\Raw-Data\OpenCV\M4\120p\Traffic2\Traffic2-Mask.mp4,Data-Processing\Raw-Data\Otsu\M4\120p\Traffic2\Traffic2-Mask.mp4,0.5006,0.1405,0.7609,0.6863,0.0981,0.7636,5
120p,Traffic2,K4,A0.001_,T0.7,M5,Data-Processing\Raw-Data\Param-Sweep\120p\Traffic2\K4\A0.001_\T0.7\M5\Traffic2-Mask.mp4,Data-Processing\Raw-Data\OpenCV\M5\120p\Traffic2\Traffic2-Mask.mp4,Data-Processing\Raw-Data\Otsu\M5\120p\Traffic2\Traffic2-Mask.mp4,0.5134,0.1481,0.7629,0.7042,0.1004,0.7985,5
120p,Traffic2,K4,A0.001_,T0.9,M3,Data-Processing\Raw-Data\Param-Sweep\120p\Traffic2\K4\A0.001_\T0.9\M3\Traffic2-Mask.mp4,Data-Processing\Raw-Data\OpenCV\M3\120p\Traffic2\Traffic2-Mask.mp4,Data-Processing\Raw-Data\Otsu\M3\120p\Traffic2\Traffic2-Mask.mp4,0.5476,0.1567,0.8385,0.6769,0.0905,0.749,5
120p,Traffic2,K4,A0.001_,T0.9,M4,Data-Processing\Raw-Data\Param-Sweep\120p\Traffic2\K4\A0.001_\T0.9\M4\Traffic2-Mask.mp4,Data-Processing\Raw-Data\OpenCV\M4\120p\Traffic2\Traffic2-Mask.mp4,Data-Processing\Raw-Data\Otsu\M4\120p\Traffic2\Traffic2-Mask.mp4,0.6049,0.1207,0.81,0.7722,0.0393,0.792,5
120p,Traffic2,K4,A0.001_,T0.9,M5,Data-Processing\Raw-Data\Param-Sweep\120p\Traffic2\K4\A0.001_\T0.9\M5\Traffic2-Mask.mp4,Data-Processing\Raw-Data\OpenCV\M5\120p\Traffic2\Traffic2-Mask.mp4,Data-Processing\Raw-Data\Otsu\M5\120p\Traffic2\Traffic2-Mask.mp4,0.6247,0.1285,0.8667,0.796,0.0417,0.8236,5
120p,Traffic2,K4,A0.01_,T0.5,M3,Data-Processing\Raw-Data\Param-Sweep\120p\Traffic2\K4\A0.01_\T0.5\M3\Traffic2-Mask.mp4,Data-Processing\Raw-Data\OpenCV\M3\120p\Traffic2\Traffic2-Mask.mp4,Data-Processing\Raw-Data\Otsu\M3\120p\Traffic2\Traffic2-Mask.mp4,0.6765,0.117,0.8411,0.7859,0.0134,0.7433,5
120p,Traffic2,K4,A0.01_,T0.5,M4,Data-Processing\Raw-Data\Param-Sweep\120p\Traffic2\K4\A0.01_\T0.5\M4\Traffic2-Mask.mp4,Data-Processing\Raw-Data\OpenCV\M4\120p\Traffic2\Traffic2-Mask.mp4,Data-Processing\Raw-Data\Otsu\M4\120p\Traffic2\Traffic2-Mask.mp4,0.687,0.1202,0.8331,0.8497,0.0073,0.8182,5
120p,Traffic2,K4,A0.01_,T0.5,M5,Data-Processing\Raw-Data\Param-Sweep\120p\Traffic2\K4\A0.01_\T0.5\M5\Traffic2-Mask.mp4,Data-Processing\Raw-Data\OpenCV\M5\120p\Traffic2\Traffic2-Mask.mp4,Data-Processing\Raw-Data\Otsu\M5\120p\Traffic2\Traffic2-Mask.mp4,0.7072,0.1266,0.88,0.8736,0.0066,0.843,5
120p,Traffic2,K4,A0.01_,T0.7,M3,Data-Processing\Raw-Data\Param-Sweep\120p\Traffic2\K4\A0.01_\T0.7\M3\Traffic2-Mask.mp4,Data-Processing\Raw-Data\OpenCV\M3\120p\Traffic2\Traffic2-Mask.mp4,Data-Processing\Raw-Data\Otsu\M3\120p\Traffic2\Traffic2-Mask.mp4,0.6969,0.1224,0.8509,0.7952,0.0113,0.7409,5
120p,Traffic2,K4,A0.01_,T0.7,M4,Data-Processing\Raw-Data\Param-Sweep\120p\Traffic2\K4\A0.01_\T0.7\M4\Traffic2-Mask.mp4,Data-Processing\Raw-Data\OpenCV\M4\120p\Traffic2\Traffic2-Mask.mp4,Data-Processing\Raw-Data\Otsu\M4\120p\Traffic2\Traffic2-Mask.mp4,0.7125,0.1278,0.8615,0.8695,0.0048,0.8391,5
120p,Traffic2,K4,A0.01_,T0.7,M5,Data-Processing\Raw-Data\Param-Sweep\120p\Traffic2\K4\A0.01_\T0.7\M5\Traffic2-Mask.mp4,Data-Processing\Raw-Data\OpenCV\M5\120p\Traffic2\Traffic2-Mask.mp4,Data-Processing\Raw-Data\Otsu\M5\120p\Traffic2\Traffic2-Mask.mp4,0.7373,0.1365,0.9104,0.8982,0.0036,0.8778,5
120p,Traffic2,K4,A0.01_,T0.9,M3,Data-Processing\Raw-Data\Param-Sweep\120p\Traffic2\K4\A0.01_\T0.9\M3\Traffic2-Mask.mp4,Data-Processing\Raw-Data\OpenCV\M3\120p\Traffic2\Traffic2-Mask.mp4,Data-Processing\Raw-Data\Otsu\M3\120p\Traffic2\Traffic2-Mask.mp4,0.7149,0.1288,0.862,0.8145,0.0093,0.7657,5
120p,Traffic2,K4,A0.01_,T0.9,M4,Data-Processing\Raw-Data\Param-Sweep\120p\Traffic2\K4\A0.01_\T0.9\M4\Traffic2-Mask.mp4,Data-Processing\Raw-Data\OpenCV\M4\120p\Traffic2\Traffic2-Mask.mp4,Data-Processing\Raw-Data\Otsu\M4\120p\Traffic2\Traffic2-Mask.mp4,0.7198,0.1305,0.8673,0.891,0.0036,0.8674,5
120p,Traffic2,K4,A0.01_,T0.9,M5,Data-Processing\Raw-Data\Param-Sweep\120p\Traffic2\K4\A0.01_\T0.9\M5\Traffic2-Mask.mp4,Data-Processing\Raw-Data\OpenCV\M5\120p\Traffic2\Traffic2-Mask.mp4,Data-Processing\Raw-Data\Otsu\M5\120p\Traffic2\Traffic2-Mask.mp4,0.7512,0.1417,0.912,0.9203,0.0022,0.8884,5
120p,Traffic2,K4,A0.1_,T0.5,M3,Data-Processing\Raw-Data\Param-Sweep\120p\Traffic2\K4\A0.1_\T0.5\M3\Traffic2-Mask.mp4,Data-Processing\Raw-Data\OpenCV\M3\120p\Traffic2\Traffic2-Mask.mp4,Data-Processing\Raw-Data\Otsu\M3\120p\Traffic2\Traffic2-Mask.mp4,0.637,0.1026,0.7858,0.7604,0.0163,0.6971,5
120p,Traffic2,K4,A0.1_,T0.5,M4,Data-Processing\Raw-Data\Param-Sweep\120p\Traffic2\K4\A0.1_\T0.5\M4\Traffic2-Mask.mp4,Data-Processing\Raw-Data\OpenCV\M4\120p\Traffic2\Traffic2-Mask.mp4,Data-Processing\Raw-Data\Otsu\M4\120p\Traffic2\Traffic2-Mask.mp4,0.6829,0.117,0.8572,0.8654,0.0052,0.8229,5
120p,Traffic2,K4,A0.1_,T0.5,M5,Data-Processing\Raw-Data\Param-Sweep\120p\Traffic2\K4\A0.1_\T0.5\M5\Traffic2-Mask.mp4,Data-Processing\Raw-Data\OpenCV\M5\120p\Traffic2\Traffic2-Mask.mp4,Data-Processing\Raw-Data\Otsu\M5\120p\Traffic2\Traffic2-Mask.mp4,0.6927,0.1203,0.8657,0.9025,0.0027,0.8755,5
120p,Traffic2,K4,A0.1_,T0.7,M3,Data-Processing\Raw-Data\Param-Sweep\120p\Traffic2\K4\A0.1_\T0.7\M3\Traffic2-Mask.mp4,Data-Processing\Raw-Data\OpenCV\M3\120p\Traffic2\Traffic2-Mask.mp4,Data-Processing\Raw-Data\Otsu\M3\120p\Traffic2\Traffic2-Mask.mp4,0.6688,0.1134,0.8376,0.7876,0.0131,0.7629,5
120p,Traffic2,K4,A0.1_,T0.7,M4,Data-Processing\Raw-Data\Param-Sweep\120p\Traffic2\K4\A0.1_\T0.7\M4\Traffic2-Mask.mp4,Data-Processing\Raw-Data\OpenCV\M4\120p\Traffic2\Traffic2-Mask.mp4,Data-Processing\Raw-Data\Otsu\M4\120p\Traffic2\Traffic2-Mask.mp4,0.701,0.1243,0.8572,0.8848,0.0041,0.879,5
120p,Traffic2,K4,A0.1_,T0.7,M5,Data-Processing\Raw-Data\Param-Sweep\120p\Traffic2\K4\A0.1_\T0.7\M5\Traffic2-Mask.mp4,Data-Processing\Raw-Data\OpenCV\M5\120p\Traffic2\Traffic2-Mask.mp4,Data-Processing\Raw-Data\Otsu\M5\120p\Traffic2\Traffic2-Mask.mp4,0.711,0.1274,0.8823,0.9267,0.0017,0.9214,5
120p,Traffic2,K4,A0.1_,T0.9,M3,Data-Processing\Raw-Data\Param-Sweep\120p\Traffic2\K4\A0.1_\T0.9\M3\Traffic2-Mask.mp4,Data-Processing\Raw-Data\OpenCV\M3\120p\Traffic2\Traffic2-Mask.mp4,Data-Processing\Raw-Data\Otsu\M3\120p\Traffic2\Traffic2-Mask.mp4,0.6947,0.122,0.8382,0.8147,0.0096,0.7892,5
120p,Traffic2,K4,A0.1_,T0.9,M4,Data-Processing\Raw-Data\Param-Sweep\120p\Traffic2\K4\A0.1_\T0.9\M4\Traffic2-Mask.mp4,Data-Processing\Raw-Data\OpenCV\M4\120p\Traffic2\Traffic2-Mask.mp4,Data-Processing\Raw-Data\Otsu\M4\120p\Traffic2\Traffic2-Mask.mp4,0.7139,0.1285,0.8572,0.9003,0.0029,0.879,5
120p,Traffic2,K4,A0.1_,T0.9,M5,Data-Processing\Raw-Data\Param-Sweep\120p\Traffic2\K4\A0.1_\T0.9\M5\Traffic2-Mask.mp4,Data-Processing\Raw-Data\OpenCV\M5\120p\Traffic2\Traffic2-Mask.mp4,Data-Processing\Raw-Data\Otsu\M5\120p\Traffic2\Traffic2-Mask.mp4,0.7256,0.1324,0.8823,0.944,0.0011,0.9317,5
240p,Traffic2,K2,A0.001_,T0.5,M3,Data-Processing\Raw-Data\Param-Sweep\240p\Traffic2\K2\A0.001_\T0.5\M3\Traffic2-Mask.mp4,Data-Processing\Raw-Data\OpenCV\M3\240p\Traffic2\Traffic2-Mask.mp4,Data-Processing\Raw-Data\Otsu\M3\240p\Traffic2\Traffic2-Mask.mp4,0.1949,0.022,0.2897,0.398,0.1033,0.3085,5
240p,Traffic2,K2,A0.001_,T0.5,M4,Data-Processing\Raw-Data\Param-Sweep\240p\Traffic2\K2\A0.001_\T0.5\M4\Traffic2-Mask.mp4,Data-Processing\Raw-Data\OpenCV\M4\240p\Traffic2\Traffic2-Mask.mp4,Data-Processing\Raw-Data\Otsu\M4\240p\Traffic2\Traffic2-Mask.mp4,0.351,0.0703,0.5172,0.5412,0.0894,0.5439,5
240p,Traffic2,K2,A0.001_,T0.5,M5,Data-Processing\Raw-Data\Param-Sweep\240p\Traffic2\K2\A0.001_\T0.5\M5\Traffic2-Mask.mp4,Data-Processing\Raw-Data\OpenCV\M5\240p\Traffic2\Traffic2-Mask.mp4,Data-Processing\Raw-Data\Otsu\M5\240p\Traffic2\Traffic2-Mask.mp4,0.3523,0.0711,0.5185,0.5431,0.09,0.5493,5
240p,Traffic2,K2,A0.001_,T0.7,M3,Data-Processing\Raw-Data\Param-Sweep\240p\Traffic2\K2\A0.001_\T0.7\M3\Traffic2-Mask.mp4,Data-Processing\Raw-Data\OpenCV\M3\240p\Traffic2\Traffic2-Mask.mp4,Data-Processing\Raw-Data\Otsu\M3\240p\Traffic2\Traffic2-Mask.mp4,0.2103,0.0256,0.3105,0.4132,0.101,0.3527,5
240p,Traffic2,K2,A0.001_,T0.7,M4,Data-Processing\Raw-Data\Param-Sweep\240p\Traffic2\K2\A0.001_\T0.7\M4\Traffic2-Mask.mp4,Data-Processing\Raw-Data\OpenCV\M4\240p\Traffic2\Traffic2-Mask.mp4,Data-Processing\Raw-Data\Otsu\M4\240p\Traffic2\Traffic2-Mask.mp4,0.3823,0.0838,0.5821,0.5675,0.09,0.6063,5
240p,Traffic2,K2,A0.001_,T0.7,M5,Data-Processing\Raw-Data\Param-Sweep\240p\Traffic2\K2\A0.001_\T0.7\M5\Traffic2-Mask.mp4,Data-Processing\Raw-Data\OpenCV\M5\240p\Traffic2\Traffic2-Mask.mp4,Data-Processing\Raw-Data\Otsu\M5\240p\Traffic2\Traffic2-Mask.mp4,0.3837,0.0846,0.5832,0.5723,0.0907,0.6123,5
240p,Traffic2,K2,A0.001_,T0.9,M3,Data-Processing\Raw-Data\Param-Sweep\240p\Traffic2\K2\A0.001_\T0.9\M3\Traffic2-Mask.mp4,Data-Processing\Raw-Data\OpenCV\M3\240p\Traffic2\Traffic2-Mask.mp4,Data-Processing\Raw-Data\Otsu\M3\240p\Traffic2\Traffic2-Mask.mp4,0.442,0.1219,0.6792,0.5616,0.0958,0.5843,5
240p,Traffic2,K2,A0.001_,T0.9,M4,Data-Processing\Raw-Data\Param-Sweep\240p\Traffic2\K2\A0.001_\T0.9\M4\Traffic2-Mask.mp4,Data-Processing\Raw-Data\OpenCV\M4\240p\Traffic2\Traffic2-Mask.mp4,Data-Processing\Raw-Data\Otsu\M4\240p\Traffic2\Traffic2-Mask.mp4,0.4915,0.1419,0.7775,0.6425,0.0969,0.6963,5
240p,Traffic2,K2,A0.001_,T0.9,M5,Data-Processing\Raw-Data\Param-Sweep\240p\Traffic2\K2\A0.001_\T0.9\M5\Traffic2-Mask.mp4,Data-Processing\Raw-Data\OpenCV\M5\240p\Traffic2\Traffic2-Mask.mp4,Data-Processing\Raw-Data\Otsu\M5\240p\Traffic2\Traffic2-Mask.mp4,0.4931,0.1431,0.7783,0.6651,0.1014,0.7296,5
240p,Traffic2,K2,A0.01_,T0.5,M3,Data-Processing\Raw-Data\Param-Sweep\240p\Traffic2\K2\A0.01_\T0.5\M3\Traffic2-Mask.mp4,Data-Processing\Raw-Data\OpenCV\M3\240p\Traffic2\Traffic2-Mask.mp4,Data-Processing\Raw-Data\Otsu\M3\240p\Traffic2\Traffic2-Mask.mp4,0.6333,0.1133,0.8268,0.6894,0.0342,0.661,5
240p,Traffic2,K2,A0.01_,T0.5,M4,Data-Processing\Raw-Data\Param-Sweep\240p\Traffic2\K2\A0.01_\T0.5\M4\Traffic2-Mask.mp4,Data-Processing\Raw-Data\OpenCV\M4\240p\Traffic2\Traffic2-Mask.mp4,Data-Processing\Raw-Data\Otsu\M4\240p\Traffic2\Traffic2-Mask.mp4,0.6513,0.1171,0.8429,0.77,0.0238,0.7566,5
240p,Traffic2,K2,A0.01_,T0.5,M5,Data-Processing\Raw-Data\Param-Sweep\240p\Traffic2\K2\A0.01_\T0.5\M5\Traffic2-Mask.mp4,Data-Processing\Raw-Data\OpenCV\M5\240p\Traffic2\Traffic2-Mask.mp4,Data-Processing\Raw-Data\Otsu\M5\240p\Traffic2\Traffic2-Mask.mp4,0.6559,0.1191,0.8522,0.8085,0.0211,0.8064,5
240p,Traffic2,K2,A0.01_,T0.7,M3,Data-Processing\Raw-Data\Param-Sweep\240p\Traffic2\K2\A0.01_\T0.7\M3\Traffic2-Mask.mp4,Data-Processing\Raw-Data\OpenCV\M3\240p\Traffic2\Traffic2-Mask.mp4,Data-Processing\Raw-Data\Otsu\M3\240p\Traffic2\Traffic2-Mask.mp4,0.6497,0.1137,0.8318,0.7037,0.0281,0.665,5
240p,Traffic2,K2,A0.01_,T0.7,M4,Data-Processing\Raw-Data\Param-Sweep\240p\Traffic2\K2\A0.01_\T0.7\M4\Traffic2-Mask.mp4,Data-Processing\Raw-Data\OpenCV\M4\240p\Traffic2\Traffic2-Mask.mp4,Data-Processing\Raw-Data\Otsu\M4\240p\Traffic2\Traffic2-Mask.mp4,0.6699,0.1176,0.8495,0.7864,0.017,0.7569,5
240p,Traffic2,K2,A0.01_,T0.7,M5,Data-Processing\Raw-Data\Param-Sweep\240p\Traffic2\K2\A0.01_\T0.7\M5\Traffic2-Mask.mp4,Data-Processing\Raw-Data\OpenCV\M5\240p\Traffic2\Traffic2-Mask.mp4,Data-Processing\Raw-Data\Otsu\M5\240p\Traffic2\Traffic2-Mask.mp4,0.675,0.1196,0.8593,0.826,0.0138,0.8066,5
240p,Traffic2,K2,A0.01_,T0.9,M3,Data-Processing\Raw-Data\Param-Sweep\240p\Traffic2\K2\A0.01_\T0.9\M3\Traffic2-Mask.mp4,Data-Processing\Raw-Data\OpenCV\M3\240p\Traffic2\Traffic2-Mask.mp4,Data-Processing\Raw-Data\Otsu\M3\240p\Traffic2\Traffic2-Mask.mp4,0.6997,0.1237,0.8564,0.7456,0.0166,0.6791,5
240p,Traffic2,K2,A0.01_,T0.9,M4,Data-Processing\Raw-Data\Param-Sweep\240p\Traffic2\K2\A0.01_\T0.9\M4\Traffic2-Mask.mp4,Data-Processing\Raw-Data\OpenCV\M4\240p\Traffic2\Traffic2-Mask.mp4,Data-Processing\Raw-Data\Otsu\M4\240p\Traffic2\Traffic2-Mask.mp4,0.7092,0.1267,0.8724,0.825,0.0084,0.7758,5
240p,Traffic2,K2,A0.01_,T0.9,M5,Data-Processing\Raw-Data\Param-Sweep\240p\Traffic2\K2\A0.01_\T0.9\M5\Traffic2-Mask.mp4,Data-Processing\Raw-Data\OpenCV\M5\240p\Traffic2\Traffic2-Mask.mp4,Data-Processing\Raw-Data\Otsu\M5\240p\Traffic2\Traffic2-Mask.mp4,0.715,0.1287,0.8819,0.8647,0.0055,0.8256,5
240p,Traffic2,K2,A0.1_,T0.5,M3,Data-Processing\Raw-Data\Param-Sweep\240p\Traffic2\K2\A0.1_\T0.5\M3\Traffic2-Mask.mp4,Data-Processing\Raw-Data\OpenCV\M3\240p\Traffic2\Traffic2-Mask.mp4,Data-Processing\Raw-Data\Otsu\M3\240p\Traffic2\Traffic2-Mask.mp4,0.6371,0.1044,0.798,0.7037,0.024,0.6511,5
240p,Traffic2,K2,A0.1_,T0.5,M4,Data-Processing\Raw-Data\Param-Sweep\240p\Traffic2\K2\A0.1_\T0.5\M4\Traffic2-Mask.mp4,Data-Processing\Raw-Data\OpenCV\M4\240p\Traffic2\Traffic2-Mask.mp4,Data-Processing\Raw-Data\Otsu\M4\240p\Traffic2\Traffic2-Mask.mp4,0.6795,0.117,0.8628,0.809,0.0103,0.7824,5
240p,Traffic2,K2,A0.1_,T0.5,M5,Data-Processing\Raw-Data\Param-Sweep\240p\Traffic2\K2\A0.1_\T0.5\M5\Traffic2-Mask.mp4,Data-Processing\Raw-Data\OpenCV\M5\240p\Traffic2\Traffic2-Mask.mp4,Data-Processing\Raw-Data\Otsu\M5\240p\Traffic2\Traffic2-Mask.mp4,0.6846,0.1187,0.8667,0.8504,0.0069,0.8337,5
240p,Traffic2,K2,A0.1_,T0.7,M3,Data-Processing\Raw-Data\Param-Sweep\240p\Traffic2\K2\A0.1_\T0.7\M3\Traffic2-Mask.mp4,Data-Processing\Raw-Data\OpenCV\M3\240p\Traffic2\Traffic2-Mask.mp4,Data-Processing\Raw-Data\Otsu\M3\240p\Traffic2\Traffic2-Mask.mp4,0.6684,0.1135,0.8441,0.73,0.0194,0.6812,5
240p,Traffic2,K2,A0.1_,T0.7,M4,Data-Processing\Raw-Data\Param-Sweep\240p\Traffic2\K2\A0.1_\T0.7\M4\Traffic2-Mask.mp4,Data-Processing\Raw-Data\OpenCV\M4\240p\Traffic2\Traffic2-Mask.mp4,Data-Processing\Raw-Data\Otsu\M4\240p\Traffic2\Traffic2-Mask.mp4,0.7031,0.1247,0.8694,0.8323,0.0075,0.81,5
240p,Traffic2,K2,A0.1_,T0.7,M5,Data-Processing\Raw-Data\Param-Sweep\240p\Traffic2\K2\A0.1_\T0.7\M5\Traffic2-Mask.mp4,Data-Processing\Raw-Data\OpenCV\M5\240p\Traffic2\Traffic2-Mask.mp4,Data-Processing\Raw-Data\Otsu\M5\240p\Traffic2\Traffic2-Mask.mp4,0.7095,0.1268,0.8877,0.8753,0.0044,0.866,5
240p,Traffic2,K2,A0.1_,T0.9,M3,Data-Processing\Raw-Data\Param-Sweep\240p\Traffic2\K2\A0.1_\T0.9\M3\Traffic2-Mask.mp4,Data-Processing\Raw-Data\OpenCV\M3\240p\Traffic2\Traffic2-Mask.mp4,Data-Processing\Raw-Data\Otsu\M3\240p\Traffic2\Traffic2-Mask.mp4,0.6919,0.1211,0.8442,0.758,0.0152,0.7146,5
240p,Traffic2,K2,A0.1_,T0.9,M4,Data-Processing\Raw-Data\Param-Sweep\240p\Traffic2\K2\A0.1_\T0.9\M4\Traffic2-Mask.mp4,Data-Processing\Raw-Data\OpenCV\M4\240p\Traffic2\Traffic2-Mask.mp4,Data-Processing\Raw-Data\Otsu\M4\240p\Traffic2\Traffic2-Mask.mp4,0.7167,0.1293,0.8701,0.853,0.0057,0.8236,5
240p,Traffic2,K2,A0.1_,T0.9,M5,Data-Processing\Raw-Data\Param-Sweep\240p\Traffic2\K2\A0.1_\T0.9\M5\Traffic2-Mask.mp4,Data-Processing\Raw-Data\OpenCV\M5\240p\Traffic2\Traffic2-Mask.mp4,Data-Processing\Raw-Data\Otsu\M5\240p\Traffic2\Traffic2-Mask.mp4,0.7254,0.1322,0.8891,0.9008,0.0027,0.8836,5
240p,Traffic2,K3,A0.001_,T0.5,M3,Data-Processing\Raw-Data\Param-Sweep\240p\Traffic2\K3\A0.001_\T0.5\M3\Traffic2-Mask.mp4,Data-Processing\Raw-Data\OpenCV\M3\240p\Traffic2\Traffic2-Mask.mp4,Data-Processing\Raw-Data\Otsu\M3\240p\Traffic2\Traffic2-Mask.mp4,0.3595,0.1055,0.2897,0.5066,0.1054,0.5724,5
240p,Traffic2,K3,A0.001_,T0.5,M4,Data-Processing\Raw-Data\Param-Sweep\240p\Traffic2\K3\A0.001_\T0.5\M4\Traffic2-Mask.mp4,Data-Processing\Raw-Data\OpenCV\M4\240p\Traffic2\Traffic2-Mask.mp4,Data-Processing\Raw-Data\Otsu\M4\240p\Traffic2\Traffic2-Mask.mp4,0.4333,0.1122,0.5172,0.602,0.0916,0.6914,5
240p,Traffic2,K3,A0.001_,T0.5,M5,Data-Processing\Raw-Data\Param-Sweep\240p\Traffic2\K3\A0.001_\T0.5\M5\Traffic2-Mask.mp4,Data-Processing\Raw-Data\OpenCV\M5\240p\Traffic2\Traffic2-Mask.mp4,Data-Processing\Raw-Data\Otsu\M5\240p\Traffic2\Traffic2-Mask.mp4,0.4354,0.1138,0.5185,0.6149,0.0956,0.7253,5
240p,Traffic2,K3,A0.001_,T0.7,M3,Data-Processing\Raw-Data\Param-Sweep\240p\Traffic2\K3\A0.001_\T0.7\M3\Traffic2-Mask.mp4,Data-Processing\Raw-Data\OpenCV\M3\240p\Traffic2\Traffic2-Mask.mp4,Data-Processing\Raw-Data\Otsu\M3\240p\Traffic2\Traffic2-Mask.mp4,0.4313,0.1216,0.5503,0.5628,0.0965,0.6075,5
240p,Traffic2,K3,A0.001_,T0.7,M4,Data-Processing\Raw-Data\Param-Sweep\240p\Traffic2\K3\A0.001_\T0.7\M4\Traffic2-Mask.mp4,Data-Processing\Raw-Data\OpenCV\M4\240p\Traffic2\Traffic2-Mask.mp4,Data-Processing\Raw-Data\Otsu\M4\240p\Traffic2\Traffic2-Mask.mp4,0.5194,0.1354,0.7784,0.6693,0.0816,0.7492,5
240p,Traffic2,K3,A0.001_,T0.7,M5,Data-Processing\Raw-Data\Param-Sweep\240p\Traffic2\K3\A0.001_\T0.7\M5\Traffic2-Mask.mp4,Data-Processing\Raw-Data\OpenCV\M5\240p\Traffic2\Traffic2-Mask.mp4,Data-Processing\Raw-Data\Otsu\M5\240p\Traffic2\Traffic2-Mask.mp4,0.5226,0.1373,0.7818,0.6942,0.0848,0.79,5
240p,Traffic2,K3,A0.001_,T0.9,M3,Data-Processing\Raw-Data\Param-Sweep\240p\Traffic2\K3\A0.001_\T0.9\M3\Traffic2-Mask.mp4,Data-Processing\Raw-Data\OpenCV\M3\240p\Traffic2\Traffic2-Mask.mp4,Data-Processing\Raw-Data\Otsu\M3\240p\Traffic2\Traffic2-Mask.mp4,0.5337,0.1705,0.8229,0.6209,0.0973,0.6739,5
240p,Traffic2,K3,A0.001_,T0.9,M4,Data-Processing\Raw-Data\Param-Sweep\240p\Traffic2\K3\A0.001_\T0.9\M4\Traffic2-Mask.mp4,Data-Processing\Raw-Data\OpenCV\M4\240p\Traffic2\Traffic2-Mask.mp4,Data-Processing\Raw-Data\Otsu\M4\240p\Traffic2\Traffic2-Mask.mp4,0.5788,0.1465,0.8558,0.712,0.0711,0.7662,5
240p,Traffic2,K3,A0.001_,T0.9,M5,Data-Processing\Raw-Data\Param-Sweep\240p\Traffic2\K3\A0.001_\T0.9\M5\Traffic2-Mask.mp4,Data-Processing\Raw-Data\OpenCV\M5\240p\Traffic2\Traffic2-Mask.mp4,Data-Processing\Raw-Data\Otsu\M5\240p\Traffic2\Traffic2-Mask.mp4,0.585,0.1497,0.8621,0.7417,0.0746,0.8089,5
240p,Traffic2,K3,A0.01_,T0.5,M3,Data-Processing\Raw-Data\Param-Sweep\240p\Traffic2\K3\A0.01_\T0.5\M3\Traffic2-Mask.mp4,Data-Processing\Raw-Data\OpenCV\M3\240p\Traffic2\Traffic2-Mask.mp4,Data-Processing\Raw-Data\Otsu\M3\240p\Traffic2\Traffic2-Mask.mp4,0.6813,0.1219,0.8695,0.7254,0.0231,0.688,5
240p,Traffic2,K3,A0.01_,T0.5,M4,Data-Processing\Raw-Data\Param-Sweep\240p\Traffic2\K3\A0.01_\T0.5\M4\Traffic2-Mask.mp4,Data-Processing\Raw-Data\OpenCV\M4\240p\Traffic2\Traffic2-Mask.mp4,Data-Processing\Raw-Data\Otsu\M4\240p\Traffic2\Traffic2-Mask.mp4,0.6956,0.1239,0.8721,0.8103,0.0114,0.7815,5
240p,Traffic2,K3,A0.01_,T0.5,M5,Data-Processing\Raw-Data\Param-Sweep\240p\Traffic2\K3\A0.01_\T0.5\M5\Traffic2-Mask.mp4,Data-Processing\Raw-Data\OpenCV\M5\240p\Traffic2\Traffic2-Mask.mp4,Data-Processing\Raw-Data\Otsu\M5\240p\Traffic2\Traffic2-Mask.mp4,0.703,0.1265,0.8902,0.8502,0.0086,0.8326,5
240p,Traffic2,K3,A0.01_,T0.7,M3,Data-Processing\Raw-Data\Param-Sweep\240p\Traffic2\K3\A0.01_\T0.7\M3\Traffic2-Mask.mp4,Data-Processing\Raw-Data\OpenCV\M3\240p\Traffic2\Traffic2-Mask.mp4,Data-Processing\Raw-Data\Otsu\M3\240p\Traffic2\Traffic2-Mask.mp4,0.7091,0.1273,0.8836,0.7461,0.0171,0.694,5
240p,Traffic2,K3,A0.01_,T0.7,M4,Data-Processing\Raw-Data\Param-Sweep\240p\Traffic2\K3\A0.01_\T0.7\M4\Traffic2-Mask.mp4,Data-Processing\Raw-Data\OpenCV\M4\240p\Traffic2\Traffic2-Mask.mp4,Data-Processing\Raw-Data\Otsu\M4\240p\Traffic2\Traffic2-Mask.mp4,0.7155,0.1289,0.8908,0.826,0.0084,0.7874,5
240p,Traffic2,K3,A0.01_,T0.7,M5,Data-Processing\Raw-Data\Param-Sweep\240p\Traffic2\K3\A0.01_\T0.7\M5\Traffic2-Mask.mp4,Data-Processing\Raw-Data\OpenCV\M5\240p\Traffic2\Traffic2-Mask.mp4,Data-Processing\Raw-Data\Otsu\M5\240p\Traffic2\Traffic2-Mask.mp4,0.7265,0.1327,0.9097,0.8693,0.0053,0.8417,5
240p,Traffic2,K3,A0.01_,T0.9,M3,Data-Processing\Raw-Data\Param-Sweep\240p\Traffic2\K3\A0.01_\T0.9\M3\Traffic2-Mask.mp4,Data-Processing\Raw-Data\OpenCV\M3\240p\Traffic2\Traffic2-Mask.mp4,Data-Processing\Raw-Data\Otsu\M3\240p\Traffic2\Traffic2-Mask.mp4,0.7241,0.1321,0.8963,0.7602,0.0147,0.6991,5
240p,Traffic2,K3,A0.01_,T0.9,M4,Data-Processing\Raw-Data\Param-Sweep\240p\Traffic2\K3\A0.01_\T0.9\M4\Traffic2-Mask.mp4,Data-Processing\Raw-Data\OpenCV\M4\240p\Traffic2\Traffic2-Mask.mp4,Data-Processing\Raw-Data\Otsu\M4\240p\Traffic2\Traffic2-Mask.mp4,0.7284,0.1335,0.9016,0.8417,0.0067,0.8008,5
240p,Traffic2,K3,A0.01_,T0.9,M5,Data-Processing\Raw-Data\Param-Sweep\240p\Traffic2\K3\A0.01_\T0.9\M5\Traffic2-Mask.mp4,Data-Processing\Raw-Data\OpenCV\M5\240p\Traffic2\Traffic2-Mask.mp4,Data-Processing\Raw-Data\Otsu\M5\240p\Traffic2\Traffic2-Mask.mp4,0.7426,0.1385,0.9238,0.8875,0.0037,0.8623,5
240p,Traffic2,K3,A0.1_,T0.5,M3,Data-Processing\Raw-Data\Param-Sweep\240p\Traffic2\K3\A0.1_\T0.5\M3\Traffic2-Mask.mp4,Data-Processing\Raw-Data\OpenCV\M3\240p\Traffic2\Traffic2-Mask.mp4,Data-Processing\Raw-Data\Otsu\M3\240p\Traffic2\Traffic2-Mask.mp4,0.6421,0.1057,0.8095,0.7131,0.0226,0.6554,5
240p,Traffic2,K3,A0.1_,T0.5,M4,Data-Processing\Raw-Data\Param-Sweep\240p\Traffic2\K3\A0.1_\T0.5\M4\Traffic2-Mask.mp4,Data-Processing\Raw-Data\OpenCV\M4\240p\Traffic2\Traffic2-Mask.mp4,Data-Processing\Raw-Data\Otsu\M4\240p\Traffic2\Traffic2-Mask.mp4,0.6852,0.1187,0.8662,0.818,0.009,0.7881,5
240p,Traffic2,K3,A0.1_,T0.5,M5,Data-Processing\Raw-Data\Param-Sweep\240p\Traffic2\K3\A0.1_\T0.5\M5\Traffic2-Mask.mp4,Data-Processing\Raw-Data\OpenCV\M5\240p\Traffic2\Traffic2-Mask.mp4,Data-Processing\Raw-Data\Otsu\M5\240p\Traffic2\Traffic2-Mask.mp4,0.6908,0.1205,0.8759,0.8611,0.0057,0.8391,5
240p,Traffic2,K3,A0.1_,T0.7,M3,Data-Processing\Raw-Data\Param-Sweep\240p\Traffic2\K3\A0.1_\T0.7\M3\Traffic2-Mask.mp4,Data-Processing\Raw-Data\OpenCV\M3\240p\Traffic2\Traffic2-Mask.mp4,Data-Processing\Raw-Data\Otsu\M3\240p\Traffic2\Traffic2-Mask.mp4,0.6722,0.1145,0.8427,0.7398,0.0179,0.687,5
240p,Traffic2,K3,A0.1_,T0.7,M4,Data-Processing\Raw-Data\Param-Sweep\240p\Traffic2\K3\A0.1_\T0.7\M4\Traffic2-Mask.mp4,Data-Processing\Raw-Data\OpenCV\M4\240p\Traffic2\Traffic2-Mask.mp4,Data-Processing\Raw-Data\Otsu\M4\240p\Traffic2\Traffic2-Mask.mp4,0.7029,0.1245,0.8701,0.8373,0.0071,0.8125,5
240p,Traffic2,K3,A0.1_,T0.7,M5,Data-Processing\Raw-Data\Param-Sweep\240p\Traffic2\K3\A0.1_\T0.7\M5\Traffic2-Mask.mp4,Data-Processing\Raw-Data\OpenCV\M5\240p\Traffic2\Traffic2-Mask.mp4,Data-Processing\Raw-Data\Otsu\M5\240p\Traffic2\Traffic2-Mask.mp4,0.7104,0.127,0.8888,0.8832,0.0039,0.8682,5
240p,Traffic2,K3,A0.1_,T0.9,M3,Data-Processing\Raw-Data\Param-Sweep\240p\Traffic2\K3\A0.1_\T0.9\M3\Traffic2-Mask.mp4,Data-Processing\Raw-Data\OpenCV\M3\240p\Traffic2\Traffic2-Mask.mp4,Data-Processing\Raw-Data\Otsu\M3\240p\Traffic2\Traffic2-Mask.mp4,0.6943,0.1219,0.8441,0.7625,0.0147,0.7206,5
240p,Traffic2,K3,A0.1_,T0.9,M4,Data-Processing\Raw-Data\Param-Sweep\240p\Traffic2\K3\A0.1_\T0.9\M4\Traffic2-Mask.mp4,Data-Processing\Raw-Data\OpenCV\M4\240p\Traffic2\Traffic2-Mask.mp4,Data-Processing\Raw-Data\Otsu\M4\240p\Traffic2\Traffic2-Mask.mp4,0.7182,0.1297,0.8712,0.8561,0.0054,0.8257,5
240p,Traffic2,K3,A0.1_,T0.9,M5,Data-Processing\Raw-Data\Param-Sweep\240p\Traffic2\K3\A0.1_\T0.9\M5\Traffic2-Mask.mp4,Data-Processing\Raw-Data\OpenCV\M5\240p\Traffic2\Traffic2-Mask.mp4,Data-Processing\Raw-Data\Otsu\M5\240p\Traffic2\Traffic2-Mask.mp4,0.7272,0.1329,0.8909,0.9042,0.0025,0.8863,5
240p,Traffic2,K4,A0.001_,T0.5,M3,Data-Processing\Raw-Data\Param-Sweep\240p\Traffic2\K4\A0.001_\T0.5\M3\Traffic2-Mask.mp4,Data-Processing\Raw-Data\OpenCV\M3\240p\Traffic2\Traffic2-Mask.mp4,Data-Processing\Raw-Data\Otsu\M3\240p\Traffic2\Traffic2-Mask.mp4,0.3738,0.1161,0.2897,0.5162,0.1068,0.5984,5
240p,Traffic2,K4,A0.001_,T0.5,M4,Data-Processing\Raw-Data\Param-Sweep\240p\Traffic2\K4\A0.001_\T0.5\M4\Traffic2-Mask.mp4,Data-Processing\Raw-Data\OpenCV\M4\240p\Traffic2\Traffic2-Mask.mp4,Data-Processing\Raw-Data\Otsu\M4\240p\Traffic2\Traffic2-Mask.mp4,0.4507,0.1126,0.5172,0.6155,0.0847,0.7017,5
240p,Traffic2,K4,A0.001_,T0.5,M5,Data-Processing\Raw-Data\Param-Sweep\240p\Traffic2\K4\A0.001_\T0.5\M5\Traffic2-Mask.mp4,Data-Processing\Raw-Data\OpenCV\M5\240p\Traffic2\Traffic2-Mask.mp4,Data-Processing\Raw-Data\Otsu\M5\240p\Traffic2\Traffic2-Mask.mp4,0.4526,0.114,0.5185,0.6304,0.0885,0.7375,5
240p,Traffic2,K4,A0.001_,T0.7,M3,Data-Processing\Raw-Data\Param-Sweep\240p\Traffic2\K4\A0.001_\T0.7\M3\Traffic2-Mask.mp4,Data-Processing\Raw-Data\OpenCV\M3\240p\Traffic2\Traffic2-Mask.mp4,Data-Processing\Raw-Data\Otsu\M3\240p\Traffic2\Traffic2-Mask.mp4,0.4835,0.1448,0.7606,0.594,0.0967,0.6308,5
240p,Traffic2,K4,A0.001_,T0.7,M4,Data-Processing\Raw-Data\Param-Sweep\240p\Traffic2\K4\A0.001_\T0.7\M4\Traffic2-Mask.mp4,Data-Processing\Raw-Data\OpenCV\M4\240p\Traffic2\Traffic2-Mask.mp4,Data-Processing\Raw-Data\Otsu\M4\240p\Traffic2\Traffic2-Mask.mp4,0.5351,0.1442,0.8042,0.6822,0.0828,0.7619,5
240p,Traffic2,K4,A0.001_,T0.7,M5,Data-Processing\Raw-Data\Param-Sweep\240p\Traffic2\K4\A0.001_\T0.7\M5\Traffic2-Mask.mp4,Data-Processing\Raw-Data\OpenCV\M5\240p\Traffic2\Traffic2-Mask.mp4,Data-Processing\Raw-Data\Otsu\M5\240p\Traffic2\Traffic2-Mask.mp4,0.5397,0.1469,0.807,0.7088,0.0867,0.8055,5
240p,Traffic2,K4,A0.001_,T0.9,M3,Data-Processing\Raw-Data\Param-Sweep\240p\Traffic2\K4\A0.001_\T0.9\M3\Traffic2-Mask.mp4,Data-Processing\Raw-Data\OpenCV\M3\240p\Traffic2\Traffic2-Mask.mp4,Data-Processing\Raw-Data\Otsu\M3\240p\Traffic2\Traffic2-Mask.mp4,0.5799,0.1538,0.8623,0.6523,0.0723,0.6924,5
240p,Traffic2,K4,A0.001_,T0.9,M4,Data-Processing\Raw-Data\Param-Sweep\240p\Traffic2\K4\A0.001_\T0.9\M4\Traffic2-Mask.mp4,Data-Processing\Raw-Data\OpenCV\M4\240p\Traffic2\Traffic2-Mask.mp4,Data-Processing\Raw-Data\Otsu\M4\240p\Traffic2\Traffic2-Mask.mp4,0.6433,0.1274,0.876,0.7592,0.0358,0.7777,5
240p,Traffic2,K4,A0.001_,T0.9,M5,Data-Processing\Raw-Data\Param-Sweep\240p\Traffic2\K4\A0.001_\T0.9\M5\Traffic2-Mask.mp4,Data-Processing\Raw-Data\OpenCV\M5\240p\Traffic2\Traffic2-Mask.mp4,Data-Processing\Raw-Data\Otsu\M5\240p\Traffic2\Traffic2-Mask.mp4,0.6514,0.1312,0.8969,0.7976,0.0339,0.8301,5
240p,Traffic2,K4,A0.01_,T0.5,M3,Data-Processing\Raw-Data\Param-Sweep\240p\Traffic2\K4\A0.01_\T0.5\M3\Traffic2-Mask.mp4,Data-Processing\Raw-Data\OpenCV\M3\240p\Traffic2\Traffic2-Mask.mp4,Data-Processing\Raw-Data\Otsu\M3\240p\Traffic2\Traffic2-Mask.mp4,0.7037,0.1257,0.8811,0.7446,0.0175,0.6947,5
240p,Traffic2,K4,A0.01_,T0.5,M4,Data-Processing\Raw-Data\Param-Sweep\240p\Traffic2\K4\A0.01_\T0.5\M4\Traffic2-Mask.mp4,Data-Processing\Raw-Data\OpenCV\M4\240p\Traffic2\Traffic2-Mask.mp4,Data-Processing\Raw-Data\Otsu\M4\240p\Traffic2\Traffic2-Mask.mp4,0.7108,0.1275,0.8855,0.8232,0.0088,0.7848,5
240p,Traffic2,K4,A0.01_,T0.5,M5,Data-Processing\Raw-Data\Param-Sweep\240p\Traffic2\K4\A0.01_\T0.5\M5\Traffic2-Mask.mp4,Data-Processing\Raw-Data\OpenCV\M5\240p\Traffic2\Traffic2-Mask.mp4,Data-Processing\Raw-Data\Otsu\M5\240p\Traffic2\Traffic2-Mask.mp4,0.72,0.1307,0.9038,0.8653,0.0059,0.8383,5
240p,Traffic2,K4,A0.01_,T0.7,M3,Data-Processing\Raw-Data\Param-Sweep\240p\Traffic2\K4\A0.01_\T0.7\M3\Traffic2-Mask.mp4,Data-Processing\Raw-Data\OpenCV\M3\240p\Traffic2\Traffic2-Mask.mp4,Data-Processing\Raw-Data\Otsu\M3\240p\Traffic2\Traffic2-Mask.mp4,0.7229,0.1313,0.8964,0.757,0.0151,0.7032,5
240p,Traffic2,K4,A0.01_,T0.7,M4,Data-Processing\Raw-Data\Param-Sweep\240p\Traffic2\K4\A0.01_\T0.7\M4\Traffic2-Mask.mp4,Data-Processing\Raw-Data\OpenCV\M4\240p\Traffic2\Traffic2-Mask.mp4,Data-Processing\Raw-Data\Otsu\M4\240p\Traffic2\Traffic2-Mask.mp4,0.7234,0.1314,0.8973,0.8335,0.0073,0.7949,5
240p,Traffic2,K4,A0.01_,T0.7,M5,Data-Processing\Raw-Data\Param-Sweep\240p\Traffic2\K4\A0.01_\T0.7\M5\Traffic2-Mask.mp4,Data-Processing\Raw-Data\OpenCV\M5\240p\Traffic2\Traffic2-Mask.mp4,Data-Processing\Raw-Data\Otsu\M5\240p\Traffic2\Traffic2-Mask.mp4,0.7365,0.136,0.9225,0.8769,0.0043,0.8498,5
240p,Traffic2,K4,A0.01_,T0.9,M3,Data-Processing\Raw-Data\Param-Sweep\240p\Traffic2\K4\A0.01_\T0.9\M3\Traffic2-Mask.mp4,Data-Processing\Raw-Data\OpenCV\M3\240p\Traffic2\Traffic2-Mask.mp4,Data-Processing\Raw-Data\Otsu\M3\240p\Traffic2\Traffic2-Mask.mp4,0.7313,0.1345,0.9073,0.7688,0.0135,0.7085,5
240p,Traffic2,K4,A0.01_,T0.9,M4,Data-Processing\Raw-Data\Param-Sweep\240p\Traffic2\K4\A0.01_\T0.9\M4\Traffic2-Mask.mp4,Data-Processing\Raw-Data\OpenCV\M4\240p\Traffic2\Traffic2-Mask.mp4,Data-Processing\Raw-Data\Otsu\M4\240p\Traffic2\Traffic2-Mask.mp4,0.7324,0.1348,0.9021,0.8507,0.0058,0.8073,5
240p,Traffic2,K4,A0.01_,T0.9,M5,Data-Processing\Raw-Data\Param-Sweep\240p\Traffic2\K4\A0.01_\T0.9\M5\Traffic2-Mask.mp4,Data-Processing\Raw-Data\OpenCV\M5\240p\Traffic2\Traffic2-Mask.mp4,Data-Processing\Raw-Data\Otsu\M5\240p\Traffic2\Traffic2-Mask.mp4,0.7482,0.1405,0.9262,0.8982,0.0029,0.8689,5
240p,Traffic2,K4,A0.1_,T0.5,M3,Data-Processing\Raw-Data\Param-Sweep\240p\Traffic2\K4\A0.1_\T0.5\M3\Traffic2-Mask.mp4,Data-Processing\Raw-Data\OpenCV\M3\240p\Traffic2\Traffic2-Mask.mp4,Data-Processing\Raw-Data\Otsu\M3\240p\Traffic2\Traffic2-Mask.mp4,0.6423,0.1056,0.8086,0.7146,0.0225,0.6579,5
240p,Traffic2,K4,A0.1_,T0.5,M4,Data-Processing\Raw-Data\Param-Sweep\240p\Traffic2\K4\A0.1_\T0.5\M4\Traffic2-Mask.mp4,Data-Processing\Raw-Data\OpenCV\M4\240p\Traffic2\Traffic2-Mask.mp4,Data-Processing\Raw-Data\Otsu\M4\240p\Traffic2\Traffic2-Mask.mp4,0.6847,0.1183,0.8671,0.8208,0.0088,0.7883,5
240p,Traffic2,K4,A0.1_,T0.5,M5,Data-Processing\Raw-Data\Param-Sweep\240p\Traffic2\K4\A0.1_\T0.5\M5\Traffic2-Mask.mp4,Data-Processing\Raw-Data\OpenCV\M5\240p\Traffic2\Traffic2-Mask.mp4,Data-Processing\Raw-Data\Otsu\M5\240p\Traffic2\Traffic2-Mask.mp4,0.6918,0.1207,0.8782,0.8658,0.0053,0.8412,5
240p,Traffic2,K4,A0.1_,T0.7,M3,Data-Processing\Raw-Data\Param-Sweep\240p\Traffic2\K4\A0.1_\T0.7\M3\Traffic2-Mask.mp4,Data-Processing\Raw-Data\OpenCV\M3\240p\Traffic2\Traffic2-Mask.mp4,Data-Processing\Raw-Data\Otsu\M3\240p\Traffic2\Traffic2-Mask.mp4,0.6729,0.1145,0.8408,0.7425,0.0176,0.6892,5
240p,Traffic2,K4,A0.1_,T0.7,M4,Data-Processing\Raw-Data\Param-Sweep\240p\Traffic2\K4\A0.1_\T0.7\M4\Traffic2-Mask.mp4,Data-Processing\Raw-Data\OpenCV\M4\240p\Traffic2\Traffic2-Mask.mp4,Data-Processing\Raw-Data\Otsu\M4\240p\Traffic2\Traffic2-Mask.mp4,0.7056,0.1253,0.8713,0.8426,0.0065,0.8185,5
240p,Traffic2,K4,A0.1_,T0.7,M5,Data-Processing\Raw-Data\Param-Sweep\240p\Traffic2\K4\A0.1_\T0.7\M5\Traffic2-Mask.mp4,Data-Processing\Raw-Data\OpenCV\M5\240p\Traffic2\Traffic2-Mask.mp4,Data-Processing\Raw-Data\Otsu\M5\240p\Traffic2\Traffic2-Mask.mp4,0.7141,0.1282,0.8904,0.8904,0.0033,0.8779,5
240p,Traffic2,K4,A0.1_,T0.9,M3,Data-Processing\Raw-Data\Param-Sweep\240p\Traffic2\K4\A0.1_\T0.9\M3\Traffic2-Mask.mp4,Data-Processing\Raw-Data\OpenCV\M3\240p\Traffic2\Traffic2-Mask.mp4,Data-Processing\Raw-Data\Otsu\M3\240p\Traffic2\Traffic2-Mask.mp4,0.6959,0.1225,0.8426,0.7649,0.0144,0.7252,5
240p,Traffic2,K4,A0.1_,T0.9,M4,Data-Processing\Raw-Data\Param-Sweep\240p\Traffic2\K4\A0.1_\T0.9\M4\Traffic2-Mask.mp4,Data-Processing\Raw-Data\OpenCV\M4\240p\Traffic2\Traffic2-Mask.mp4,Data-Processing\Raw-Data\Otsu\M4\240p\Traffic2\Traffic2-Mask.mp4,0.7195,0.1301,0.8717,0.858,0.0052,0.8257,5
240p,Traffic2,K4,A0.1_,T0.9,M5,Data-Processing\Raw-Data\Param-Sweep\240p\Traffic2\K4\A0.1_\T0.9\M5\Traffic2-Mask.mp4,Data-Processing\Raw-Data\OpenCV\M5\240p\Traffic2\Traffic2-Mask.mp4,Data-Processing\Raw-Data\Otsu\M5\240p\Traffic2\Traffic2-Mask.mp4,0.7289,0.1334,0.8909,0.907,0.0023,0.8863,5
360p,Traffic2,K2,A0.001_,T0.5,M3,Data-Processing\Raw-Data\Param-Sweep\360p\Traffic2\K2\A0.001_\T0.5\M3\Traffic2-Mask.mp4,Data-Processing\Raw-Data\OpenCV\M3\360p\Traffic2\Traffic2-Mask.mp4,Data-Processing\Raw-Data\Otsu\M3\360p\Traffic2\Traffic2-Mask.mp4,0.1948,0.0206,0.2896,0.4003,0.1022,0.3193,5
360p,Traffic2,K2,A0.001_,T0.5,M4,Data-Processing\Raw-Data\Param-Sweep\360p\Traffic2\K2\A0.001_\T0.5\M4\Traffic2-Mask.mp4,Data-Processing\Raw-Data\OpenCV\M4\360p\Traffic2\Traffic2-Mask.mp4,Data-Processing\Raw-Data\Otsu\M4\360p\Traffic2\Traffic2-Mask.mp4,0.3231,0.0553,0.4787,0.5128,0.0865,0.4821,5
360p,Traffic2,K2,A0.001_,T0.5,M5,Data-Processing\Raw-Data\Param-Sweep\360p\Traffic2\K2\A0.001_\T0.5\M5\Traffic2-Mask.mp4,Data-Processing\Raw-Data\OpenCV\M5\360p\Traffic2\Traffic2-Mask.mp4,Data-Processing\Raw-Data\Otsu\M5\360p\Traffic2\Traffic2-Mask.mp4,0.3233,0.0562,0.4792,0.5149,0.0869,0.4886,5
360p,Traffic2,K2,A0.001_,T0.7,M3,Data-Processing\Raw-Data\Param-Sweep\360p\Traffic2\K2\A0.001_\T0.7\M3\Traffic2-Mask.mp4,Data-Processing\Raw-Data\OpenCV\M3\360p\Traffic2\Traffic2-Mask.mp4,Data-Processing\Raw-Data\Otsu\M3\360p\Traffic2\Traffic2-Mask.mp4,0.2047,0.0229,0.2991,0.4085,0.1009,0.3451,5
360p,Traffic2,K2,A0.001_,T0.7,M4,Data-Processing\Raw-Data\Param-Sweep\360p\Traffic2\K2\A0.001_\T0.7\M4\Traffic2-Mask.mp4,Data-Processing\Raw-Data\OpenCV\M4\360p\Traffic2\Traffic2-Mask.mp4,Data-Processing\Raw-Data\Otsu\M4\360p\Traffic2\Traffic2-Mask.mp4,0.3466,0.0641,0.5183,0.5323,0.0859,0.5412,5
360p,Traffic2,K2,A0.001_,T0.7,M5,Data-Processing\Raw-Data\Param-Sweep\360p\Traffic2\K2\A0.001_\T0.7\M5\Traffic2-Mask.mp4,Data-Processing\Raw-Data\OpenCV\M5\360p\Traffic2\Traffic2-Mask.mp4,Data-Processing\Raw-Data\Otsu\M5\360p\Traffic2\Traffic2-Mask.mp4,0.3469,0.065,0.5195,0.536,0.0863,0.5457,5
360p,Traffic2,K2,A0.001_,T0.9,M3,Data-Processing\Raw-Data\Param-Sweep\360p\Traffic2\K2\A0.001_\T0.9\M3\Traffic2-Mask.mp4,Data-Processing\Raw-Data\OpenCV\M3\360p\Traffic2\Traffic2-Mask.mp4,Data-Processing\Raw-Data\Otsu\M3\360p\Traffic2\Traffic2-Mask.mp4,0.4248,0.1111,0.6057,0.5424,0.0939,0.5725,5
360p,Traffic2,K2,A0.001_,T0.9,M4,Data-Processing\Raw-Data\Param-Sweep\360p\Traffic2\K2\A0.001_\T0.9\M4\Traffic2-Mask.mp4,Data-Processing\Raw-Data\OpenCV\M4\360p\Traffic2\Traffic2-Mask.mp4,Data-Processing\Raw-Data\Otsu\M4\360p\Traffic2\Traffic2-Mask.mp4,0.4904,0.1365,0.7642,0.6295,0.0915,0.6788,5
360p,Traffic2,K2,A0.001_,T0.9,M5,Data-Processing\Raw-Data\Param-Sweep\360p\Traffic2\K2\A0.001_\T0.9\M5\Traffic2-Mask.mp4,Data-Processing\Raw-Data\OpenCV\M5\360p\Traffic2\Traffic2-Mask.mp4,Data-Processing\Raw-Data\Otsu\M5\360p\Traffic2\Traffic2-Mask.mp4,0.4908,0.1379,0.7655,0.6515,0.0951,0.7135,5
360p,Traffic2,K2,A0.01_,T0.5,M3,Data-Processing\Raw-Data\Param-Sweep\360p\Traffic2\K2\A0.01_\T0.5\M3\Traffic2-Mask.mp4,Data-Processing\Raw-Data\OpenCV\M3\360p\Traffic2\Traffic2-Mask.mp4,Data-Processing\Raw-Data\Otsu\M3\360p\Traffic2\Traffic2-Mask.mp4,0.6399,0.1163,0.841,0.6762,0.0363,0.638,5
360p,Traffic2,K2,A0.01_,T0.5,M4,Data-Processing\Raw-Data\Param-Sweep\360p\Traffic2\K2\A0.01_\T0.5\M4\Traffic2-Mask.mp4,Data-Processing\Raw-Data\OpenCV\M4\360p\Traffic2\Traffic2-Mask.mp4,Data-Processing\Raw-Data\Otsu\M4\360p\Traffic2\Traffic2-Mask.mp4,0.6625,0.1194,0.8582,0.7588,0.0237,0.7361,5
360p,Traffic2,K2,A0.01_,T0.5,M5,Data-Processing\Raw-Data\Param-Sweep\360p\Traffic2\K2\A0.01_\T0.5\M5\Traffic2-Mask.mp4,Data-Processing\Raw-Data\OpenCV\M5\360p\Traffic2\Traffic2-Mask.mp4,Data-Processing\Raw-Data\Otsu\M5\360p\Traffic2\Traffic2-Mask.mp4,0.6662,0.1214,0.8673,0.7943,0.0214,0.7839,5
360p,Traffic2,K2,A0.01_,T0.7,M3,Data-Processing\Raw-Data\Param-Sweep\360p\Traffic2\K2\A0.01_\T0.7\M3\Traffic2-Mask.mp4,Data-Processing\Raw-Data\OpenCV\M3\360p\Traffic2\Traffic2-Mask.mp4,Data-Processing\Raw-Data\Otsu\M3\360p\Traffic2\Traffic2-Mask.mp4,0.6589,0.1168,0.8471,0.6912,0.0298,0.6422,5
360p,Traffic2,K2,A0.01_,T0.7,M4,Data-Processing\Raw-Data\Param-Sweep\360p\Traffic2\K2\A0.01_\T0.7\M4\Traffic2-Mask.mp4,Data-Processing\Raw-Data\OpenCV\M4\360p\Traffic2\Traffic2-Mask.mp4,Data-Processing\Raw-Data\Otsu\M4\360p\Traffic2\Traffic2-Mask.mp4,0.6792,0.1204,0.8624,0.7744,0.0175,0.739,5
360p,Traffic2,K2,A0.01_,T0.7,M5,Data-Processing\Raw-Data\Param-Sweep\360p\Traffic2\K2\A0.01_\T0.7\M5\Traffic2-Mask.mp4,Data-Processing\Raw-Data\OpenCV\M5\360p\Traffic2\Traffic2-Mask.mp4,Data-Processing\Raw-Data\Otsu\M5\360p\Traffic2\Traffic2-Mask.mp4,0.6832,0.1222,0.8717,0.8105,0.0149,0.7863,5
360p,Traffic2,K2,A0.01_,T0.9,M3,Data-Processing\Raw-Data\Param-Sweep\360p\Traffic2\K2\A0.01_\T0.9\M3\Traffic2-Mask.mp4,Data-Processing\Raw-Data\OpenCV\M3\360p\Traffic2\Traffic2-Mask.mp4,Data-Processing\Raw-Data\Otsu\M3\360p\Traffic2\Traffic2-Mask.mp4,0.711,0.1275,0.8704,0.7354,0.018,0.6599,5
360p,Traffic2,K2,A0.01_,T0.9,M4,Data-Processing\Raw-Data\Param-Sweep\360p\Traffic2\K2\A0.01_\T0.9\M4\Traffic2-Mask.mp4,Data-Processing\Raw-Data\OpenCV\M4\360p\Traffic2\Traffic2-Mask.mp4,Data-Processing\Raw-Data\Otsu\M4\360p\Traffic2\Traffic2-Mask.mp4,0.7183,0.1298,0.8848,0.8105,0.0096,0.7524,5
360p,Traffic2,K2,A0.01_,T0.9,M5,Data-Processing\Raw-Data\Param-Sweep\360p\Traffic2\K2\A0.01_\T0.9\M5\Traffic2-Mask.mp4,Data-Processing\Raw-Data\OpenCV\M5\360p\Traffic2\Traffic2-Mask.mp4,Data-Processing\Raw-Data\Otsu\M5\360p\Traffic2\Traffic2-Mask.mp4,0.7233,0.1315,0.8934,0.8479,0.0067,0.8007,5
360p,Traffic2,K2,A0.1_,T0.5,M3,Data-Processing\Raw-Data\Param-Sweep\360p\Traffic2\K2\A0.1_\T0.5\M3\Traffic2-Mask.mp4,Data-Processing\Raw-Data\OpenCV\M3\360p\Traffic2\Traffic2-Mask.mp4,Data-Processing\Raw-Data\Otsu\M3\360p\Traffic2\Traffic2-Mask.mp4,0.6403,0.105,0.79,0.6916,0.0265,0.6364,5
360p,Traffic2,K2,A0.1_,T0.5,M4,Data-Processing\Raw-Data\Param-Sweep\360p\Traffic2\K2\A0.1_\T0.5\M4\Traffic2-Mask.mp4,Data-Processing\Raw-Data\OpenCV\M4\360p\Traffic2\Traffic2-Mask.mp4,Data-Processing\Raw-Data\Otsu\M4\360p\Traffic2\Traffic2-Mask.mp4,0.687,0.1188,0.8585,0.7944,0.0115,0.7595,5
360p,Traffic2,K2,A0.1_,T0.5,M5,Data-Processing\Raw-Data\Param-Sweep\360p\Traffic2\K2\A0.1_\T0.5\M5\Traffic2-Mask.mp4,Data-Processing\Raw-Data\OpenCV\M5\360p\Traffic2\Traffic2-Mask.mp4,Data-Processing\Raw-Data\Otsu\M5\360p\Traffic2\Traffic2-Mask.mp4,0.6906,0.1201,0.8625,0.8321,0.0078,0.8142,5
360p,Traffic2,K2,A0.1_,T0.7,M3,Data-Processing\Raw-Data\Param-Sweep\360p\Traffic2\K2\A0.1_\T0.7\M3\Traffic2-Mask.mp4,Data-Processing\Raw-Data\OpenCV\M3\360p\Traffic2\Traffic2-Mask.mp4,Data-Processing\Raw-Data\Otsu\M3\360p\Traffic2\Traffic2-Mask.mp4,0.661,0.1116,0.8366,0.709,0.0235,0.6617,5
360p,Traffic2,K2,A0.1_,T0.7,M4,Data-Processing\Raw-Data\Param-Sweep\360p\Traffic2\K2\A0.1_\T0.7\M4\Traffic2-Mask.mp4,Data-Processing\Raw-Data\OpenCV\M4\360p\Traffic2\Traffic2-Mask.mp4,Data-Processing\Raw-Data\Otsu\M4\360p\Traffic2\Traffic2-Mask.mp4,0.6995,0.1233,0.8727,0.8079,0.01,0.7804,5
360p,Traffic2,K2,A0.1_,T0.7,M5,Data-Processing\Raw-Data\Param-Sweep\360p\Traffic2\K2\A0.1_\T0.7\M5\Traffic2-Mask.mp4,Data-Processing\Raw-Data\OpenCV\M5\360p\Traffic2\Traffic2-Mask.mp4,Data-Processing\Raw-Data\Otsu\M5\360p\Traffic2\Traffic2-Mask.mp4,0.7041,0.1248,0.8851,0.8466,0.0066,0.8342,5
360p,Traffic2,K2,A0.1_,T0.9,M3,Data-Processing\Raw-Data\Param-Sweep\360p\Traffic2\K2\A0.1_\T0.9\M3\Traffic2-Mask.mp4,Data-Processing\Raw-Data\OpenCV\M3\360p\Traffic2\Traffic2-Mask.mp4,Data-Processing\Raw-Data\Otsu\M3\360p\Traffic2\Traffic2-Mask.mp4,0.7017,0.124,0.8513,0.7463,0.0167,0.7043,5
360p,Traffic2,K2,A0.1_,T0.9,M4,Data-Processing\Raw-Data\Param-Sweep\360p\Traffic2\K2\A0.1_\T0.9\M4\Traffic2-Mask.mp4,Data-Processing\Raw-Data\OpenCV\M4\360p\Traffic2\Traffic2-Mask.mp4,Data-Processing\Raw-Data\Otsu\M4\360p\Traffic2\Traffic2-Mask.mp4,0.7225,0.131,0.8858,0.8358,0.0069,0.8062,5
360p,Traffic2,K2,A0.1_,T0.9,M5,Data-Processing\Raw-Data\Param-Sweep\360p\Traffic2\K2\A0.1_\T0.9\M5\Traffic2-Mask.mp4,Data-Processing\Raw-Data\OpenCV\M5\360p\Traffic2\Traffic2-Mask.mp4,Data-Processing\Raw-Data\Otsu\M5\360p\Traffic2\Traffic2-Mask.mp4,0.7302,0.1337,0.8944,0.8787,0.0039,0.8509,5
360p,Traffic2,K3,A0.001_,T0.5,M3,Data-Processing\Raw-Data\Param-Sweep\360p\Traffic2\K3\A0.001_\T0.5\M3\Traffic2-Mask.mp4,Data-Processing\Raw-Data\OpenCV\M3\360p\Traffic2\Traffic2-Mask.mp4,Data-Processing\Raw-Data\Otsu\M3\360p\Traffic2\Traffic2-Mask.mp4,0.3615,0.1016,0.304,0.5017,0.1013,0.5458,5
360p,Traffic2,K3,A0.001_,T0.5,M4,Data-Processing\Raw-Data\Param-Sweep\360p\Traffic2\K3\A0.001_\T0.5\M4\Traffic2-Mask.mp4,Data-Processing\Raw-Data\OpenCV\M4\360p\Traffic2\Traffic2-Mask.mp4,Data-Processing\Raw-Data\Otsu\M4\360p\Traffic2\Traffic2-Mask.mp4,0.435,0.1142,0.4787,0.592,0.0903,0.6766,5
360p,Traffic2,K3,A0.001_,T0.5,M5,Data-Processing\Raw-Data\Param-Sweep\360p\Traffic2\K3\A0.001_\T0.5\M5\Traffic2-Mask.mp4,Data-Processing\Raw-Data\OpenCV\M5\360p\Traffic2\Traffic2-Mask.mp4,Data-Processing\Raw-Data\Otsu\M5\360p\Traffic2\Traffic2-Mask.mp4,0.4356,0.1158,0.4792,0.6065,0.0946,0.7143,5
360p,Traffic2,K3,A0.001_,T0.7,M3,Data-Processing\Raw-Data\Param-Sweep\360p\Traffic2\K3\A0.001_\T0.7\M3\Traffic2-Mask.mp4,Data-Processing\Raw-Data\OpenCV\M3\360p\Traffic2\Traffic2-Mask.mp4,Data-Processing\Raw-Data\Otsu\M3\360p\Traffic2\Traffic2-Mask.mp4,0.4223,0.1188,0.4776,0.5465,0.0945,0.5872,5
360p,Traffic2,K3,A0.001_,T0.7,M4,Data-Processing\Raw-Data\Param-Sweep\360p\Traffic2\K3\A0.001_\T0.7\M4\Traffic2-Mask.mp4,Data-Processing\Raw-Data\OpenCV\M4\360p\Traffic2\Traffic2-Mask.mp4,Data-Processing\Raw-Data\Otsu\M4\360p\Traffic2\Traffic2-Mask.mp4,0.5152,0.1266,0.7414,0.6541,0.075,0.6994,5
360p,Traffic2,K3,A0.001_,T0.7,M5,Data-Processing\Raw-Data\Param-Sweep\360p\Traffic2\K3\A0.001_\T0.7\M5\Traffic2-Mask.mp4,Data-Processing\Raw-Data\OpenCV\M5\360p\Traffic2\Traffic2-Mask.mp4,Data-Processing\Raw-Data\Otsu\M5\360p\Traffic2\Traffic2-Mask.mp4,0.5174,0.1288,0.7422,0.6772,0.0778,0.7419,5
360p,Traffic2,K3,A0.001_,T0.9,M3,Data-Processing\Raw-Data\Param-Sweep\360p\Traffic2\K3\A0.001_\T0.9\M3\Traffic2-Mask.mp4,Data-Processing\Raw-Data\OpenCV\M3\360p\Traffic2\Traffic2-Mask.mp4,Data-Processing\Raw-Data\Otsu\M3\360p\Traffic2\Traffic2-Mask.mp4,0.541,0.1699,0.8276,0.6116,0.0933,0.6557,5
360p,Traffic2,K3,A0.001_,T0.9,M4,Data-Processing\Raw-Data\Param-Sweep\360p\Traffic2\K3\A0.001_\T0.9\M4\Traffic2-Mask.mp4,Data-Processing\Raw-Data\OpenCV\M4\360p\Traffic2\Traffic2-Mask.mp4,Data-Processing\Raw-Data\Otsu\M4\360p\Traffic2\Traffic2-Mask.mp4,0.5901,0.1481,0.8632,0.7053,0.0668,0.7516,5
360p,Traffic2,K3,A0.001_,T0.9,M5,Data-Processing\Raw-Data\Param-Sweep\360p\Traffic2\K3\A0.001_\T0.9\M5\Traffic2-Mask.mp4,Data-Processing\Raw-Data\OpenCV\M5\360p\Traffic2\Traffic2-Mask.mp4,Data-Processing\Raw-Data\Otsu\M5\360p\Traffic2\Traffic2-Mask.mp4,0.5946,0.1512,0.8701,0.7355,0.0706,0.7972,5
360p,Traffic2,K3,A0.01_,T0.5,M3,Data-Processing\Raw-Data\Param-Sweep\360p\Traffic2\K3\A0.01_\T0.5\M3\Traffic2-Mask.mp4,Data-Processing\Raw-Data\OpenCV\M3\360p\Traffic2\Traffic2-Mask.mp4,Data-Processing\Raw-Data\Otsu\M3\360p\Traffic2\Traffic2-Mask.mp4,0.6918,0.1248,0.8754,0.7147,0.0237,0.667,5
360p,Traffic2,K3,A0.01_,T0.5,M4,Data-Processing\Raw-Data\Param-Sweep\360p\Traffic2\K3\A0.01_\T0.5\M4\Traffic2-Mask.mp4,Data-Processing\Raw-Data\OpenCV\M4\360p\Traffic2\Traffic2-Mask.mp4,Data-Processing\Raw-Data\Otsu\M4\360p\Traffic2\Traffic2-Mask.mp4,0.7055,0.127,0.8851,0.797,0.0124,0.7611,5
360p,Traffic2,K3,A0.01_,T0.5,M5,Data-Processing\Raw-Data\Param-Sweep\360p\Traffic2\K3\A0.01_\T0.5\M5\Traffic2-Mask.mp4,Data-Processing\Raw-Data\OpenCV\M5\360p\Traffic2\Traffic2-Mask.mp4,Data-Processing\Raw-Data\Otsu\M5\360p\Traffic2\Traffic2-Mask.mp4,0.7116,0.1295,0.9033,0.8349,0.0098,0.8125,5
360p,Traffic2,K3,A0.01_,T0.7,M3,Data-Processing\Raw-Data\Param-Sweep\360p\Traffic2\K3\A0.01_\T0.7\M3\Traffic2-Mask.mp4,Data-Processing\Raw-Data\OpenCV\M3\360p\Traffic2\Traffic2-Mask.mp4,Data-Processing\Raw-Data\Otsu\M3\360p\Traffic2\Traffic2-Mask.mp4,0.7179,0.1302,0.888,0.7347,0.0183,0.6743,5
360p,Traffic2,K3,A0.01_,T0.7,M4,Data-Processing\Raw-Data\Param-Sweep\360p\Traffic2\K3\A0.01_\T0.7\M4\Traffic2-Mask.mp4,Data-Processing\Raw-Data\OpenCV\M4\360p\Traffic2\Traffic2-Mask.mp4,Data-Processing\Raw-Data\Otsu\M4\360p\Traffic2\Traffic2-Mask.mp4,0.7237,0.1318,0.8946,0.8117,0.0095,0.7634,5
360p,Traffic2,K3,A0.01_,T0.7,M5,Data-Processing\Raw-Data\Param-Sweep\360p\Traffic2\K3\A0.01_\T0.7\M5\Traffic2-Mask.mp4,Data-Processing\Raw-Data\OpenCV\M5\360p\Traffic2\Traffic2-Mask.mp4,Data-Processing\Raw-Data\Otsu\M5\360p\Traffic2\Traffic2-Mask.mp4,0.7328,0.1349,0.9135,0.8511,0.0066,0.8178,5
360p,Traffic2,K3,A0.01_,T0.9,M3,Data-Processing\Raw-Data\Param-Sweep\360p\Traffic2\K3\A0.01_\T0.9\M3\Traffic2-Mask.mp4,Data-Processing\Raw-Data\OpenCV\M3\360p\Traffic2\Traffic2-Mask.mp4,Data-Processing\Raw-Data\Otsu\M3\360p\Traffic2\Traffic2-Mask.mp4,0.7332,0.1353,0.9056,0.7487,0.0161,0.681,5
360p,Traffic2,K3,A0.01_,T0.9,M4,Data-Processing\Raw-Data\Param-Sweep\360p\Traffic2\K3\A0.01_\T0.9\M4\Traffic2-Mask.mp4,Data-Processing\Raw-Data\OpenCV\M4\360p\Traffic2\Traffic2-Mask.mp4,Data-Processing\Raw-Data\Otsu\M4\360p\Traffic2\Traffic2-Mask.mp4,0.7352,0.1358,0.9104,0.8238,0.0082,0.771,5
360p,Traffic2,K3,A0.01_,T0.9,M5,Data-Processing\Raw-Data\Param-Sweep\360p\Traffic2\K3\A0.01_\T0.9\M5\Traffic2-Mask.mp4,Data-Processing\Raw-Data\OpenCV\M5\360p\Traffic2\Traffic2-Mask.mp4,Data-Processing\Raw-Data\Otsu\M5\360p\Traffic2\Traffic2-Mask.mp4,0.7467,0.14,0.9327,0.8657,0.0051,0.8292,5
360p,Traffic2,K3,A0.1_,T0.5,M3,Data-Processing\Raw-Data\Param-Sweep\360p\Traffic2\K3\A0.1_\T0.5\M3\Traffic2-Mask.mp4,Data-Processing\Raw-Data\OpenCV\M3\360p\Traffic2\Traffic2-Mask.mp4,Data-Processing\Raw-Data\Otsu\M3\360p\Traffic2\Traffic2-Mask.mp4,0.641,0.1051,0.7945,0.6964,0.0258,0.6402,5
360p,Traffic2,K3,A0.1_,T0.5,M4,Data-Processing\Raw-Data\Param-Sweep\360p\Traffic2\K3\A0.1_\T0.5\M4\Traffic2-Mask.mp4,Data-Processing\Raw-Data\OpenCV\M4\360p\Traffic2\Traffic2-Mask.mp4,Data-Processing\Raw-Data\Otsu\M4\360p\Traffic2\Traffic2-Mask.mp4,0.6902,0.1198,0.8637,0.8022,0.0106,0.7671,5
360p,Traffic2,K3,A0.1_,T0.5,M5,Data-Processing\Raw-Data\Param-Sweep\360p\Traffic2\K3\A0.1_\T0.5\M5\Traffic2-Mask.mp4,Data-Processing\Raw-Data\OpenCV\M5\360p\Traffic2\Traffic2-Mask.mp4,Data-Processing\Raw-Data\Otsu\M5\360p\Traffic2\Traffic2-Mask.mp4,0.6948,0.1213,0.8694,0.8411,0.007,0.8199,5
360p,Traffic2,K3,A0.1_,T0.7,M3,Data-Processing\Raw-Data\Param-Sweep\360p\Traffic2\K3\A0.1_\T0.7\M3\Traffic2-Mask.mp4,Data-Processing\Raw-Data\OpenCV\M3\360p\Traffic2\Traffic2-Mask.mp4,Data-Processing\Raw-Data\Otsu\M3\360p\Traffic2\Traffic2-Mask.mp4,0.6609,0.1113,0.8429,0.7135,0.0227,0.6617,5
360p,Traffic2,K3,A0.1_,T0.7,M4,Data-Processing\Raw-Data\Param-Sweep\360p\Traffic2\K3\A0.1_\T0.7\M4\Traffic2-Mask.mp4,Data-Processing\Raw-Data\OpenCV\M4\360p\Traffic2\Traffic2-Mask.mp4,Data-Processing\Raw-Data\Otsu\M4\360p\Traffic2\Traffic2-Mask.mp4,0.7005,0.1234,0.8702,0.8157,0.0092,0.7866,5
360p,Traffic2,K3,A0.1_,T0.7,M5,Data-Processing\Raw-Data\Param-Sweep\360p\Traffic2\K3\A0.1_\T0.7\M5\Traffic2-Mask.mp4,Data-Processing\Raw-Data\OpenCV\M5\360p\Traffic2\Traffic2-Mask.mp4,Data-Processing\Raw-Data\Otsu\M5\360p\Traffic2\Traffic2-Mask.mp4,0.7073,0.1257,0.8841,0.8569,0.0057,0.8432,5
360p,Traffic2,K3,A0.1_,T0.9,M3,Data-Processing\Raw-Data\Param-Sweep\360p\Traffic2\K3\A0.1_\T0.9\M3\Traffic2-Mask.mp4,Data-Processing\Raw-Data\OpenCV\M3\360p\Traffic2\Traffic2-Mask.mp4,Data-Processing\Raw-Data\Otsu\M3\360p\Traffic2\Traffic2-Mask.mp4,0.7058,0.1254,0.8535,0.7512,0.0159,0.7084,5
360p,Traffic2,K3,A0.1_,T0.9,M4,Data-Processing\Raw-Data\Param-Sweep\360p\Traffic2\K3\A0.1_\T0.9\M4\Traffic2-Mask.mp4,Data-Processing\Raw-Data\OpenCV\M4\360p\Traffic2\Traffic2-Mask.mp4,Data-Processing\Raw-Data\Otsu\M4\360p\Traffic2\Traffic2-Mask.mp4,0.7234,0.1314,0.8862,0.8387,0.0067,0.807,5
360p,Traffic2,K3,A0.1_,T0.9,M5,Data-Processing\Raw-Data\Param-Sweep\360p\Traffic2\K3\A0.1_\T0.9\M5\Traffic2-Mask.mp4,Data-Processing\Raw-Data\OpenCV\M5\360p\Traffic2\Traffic2-Mask.mp4,Data-Processing\Raw-Data\Otsu\M5\360p\Traffic2\Traffic2-Mask.mp4,0.7315,0.1342,0.8968,0.8827,0.0037,0.8519,5
360p,Traffic2,K4,A0.001_,T0.5,M3,Data-Processing\Raw-Data\Param-Sweep\360p\Traffic2\K4\A0.001_\T0.5\M3\Traffic2-Mask.mp4,Data-Processing\Raw-Data\OpenCV\M3\360p\Traffic2\Traffic2-Mask.mp4,Data-Processing\Raw-Data\Otsu\M3\360p\Traffic2\Traffic2-Mask.mp4,0.3837,0.1176,0.304,0.5143,0.1025,0.5829,5
360p,Traffic2,K4,A0.001_,T0.5,M4,Data-Processing\Raw-Data\Param-Sweep\360p\Traffic2\K4\A0.001_\T0.5\M4\Traffic2-Mask.mp4,Data-Processing\Raw-Data\OpenCV\M4\360p\Traffic2\Traffic2-Mask.mp4,Data-Processing\Raw-Data\Otsu\M4\360p\Traffic2\Traffic2-Mask.mp4,0.453,0.1157,0.4787,0.6058,0.0847,0.6947,5
360p,Traffic2,K4,A0.001_,T0.5,M5,Data-Processing\Raw-Data\Param-Sweep\360p\Traffic2\K4\A0.001_\T0.5\M5\Traffic2-Mask.mp4,Data-Processing\Raw-Data\OpenCV\M5\360p\Traffic2\Traffic2-Mask.mp4,Data-Processing\Raw-Data\Otsu\M5\360p\Traffic2\Traffic2-Mask.mp4,0.4544,0.1178,0.4792,0.622,0.0891,0.7359,5
360p,Traffic2,K4,A0.001_,T0.7,M3,Data-Processing\Raw-Data\Param-Sweep\360p\Traffic2\K4\A0.001_\T0.7\M3\Traffic2-Mask.mp4,Data-Processing\Raw-Data\OpenCV\M3\360p\Traffic2\Traffic2-Mask.mp4,Data-Processing\Raw-Data\Otsu\M3\360p\Traffic2\Traffic2-Mask.mp4,0.4777,0.1387,0.6835,0.578,0.0926,0.6139,5
360p,Traffic2,K4,A0.001_,T0.7,M4,Data-Processing\Raw-Data\Param-Sweep\360p\Traffic2\K4\A0.001_\T0.7\M4\Traffic2-Mask.mp4,Data-Processing\Raw-Data\OpenCV\M4\360p\Traffic2\Traffic2-Mask.mp4,Data-Processing\Raw-Data\Otsu\M4\360p\Traffic2\Traffic2-Mask.mp4,0.547,0.1408,0.8179,0.6762,0.0751,0.7443,5
360p,Traffic2,K4,A0.001_,T0.7,M5,Data-Processing\Raw-Data\Param-Sweep\360p\Traffic2\K4\A0.001_\T0.7\M5\Traffic2-Mask.mp4,Data-Processing\Raw-Data\OpenCV\M5\360p\Traffic2\Traffic2-Mask.mp4,Data-Processing\Raw-Data\Otsu\M5\360p\Traffic2\Traffic2-Mask.mp4,0.5501,0.1436,0.8237,0.7034,0.0784,0.788,5
360p,Traffic2,K4,A0.001_,T0.9,M3,Data-Processing\Raw-Data\Param-Sweep\360p\Traffic2\K4\A0.001_\T0.9\M3\Traffic2-Mask.mp4,Data-Processing\Raw-Data\OpenCV\M3\360p\Traffic2\Traffic2-Mask.mp4,Data-Processing\Raw-Data\Otsu\M3\360p\Traffic2\Traffic2-Mask.mp4,0.5864,0.1564,0.8688,0.6412,0.0719,0.6712,5
360p,Traffic2,K4,A0.001_,T0.9,M4,Data-Processing\Raw-Data\Param-Sweep\360p\Traffic2\K4\A0.001_\T0.9\M4\Traffic2-Mask.mp4,Data-Processing\Raw-Data\OpenCV\M4\360p\Traffic2\Traffic2-Mask.mp4,Data-Processing\Raw-Data\Otsu\M4\360p\Traffic2\Traffic2-Mask.mp4,0.6545,0.1286,0.8927,0.7522,0.0329,0.7625,5
360p,Traffic2,K4,A0.001_,T0.9,M5,Data-Processing\Raw-Data\Param-Sweep\360p\Traffic2\K4\A0.001_\T0.9\M5\Traffic2-Mask.mp4,Data-Processing\Raw-Data\OpenCV\M5\360p\Traffic2\Traffic2-Mask.mp4,Data-Processing\Raw-Data\Otsu\M5\360p\Traffic2\Traffic2-Mask.mp4,0.6607,0.1319,0.9039,0.788,0.0319,0.8107,5
360p,Traffic2,K4,A0.01_,T0.5,M3,Data-Processing\Raw-Data\Param-Sweep\360p\Traffic2\K4\A0.01_\T0.5\M3\Traffic2-Mask.mp4,Data-Processing\Raw-Data\OpenCV\M3\360p\Traffic2\Traffic2-Mask.mp4,Data-Processing\Raw-Data\Otsu\M3\360p\Traffic2\Traffic2-Mask.mp4,0.7134,0.1289,0.8863,0.7333,0.0187,0.6713,5
360p,Traffic2,K4,A0.01_,T0.5,M4,Data-Processing\Raw-Data\Param-Sweep\360p\Traffic2\K4\A0.01_\T0.5\M4\Traffic2-Mask.mp4,Data-Processing\Raw-Data\OpenCV\M4\360p\Traffic2\Traffic2-Mask.mp4,Data-Processing\Raw-Data\Otsu\M4\360p\Traffic2\Traffic2-Mask.mp4,0.7193,0.1303,0.8914,0.8096,0.0098,0.7643,5
360p,Traffic2,K4,A0.01_,T0.5,M5,Data-Processing\Raw-Data\Param-Sweep\360p\Traffic2\K4\A0.01_\T0.5\M5\Traffic2-Mask.mp4,Data-Processing\Raw-Data\OpenCV\M5\360p\Traffic2\Traffic2-Mask.mp4,Data-Processing\Raw-Data\Otsu\M5\360p\Traffic2\Traffic2-Mask.mp4,0.7273,0.1332,0.9112,0.8488,0.0069,0.8173,5
360p,Traffic2,K4,A0.01_,T0.7,M3,Data-Processing\Raw-Data\Param-Sweep\360p\Traffic2\K4\A0.01_\T0.7\M3\Traffic2-Mask.mp4,Data-Processing\Raw-Data\OpenCV\M3\360p\Traffic2\Traffic2-Mask.mp4,Data-Processing\Raw-Data\Otsu\M3\360p\Traffic2\Traffic2-Mask.mp4,0.7303,0.134,0.9,0.7437,0.0167,0.6767,5
360p,Traffic2,K4,A0.01_,T0.7,M4,Data-Processing\Raw-Data\Param-Sweep\360p\Traffic2\K4\A0.01_\T0.7\M4\Traffic2-Mask.mp4,Data-Processing\Raw-Data\OpenCV\M4\360p\Traffic2\Traffic2-Mask.mp4,Data-Processing\Raw-Data\Otsu\M4\360p\Traffic2\Traffic2-Mask.mp4,0.7316,0.1343,0.903,0.8185,0.0086,0.7676,5
360p,Traffic2,K4,A0.01_,T0.7,M5,Data-Processing\Raw-Data\Param-Sweep\360p\Traffic2\K4\A0.01_\T0.7\M5\Traffic2-Mask.mp4,Data-Processing\Raw-Data\OpenCV\M5\360p\Traffic2\Traffic2-Mask.mp4,Data-Processing\Raw-Data\Otsu\M5\360p\Traffic2\Traffic2-Mask.mp4,0.7433,0.1384,0.9274,0.8597,0.0055,0.824,5
360p,Traffic2,K4,A0.01_,T0.9,M3,Data-Processing\Raw-Data\Param-Sweep\360p\Traffic2\K4\A0.01_\T0.9\M3\Traffic2-Mask.mp4,Data-Processing\Raw-Data\OpenCV\M3\360p\Traffic2\Traffic2-Mask.mp4,Data-Processing\Raw-Data\Otsu\M3\360p\Traffic2\Traffic2-Mask.mp4,0.7371,0.1366,0.9142,0.7546,0.0153,0.691,5
360p,Traffic2,K4,A0.01_,T0.9,M4,Data-Processing\Raw-Data\Param-Sweep\360p\Traffic2\K4\A0.01_\T0.9\M4\Traffic2-Mask.mp4,Data-Processing\Raw-Data\OpenCV\M4\360p\Traffic2\Traffic2-Mask.mp4,Data-Processing\Raw-Data\Otsu\M4\360p\Traffic2\Traffic2-Mask.mp4,0.7377,0.1367,0.9122,0.8307,0.0074,0.7823,5
360p,Traffic2,K4,A0.01_,T0.9,M5,Data-Processing\Raw-Data\Param-Sweep\360p\Traffic2\K4\A0.01_\T0.9\M5\Traffic2-Mask.mp4,Data-Processing\Raw-Data\OpenCV\M5\360p\Traffic2\Traffic2-Mask.mp4,Data-Processing\Raw-Data\Otsu\M5\360p\Traffic2\Traffic2-Mask.mp4,0.7508,0.1414,0.938,0.874,0.0044,0.8364,5
360p,Traffic2,K4,A0.1_,T0.5,M3,Data-Processing\Raw-Data\Param-Sweep\360p\Traffic2\K4\A0.1_\T0.5\M3\Traffic2-Mask.mp4,Data-Processing\Raw-Data\OpenCV\M3\360p\Traffic2\Traffic2-Mask.mp4,Data-Processing\Raw-Data\Otsu\M3\360p\Traffic2\Traffic2-Mask.mp4,0.6408,0.1048,0.7934,0.698,0.0255,0.6411,5
360p,Traffic2,K4,A0.1_,T0.5,M4,Data-Processing\Raw-Data\Param-Sweep\360p\Traffic2\K4\A0.1_\T0.5\M4\Traffic2-Mask.mp4,Data-Processing\Raw-Data\OpenCV\M4\360p\Traffic2\Traffic2-Mask.mp4,Data-Processing\Raw-Data\Otsu\M4\360p\Traffic2\Traffic2-Mask.mp4,0.6902,0.1196,0.8658,0.8051,0.0103,0.7667,5
360p,Traffic2,K4,A0.1_,T0.5,M5,Data-Processing\Raw-Data\Param-Sweep\360p\Traffic2\K4\A0.1_\T0.5\M5\Traffic2-Mask.mp4,Data-Processing\Raw-Data\OpenCV\M5\360p\Traffic2\Traffic2-Mask.mp4,Data-Processing\Raw-Data\Otsu\M5\360p\Traffic2\Traffic2-Mask.mp4,0.6958,0.1215,0.8722,0.8453,0.0066,0.8223,5
360p,Traffic2,K4,A0.1_,T0.7,M3,Data-Processing\Raw-Data\Param-Sweep\360p\Traffic2\K4\A0.1_\T0.7\M3\Traffic2-Mask.mp4,Data-Processing\Raw-Data\OpenCV\M3\360p\Traffic2\Traffic2-Mask.mp4,Data-Processing\Raw-Data\Otsu\M3\360p\Traffic2\Traffic2-Mask.mp4,0.6624,0.1115,0.8439,0.7172,0.0221,0.6633,5
360p,Traffic2,K4,A0.1_,T0.7,M4,Data-Processing\Raw-Data\Param-Sweep\360p\Traffic2\K4\A0.1_\T0.7\M4\Traffic2-Mask.mp4,Data-Processing\Raw-Data\OpenCV\M4\360p\Traffic2\Traffic2-Mask.mp4,Data-Processing\Raw-Data\Otsu\M4\360p\Traffic2\Traffic2-Mask.mp4,0.7001,0.1232,0.8699,0.8186,0.0089,0.7885,5
360p,Traffic2,K4,A0.1_,T0.7,M5,Data-Processing\Raw-Data\Param-Sweep\360p\Traffic2\K4\A0.1_\T0.7\M5\Traffic2-Mask.mp4,Data-Processing\Raw-Data\OpenCV\M5\360p\Traffic2\Traffic2-Mask.mp4,Data-Processing\Raw-Data\Otsu\M5\360p\Traffic2\Traffic2-Mask.mp4,0.7079,0.1258,0.8854,0.861,0.0054,0.8477,5
360p,Traffic2,K4,A0.1_,T0.9,M3,Data-Processing\Raw-Data\Param-Sweep\360p\Traffic2\K4\A0.1_\T0.9\M3\Traffic2-Mask.mp4,Data-Processing\Raw-Data\OpenCV\M3\360p\Traffic2\Traffic2-Mask.mp4,Data-Processing\Raw-Data\Otsu\M3\360p\Traffic2\Traffic2-Mask.mp4,0.708,0.1262,0.8605,0.754,0.0156,0.7126,5
360p,Traffic2,K4,A0.1_,T0.9,M4,Data-Processing\Raw-Data\Param-Sweep\360p\Traffic2\K4\A0.1_\T0.9\M4\Traffic2-Mask.mp4,Data-Processing\Raw-Data\OpenCV\M4\360p\Traffic2\Traffic2-Mask.mp4,Data-Processing\Raw-Data\Otsu\M4\360p\Traffic2\Traffic2-Mask.mp4,0.7232,0.1313,0.887,0.8397,0.0066,0.8077,5
360p,Traffic2,K4,A0.1_,T0.9,M5,Data-Processing\Raw-Data\Param-Sweep\360p\Traffic2\K4\A0.1_\T0.9\M5\Traffic2-Mask.mp4,Data-Processing\Raw-Data\OpenCV\M5\360p\Traffic2\Traffic2-Mask.mp4,Data-Processing\Raw-Data\Otsu\M5\360p\Traffic2\Traffic2-Mask.mp4,0.7318,0.1343,0.8988,0.8841,0.0036,0.8529,5
480p,Traffic2,K2,A0.001_,T0.5,M3,Data-Processing\Raw-Data\Param-Sweep\480p\Traffic2\K2\A0.001_\T0.5\M3\Traffic2-Mask.mp4,Data-Processing\Raw-Data\OpenCV\M3\480p\Traffic2\Traffic2-Mask.mp4,Data-Processing\Raw-Data\Otsu\M3\480p\Traffic2\Traffic2-Mask.mp4,0.2001,0.0211,0.2985,0.4071,0.1012,0.3283,5
480p,Traffic2,K2,A0.001_,T0.5,M4,Data-Processing\Raw-Data\Param-Sweep\480p\Traffic2\K2\A0.001_\T0.5\M4\Traffic2-Mask.mp4,Data-Processing\Raw-Data\OpenCV\M4\480p\Traffic2\Traffic2-Mask.mp4,Data-Processing\Raw-Data\Otsu\M4\480p\Traffic2\Traffic2-Mask.mp4,0.3138,0.0518,0.4659,0.5075,0.087,0.4779,5
480p,Traffic2,K2,A0.001_,T0.5,M5,Data-Processing\Raw-Data\Param-Sweep\480p\Traffic2\K2\A0.001_\T0.5\M5\Traffic2-Mask.mp4,Data-Processing\Raw-Data\OpenCV\M5\480p\Traffic2\Traffic2-Mask.mp4,Data-Processing\Raw-Data\Otsu\M5\480p\Traffic2\Traffic2-Mask.mp4,0.3138,0.0524,0.4673,0.5084,0.0875,0.4811,5
480p,Traffic2,K2,A0.001_,T0.7,M3,Data-Processing\Raw-Data\Param-Sweep\480p\Traffic2\K2\A0.001_\T0.7\M3\Traffic2-Mask.mp4,Data-Processing\Raw-Data\OpenCV\M3\480p\Traffic2\Traffic2-Mask.mp4,Data-Processing\Raw-Data\Otsu\M3\480p\Traffic2\Traffic2-Mask.mp4,0.2084,0.023,0.3056,0.4134,0.1002,0.3506,5
480p,Traffic2,K2,A0.001_,T0.7,M4,Data-Processing\Raw-Data\Param-Sweep\480p\Traffic2\K2\A0.001_\T0.7\M4\Traffic2-Mask.mp4,Data-Processing\Raw-Data\OpenCV\M4\480p\Traffic2\Traffic2-Mask.mp4,Data-Processing\Raw-Data\Otsu\M4\480p\Traffic2\Traffic2-Mask.mp4,0.3301,0.0575,0.5012,0.5209,0.0863,0.517,5
480p,Traffic2,K2,A0.001_,T0.7,M5,Data-Processing\Raw-Data\Param-Sweep\480p\Traffic2\K2\A0.001_\T0.7\M5\Traffic2-Mask.mp4,Data-Processing\Raw-Data\OpenCV\M5\480p\Traffic2\Traffic2-Mask.mp4,Data-Processing\Raw-Data\Otsu\M5\480p\Traffic2\Traffic2-Mask.mp4,0.3303,0.0582,0.5014,0.5218,0.0869,0.5184,5
480p,Traffic2,K2,A0.001_,T0.9,M3,Data-Processing\Raw-Data\Param-Sweep\480p\Traffic2\K2\A0.001_\T0.9\M3\Traffic2-Mask.mp4,Data-Processing\Raw-Data\OpenCV\M3\480p\Traffic2\Traffic2-Mask.mp4,Data-Processing\Raw-Data\Otsu\M3\480p\Traffic2\Traffic2-Mask.mp4,0.3881,0.0912,0.5325,0.5201,0.0938,0.5379,5
480p,Traffic2,K2,A0.001_,T0.9,M4,Data-Processing\Raw-Data\Param-Sweep\480p\Traffic2\K2\A0.001_\T0.9\M4\Traffic2-Mask.mp4,Data-Processing\Raw-Data\OpenCV\M4\480p\Traffic2\Traffic2-Mask.mp4,Data-Processing\Raw-Data\Otsu\M4\480p\Traffic2\Traffic2-Mask.mp4,0.4824,0.1321,0.7355,0.619,0.0907,0.6688,5
480p,Traffic2,K2,A0.001_,T0.9,M5,Data-Processing\Raw-Data\Param-Sweep\480p\Traffic2\K2\A0.001_\T0.9\M5\Traffic2-Mask.mp4,Data-Processing\Raw-Data\OpenCV\M5\480p\Traffic2\Traffic2-Mask.mp4,Data-Processing\Raw-Data\Otsu\M5\480p\Traffic2\Traffic2-Mask.mp4,0.4827,0.1332,0.7359,0.6382,0.0941,0.7035,5
480p,Traffic2,K2,A0.01_,T0.5,M3,Data-Processing\Raw-Data\Param-Sweep\480p\Traffic2\K2\A0.01_\T0.5\M3\Traffic2-Mask.mp4,Data-Processing\Raw-Data\OpenCV\M3\480p\Traffic2\Traffic2-Mask.mp4,Data-Processing\Raw-Data\Otsu\M3\480p\Traffic2\Traffic2-Mask.mp4,0.6393,0.1182,0.8511,0.6664,0.0381,0.6304,5
480p,Traffic2,K2,A0.01_,T0.5,M4,Data-Processing\Raw-Data\Param-Sweep\480p\Traffic2\K2\A0.01_\T0.5\M4\Traffic2-Mask.mp4,Data-Processing\Raw-Data\OpenCV\M4\480p\Traffic2\Traffic2-Mask.mp4,Data-Processing\Raw-Data\Otsu\M4\480p\Traffic2\Traffic2-Mask.mp4,0.6713,0.1217,0.8669,0.7568,0.0223,0.7343,5
480p,Traffic2,K2,A0.01_,T0.5,M5,Data-Processing\Raw-Data\Param-Sweep\480p\Traffic2\K2\A0.01_\T0.5\M5\Traffic2-Mask.mp4,Data-Processing\Raw-Data\OpenCV\M5\480p\Traffic2\Traffic2-Mask.mp4,Data-Processing\Raw-Data\Otsu\M5\480p\Traffic2\Traffic2-Mask.mp4,0.6751,0.1237,0.8762,0.7917,0.0202,0.7814,5
480p,Traffic2,K2,A0.01_,T0.7,M3,Data-Processing\Raw-Data\Param-Sweep\480p\Traffic2\K2\A0.01_\T0.7\M3\Traffic2-Mask.mp4,Data-Processing\Raw-Data\OpenCV\M3\480p\Traffic2\Traffic2-Mask.mp4,Data-Processing\Raw-Data\Otsu\M3\480p\Traffic2\Traffic2-Mask.mp4,0.6614,0.1183,0.8579,0.6833,0.0307,0.6343,5
480p,Traffic2,K2,A0.01_,T0.7,M4,Data-Processing\Raw-Data\Param-Sweep\480p\Traffic2\K2\A0.01_\T0.7\M4\Traffic2-Mask.mp4,Data-Processing\Raw-Data\OpenCV\M4\480p\Traffic2\Traffic2-Mask.mp4,Data-Processing\Raw-Data\Otsu\M4\480p\Traffic2\Traffic2-Mask.mp4,0.6879,0.123,0.8709,0.7721,0.0168,0.7365,5
480p,Traffic2,K2,A0.01_,T0.7,M5,Data-Processing\Raw-Data\Param-Sweep\480p\Traffic2\K2\A0.01_\T0.7\M5\Traffic2-Mask.mp4,Data-Processing\Raw-Data\OpenCV\M5\480p\Traffic2\Traffic2-Mask.mp4,Data-Processing\Raw-Data\Otsu\M5\480p\Traffic2\Traffic2-Mask.mp4,0.6918,0.1248,0.8803,0.8072,0.0143,0.7836,5
480p,Traffic2,K2,A0.01_,T0.9,M3,Data-Processing\Raw-Data\Param-Sweep\480p\Traffic2\K2\A0.01_\T0.9\M3\Traffic2-Mask.mp4,Data-Processing\Raw-Data\OpenCV\M3\480p\Traffic2\Traffic2-Mask.mp4,Data-Processing\Raw-Data\Otsu\M3\480p\Traffic2\Traffic2-Mask.mp4,0.7169,0.1294,0.8811,0.7303,0.0185,0.6573,5
480p,Traffic2,K2,A0.01_,T0.9,M4,Data-Processing\Raw-Data\Param-Sweep\480p\Traffic2\K2\A0.01_\T0.9\M4\Traffic2-Mask.mp4,Data-Processing\Raw-Data\OpenCV\M4\480p\Traffic2\Traffic2-Mask.mp4,Data-Processing\Raw-Data\Otsu\M4\480p\Traffic2\Traffic2-Mask.mp4,0.7241,0.1318,0.888,0.8068,0.0097,0.7503,5
480p,Traffic2,K2,A0.01_,T0.9,M5,Data-Processing\Raw-Data\Param-Sweep\480p\Traffic2\K2\A0.01_\T0.9\M5\Traffic2-Mask.mp4,Data-Processing\Raw-Data\OpenCV\M5\480p\Traffic2\Traffic2-Mask.mp4,Data-Processing\Raw-Data\Otsu\M5\480p\Traffic2\Traffic2-Mask.mp4,0.7293,0.1337,0.8981,0.843,0.0067,0.7957,5
480p,Traffic2,K2,A0.1_,T0.5,M3,Data-Processing\Raw-Data\Param-Sweep\480p\Traffic2\K2\A0.1_\T0.5\M3\Traffic2-Mask.mp4,Data-Processing\Raw-Data\OpenCV\M3\480p\Traffic2\Traffic2-Mask.mp4,Data-Processing\Raw-Data\Otsu\M3\480p\Traffic2\Traffic2-Mask.mp4,0.6252,0.1041,0.8113,0.674,0.0319,0.6135,5
480p,Traffic2,K2,A0.1_,T0.5,M4,Data-Processing\Raw-Data\Param-Sweep\480p\Traffic2\K2\A0.1_\T0.5\M4\Traffic2-Mask.mp4,Data-Processing\Raw-Data\OpenCV\M4\480p\Traffic2\Traffic2-Mask.mp4,Data-Processing\Raw-Data\Otsu\M4\480p\Traffic2\Traffic2-Mask.mp4,0.6865,0.119,0.8722,0.7879,0.0125,0.7449,5
480p,Traffic2,K2,A0.1_,T0.5,M5,Data-Processing\Raw-Data\Param-Sweep\480p\Traffic2\K2\A0.1_\T0.5\M5\Traffic2-Mask.mp4,Data-Processing\Raw-Data\OpenCV\M5\480p\Traffic2\Traffic2-Mask.mp4,Data-Processing\Raw-Data\Otsu\M5\480p\Traffic2\Traffic2-Mask.mp4,0.6907,0.1204,0.8777,0.8227,0.0088,0.7924,5
480p,Traffic2,K2,A0.1_,T0.7,M3,Data-Processing\Raw-Data\Param-Sweep\480p\Traffic2\K2\A0.1_\T0.7\M3\Traffic2-Mask.mp4,Data-Processing\Raw-Data\OpenCV\M3\480p\Traffic2\Traffic2-Mask.mp4,Data-Processing\Raw-Data\Otsu\M3\480p\Traffic2\Traffic2-Mask.mp4,0.6547,0.1121,0.849,0.6961,0.027,0.6466,5
480p,Traffic2,K2,A0.1_,T0.7,M4,Data-Processing\Raw-Data\Param-Sweep\480p\Traffic2\K2\A0.1_\T0.7\M4\Traffic2-Mask.mp4,Data-Processing\Raw-Data\OpenCV\M4\480p\Traffic2\Traffic2-Mask.mp4,Data-Processing\Raw-Data\Otsu\M4\480p\Traffic2\Traffic2-Mask.mp4,0.703,0.1247,0.874,0.8031,0.0107,0.7706,5
480p,Traffic2,K2,A0.1_,T0.7,M5,Data-Processing\Raw-Data\Param-Sweep\480p\Traffic2\K2\A0.1_\T0.7\M5\Traffic2-Mask.mp4,Data-Processing\Raw-Data\OpenCV\M5\480p\Traffic2\Traffic2-Mask.mp4,Data-Processing\Raw-Data\Otsu\M5\480p\Traffic2\Traffic2-Mask.mp4,0.7078,0.1264,0.8862,0.8398,0.0072,0.8215,5
480p,Traffic2,K2,A0.1_,T0.9,M3,Data-Processing\Raw-Data\Param-Sweep\480p\Traffic2\K2\A0.1_\T0.9\M3\Traffic2-Mask.mp4,Data-Processing\Raw-Data\OpenCV\M3\480p\Traffic2\Traffic2-Mask.mp4,Data-Processing\Raw-Data\Otsu\M3\480p\Traffic2\Traffic2-Mask.mp4,0.7062,0.1255,0.8578,0.74,0.0176,0.6892,5
480p,Traffic2,K2,A0.1_,T0.9,M4,Data-Processing\Raw-Data\Param-Sweep\480p\Traffic2\K2\A0.1_\T0.9\M4\Traffic2-Mask.mp4,Data-Processing\Raw-Data\OpenCV\M4\480p\Traffic2\Traffic2-Mask.mp4,Data-Processing\Raw-Data\Otsu\M4\480p\Traffic2\Traffic2-Mask.mp4,0.7257,0.1322,0.8883,0.8288,0.0076,0.802,5
480p,Traffic2,K2,A0.1_,T0.9,M5,Data-Processing\Raw-Data\Param-Sweep\480p\Traffic2\K2\A0.1_\T0.9\M5\Traffic2-Mask.mp4,Data-Processing\Raw-Data\OpenCV\M5\480p\Traffic2\Traffic2-Mask.mp4,Data-Processing\Raw-Data\Otsu\M5\480p\Traffic2\Traffic2-Mask.mp4,0.7327,0.1346,0.8965,0.8689,0.0045,0.8458,5
480p,Traffic2,K3,A0.001_,T0.5,M3,Data-Processing\Raw-Data\Param-Sweep\480p\Traffic2\K3\A0.001_\T0.5\M3\Traffic2-Mask.mp4,Data-Processing\Raw-Data\OpenCV\M3\480p\Traffic2\Traffic2-Mask.mp4,Data-Processing\Raw-Data\Otsu\M3\480p\Traffic2\Traffic2-Mask.mp4,0.3546,0.0946,0.3092,0.4966,0.0999,0.5264,5
480p,Traffic2,K3,A0.001_,T0.5,M4,Data-Processing\Raw-Data\Param-Sweep\480p\Traffic2\K3\A0.001_\T0.5\M4\Traffic2-Mask.mp4,Data-Processing\Raw-Data\OpenCV\M4\480p\Traffic2\Traffic2-Mask.mp4,Data-Processing\Raw-Data\Otsu\M4\480p\Traffic2\Traffic2-Mask.mp4,0.4353,0.117,0.4659,0.5882,0.0912,0.6731,5
480p,Traffic2,K3,A0.001_,T0.5,M5,Data-Processing\Raw-Data\Param-Sweep\480p\Traffic2\K3\A0.001_\T0.5\M5\Traffic2-Mask.mp4,Data-Processing\Raw-Data\OpenCV\M5\480p\Traffic2\Traffic2-Mask.mp4,Data-Processing\Raw-Data\Otsu\M5\480p\Traffic2\Traffic2-Mask.mp4,0.4359,0.1182,0.4673,0.6024,0.0954,0.706,5
480p,Traffic2,K3,A0.001_,T0.7,M3,Data-Processing\Raw-Data\Param-Sweep\480p\Traffic2\K3\A0.001_\T0.7\M3\Traffic2-Mask.mp4,Data-Processing\Raw-Data\OpenCV\M3\480p\Traffic2\Traffic2-Mask.mp4,Data-Processing\Raw-Data\Otsu\M3\480p\Traffic2\Traffic2-Mask.mp4,0.4113,0.1144,0.4377,0.536,0.0952,0.579,5
480p,Traffic2,K3,A0.001_,T0.7,M4,Data-Processing\Raw-Data\Param-Sweep\480p\Traffic2\K3\A0.001_\T0.7\M4\Traffic2-Mask.mp4,Data-Processing\Raw-Data\OpenCV\M4\480p\Traffic2\Traffic2-Mask.mp4,Data-Processing\Raw-Data\Otsu\M4\480p\Traffic2\Traffic2-Mask.mp4,0.5085,0.1262,0.6766,0.6428,0.0757,0.701,5
480p,Traffic2,K3,A0.001_,T0.7,M5,Data-Processing\Raw-Data\Param-Sweep\480p\Traffic2\K3\A0.001_\T0.7\M5\Traffic2-Mask.mp4,Data-Processing\Raw-Data\OpenCV\M5\480p\Traffic2\Traffic2-Mask.mp4,Data-Processing\Raw-Data\Otsu\M5\480p\Traffic2\Traffic2-Mask.mp4,0.5101,0.1281,0.6784,0.6635,0.0783,0.7403,5
480p,Traffic2,K3,A0.001_,T0.9,M3,Data-Processing\Raw-Data\Param-Sweep\480p\Traffic2\K3\A0.001_\T0.9\M3\Traffic2-Mask.mp4,Data-Processing\Raw-Data\OpenCV\M3\480p\Traffic2\Traffic2-Mask.mp4,Data-Processing\Raw-Data\Otsu\M3\480p\Traffic2\Traffic2-Mask.mp4,0.5389,0.1665,0.8148,0.605,0.0909,0.6418,5
480p,Traffic2,K3,A0.001_,T0.9,M4,Data-Processing\Raw-Data\Param-Sweep\480p\Traffic2\K3\A0.001_\T0.9\M4\Traffic2-Mask.mp4,Data-Processing\Raw-Data\OpenCV\M4\480p\Traffic2\Traffic2-Mask.mp4,Data-Processing\Raw-Data\Otsu\M4\480p\Traffic2\Traffic2-Mask.mp4,0.5978,0.1509,0.8758,0.7023,0.0645,0.7439,5
480p,Traffic2,K3,A0.001_,T0.9,M5,Data-Processing\Raw-Data\Param-Sweep\480p\Traffic2\K3\A0.001_\T0.9\M5\Traffic2-Mask.mp4,Data-Processing\Raw-Data\OpenCV\M5\480p\Traffic2\Traffic2-Mask.mp4,Data-Processing\Raw-Data\Otsu\M5\480p\Traffic2\Traffic2-Mask.mp4,0.601,0.1534,0.8785,0.7327,0.0674,0.7939,5
480p,Traffic2,K3,A0.01_,T0.5,M3,Data-Processing\Raw-Data\Param-Sweep\480p\Traffic2\K3\A0.01_\T0.5\M3\Traffic2-Mask.mp4,Data-Processing\Raw-Data\OpenCV\M3\480p\Traffic2\Traffic2-Mask.mp4,Data-Processing\Raw-Data\Otsu\M3\480p\Traffic2\Traffic2-Mask.mp4,0.699,0.1268,0.884,0.71,0.0236,0.6606,5
480p,Traffic2,K3,A0.01_,T0.5,M4,Data-Processing\Raw-Data\Param-Sweep\480p\Traffic2\K3\A0.01_\T0.5\M4\Traffic2-Mask.mp4,Data-Processing\Raw-Data\OpenCV\M4\480p\Traffic2\Traffic2-Mask.mp4,Data-Processing\Raw-Data\Otsu\M4\480p\Traffic2\Traffic2-Mask.mp4,0.7133,0.1295,0.89,0.794,0.0121,0.7557,5
480p,Traffic2,K3,A0.01_,T0.5,M5,Data-Processing\Raw-Data\Param-Sweep\480p\Traffic2\K3\A0.01_\T0.5\M5\Traffic2-Mask.mp4,Data-Processing\Raw-Data\OpenCV\M5\480p\Traffic2\Traffic2-Mask.mp4,Data-Processing\Raw-Data\Otsu\M5\480p\Traffic2\Traffic2-Mask.mp4,0.7186,0.1317,0.9036,0.8298,0.0095,0.8038,5
480p,Traffic2,K3,A0.01_,T0.7,M3,Data-Processing\Raw-Data\Param-Sweep\480p\Traffic2\K3\A0.01_\T0.7\M3\Traffic2-Mask.mp4,Data-Processing\Raw-Data\OpenCV\M3\480p\Traffic2\Traffic2-Mask.mp4,Data-Processing\Raw-Data\Otsu\M3\480p\Traffic2\Traffic2-Mask.mp4,0.7243,0.1324,0.8978,0.7291,0.0188,0.6663,5
480p,Traffic2,K3,A0.01_,T0.7,M4,Data-Processing\Raw-Data\Param-Sweep\480p\Traffic2\K3\A0.01_\T0.7\M4\Traffic2-Mask.mp4,Data-Processing\Raw-Data\OpenCV\M4\480p\Traffic2\Traffic2-Mask.mp4,Data-Processing\Raw-Data\Otsu\M4\480p\Traffic2\Traffic2-Mask.mp4,0.7304,0.1342,0.9012,0.8076,0.0096,0.7589,5
480p,Traffic2,K3,A0.01_,T0.7,M5,Data-Processing\Raw-Data\Param-Sweep\480p\Traffic2\K3\A0.01_\T0.7\M5\Traffic2-Mask.mp4,Data-Processing\Raw-Data\OpenCV\M5\480p\Traffic2\Traffic2-Mask.mp4,Data-Processing\Raw-Data\Otsu\M5\480p\Traffic2\Traffic2-Mask.mp4,0.7384,0.1371,0.9163,0.8447,0.0067,0.809,5
480p,Traffic2,K3,A0.01_,T0.9,M3,Data-Processing\Raw-Data\Param-Sweep\480p\Traffic2\K3\A0.01_\T0.9\M3\Traffic2-Mask.mp4,Data-Processing\Raw-Data\OpenCV\M3\480p\Traffic2\Traffic2-Mask.mp4,Data-Processing\Raw-Data\Otsu\M3\480p\Traffic2\Traffic2-Mask.mp4,0.7383,0.137,0.9138,0.743,0.0167,0.6751,5
480p,Traffic2,K3,A0.01_,T0.9,M4,Data-Processing\Raw-Data\Param-Sweep\480p\Traffic2\K3\A0.01_\T0.9\M4\Traffic2-Mask.mp4,Data-Processing\Raw-Data\OpenCV\M4\480p\Traffic2\Traffic2-Mask.mp4,Data-Processing\Raw-Data\Otsu\M4\480p\Traffic2\Traffic2-Mask.mp4,0.741,0.1379,0.9153,0.8198,0.0084,0.7678,5
480p,Traffic2,K3,A0.01_,T0.9,M5,Data-Processing\Raw-Data\Param-Sweep\480p\Traffic2\K3\A0.01_\T0.9\M5\Traffic2-Mask.mp4,Data-Processing\Raw-Data\OpenCV\M5\480p\Traffic2\Traffic2-Mask.mp4,Data-Processing\Raw-Data\Otsu\M5\480p\Traffic2\Traffic2-Mask.mp4,0.7512,0.1416,0.9332,0.8589,0.0054,0.8162,5
480p,Traffic2,K3,A0.1_,T0.5,M3,Data-Processing\Raw-Data\Param-Sweep\480p\Traffic2\K3\A0.1_\T0.5\M3\Traffic2-Mask.mp4,Data-Processing\Raw-Data\OpenCV\M3\480p\Traffic2\Traffic2-Mask.mp4,Data-Processing\Raw-Data\Otsu\M3\480p\Traffic2\Traffic2-Mask.mp4,0.6269,0.104,0.8145,0.6787,0.0307,0.6148,5
480p,Traffic2,K3,A0.1_,T0.5,M4,Data-Processing\Raw-Data\Param-Sweep\480p\Traffic2\K3\A0.1_\T0.5\M4\Traffic2-Mask.mp4,Data-Processing\Raw-Data\OpenCV\M4\480p\Traffic2\Traffic2-Mask.mp4,Data-Processing\Raw-Data\Otsu\M4\480p\Traffic2\Traffic2-Mask.mp4,0.6891,0.1198,0.8714,0.7949,0.0117,0.7494,5
480p,Traffic2,K3,A0.1_,T0.5,M5,Data-Processing\Raw-Data\Param-Sweep\480p\Traffic2\K3\A0.1_\T0.5\M5\Traffic2-Mask.mp4,Data-Processing\Raw-Data\OpenCV\M5\480p\Traffic2\Traffic2-Mask.mp4,Data-Processing\Raw-Data\Otsu\M5\480p\Traffic2\Traffic2-Mask.mp4,0.694,0.1214,0.8814,0.8316,0.008,0.7981,5
480p,Traffic2,K3,A0.1_,T0.7,M3,Data-Processing\Raw-Data\Param-Sweep\480p\Traffic2\K3\A0.1_\T0.7\M3\Traffic2-Mask.mp4,Data-Processing\Raw-Data\OpenCV\M3\480p\Traffic2\Traffic2-Mask.mp4,Data-Processing\Raw-Data\Otsu\M3\480p\Traffic2\Traffic2-Mask.mp4,0.6552,0.1115,0.8506,0.7011,0.0259,0.647,5
480p,Traffic2,K3,A0.1_,T0.7,M4,Data-Processing\Raw-Data\Param-Sweep\480p\Traffic2\K3\A0.1_\T0.7\M4\Traffic2-Mask.mp4,Data-Processing\Raw-Data\OpenCV\M4\480p\Traffic2\Traffic2-Mask.mp4,Data-Processing\Raw-Data\Otsu\M4\480p\Traffic2\Traffic2-Mask.mp4,0.7028,0.1243,0.8713,0.8097,0.0099,0.7731,5
480p,Traffic2,K3,A0.1_,T0.7,M5,Data-Processing\Raw-Data\Param-Sweep\480p\Traffic2\K3\A0.1_\T0.7\M5\Traffic2-Mask.mp4,Data-Processing\Raw-Data\OpenCV\M5\480p\Traffic2\Traffic2-Mask.mp4,Data-Processing\Raw-Data\Otsu\M5\480p\Traffic2\Traffic2-Mask.mp4,0.7092,0.1265,0.885,0.8489,0.0064,0.826,5
480p,Traffic2,K3,A0.1_,T0.9,M3,Data-Processing\Raw-Data\Param-Sweep\480p\Traffic2\K3\A0.1_\T0.9\M3\Traffic2-Mask.mp4,Data-Processing\Raw-Data\OpenCV\M3\480p\Traffic2\Traffic2-Mask.mp4,Data-Processing\Raw-Data\Otsu\M3\480p\Traffic2\Traffic2-Mask.mp4,0.7118,0.1274,0.8671,0.7456,0.0167,0.6929,5
480p,Traffic2,K3,A0.1_,T0.9,M4,Data-Processing\Raw-Data\Param-Sweep\480p\Traffic2\K3\A0.1_\T0.9\M4\Traffic2-Mask.mp4,Data-Processing\Raw-Data\OpenCV\M4\480p\Traffic2\Traffic2-Mask.mp4,Data-Processing\Raw-Data\Otsu\M4\480p\Traffic2\Traffic2-Mask.mp4,0.7267,0.1325,0.8945,0.8319,0.0073,0.8041,5
480p,Traffic2,K3,A0.1_,T0.9,M5,Data-Processing\Raw-Data\Param-Sweep\480p\Traffic2\K3\A0.1_\T0.9\M5\Traffic2-Mask.mp4,Data-Processing\Raw-Data\OpenCV\M5\480p\Traffic2\Traffic2-Mask.mp4,Data-Processing\Raw-Data\Otsu\M5\480p\Traffic2\Traffic2-Mask.mp4,0.7345,0.1352,0.9045,0.8732,0.0042,0.8487,5
480p,Traffic2,K4,A0.001_,T0.5,M3,Data-Processing\Raw-Data\Param-Sweep\480p\Traffic2\K4\A0.001_\T0.5\M3\Traffic2-Mask.mp4,Data-Processing\Raw-Data\OpenCV\M3\480p\Traffic2\Traffic2-Mask.mp4,Data-Processing\Raw-Data\Otsu\M3\480p\Traffic2\Traffic2-Mask.mp4,0.3854,0.1166,0.3092,0.5128,0.1014,0.5738,5
480p,Traffic2,K4,A0.001_,T0.5,M4,Data-Processing\Raw-Data\Param-Sweep\480p\Traffic2\K4\A0.001_\T0.5\M4\Traffic2-Mask.mp4,Data-Processing\Raw-Data\OpenCV\M4\480p\Traffic2\Traffic2-Mask.mp4,Data-Processing\Raw-Data\Otsu\M4\480p\Traffic2\Traffic2-Mask.mp4,0.4542,0.1219,0.4659,0.6009,0.0873,0.694,5
480p,Traffic2,K4,A0.001_,T0.5,M5,Data-Processing\Raw-Data\Param-Sweep\480p\Traffic2\K4\A0.001_\T0.5\M5\Traffic2-Mask.mp4,Data-Processing\Raw-Data\OpenCV\M5\480p\Traffic2\Traffic2-Mask.mp4,Data-Processing\Raw-Data\Otsu\M5\480p\Traffic2\Traffic2-Mask.mp4,0.4551,0.1233,0.4673,0.6175,0.0916,0.7313,5
480p,Traffic2,K4,A0.001_,T0.7,M3,Data-Processing\Raw-Data\Param-Sweep\480p\Traffic2\K4\A0.001_\T0.7\M3\Traffic2-Mask.mp4,Data-Processing\Raw-Data\OpenCV\M3\480p\Traffic2\Traffic2-Mask.mp4,Data-Processing\Raw-Data\Otsu\M3\480p\Traffic2\Traffic2-Mask.mp4,0.4668,0.1334,0.6152,0.5685,0.0919,0.6102,5
480p,Traffic2,K4,A0.001_,T0.7,M4,Data-Processing\Raw-Data\Param-Sweep\480p\Traffic2\K4\A0.001_\T0.7\M4\Traffic2-Mask.mp4,Data-Processing\Raw-Data\OpenCV\M4\480p\Traffic2\Traffic2-Mask.mp4,Data-Processing\Raw-Data\Otsu\M4\480p\Traffic2\Traffic2-Mask.mp4,0.5478,0.1393,0.8201,0.6693,0.0725,0.7147,5
480p,Traffic2,K4,A0.001_,T0.7,M5,Data-Processing\Raw-Data\Param-Sweep\480p\Traffic2\K4\A0.001_\T0.7\M5\Traffic2-Mask.mp4,Data-Processing\Raw-Data\OpenCV\M5\480p\Traffic2\Traffic2-Mask.mp4,Data-Processing\Raw-Data\Otsu\M5\480p\Traffic2\Traffic2-Mask.mp4,0.5502,0.1416,0.8225,0.6959,0.0751,0.7567,5
480p,Traffic2,K4,A0.001_,T0.9,M3,Data-Processing\Raw-Data\Param-Sweep\480p\Traffic2\K4\A0.001_\T0.9\M3\Traffic2-Mask.mp4,Data-Processing\Raw-Data\OpenCV\M3\480p\Traffic2\Traffic2-Mask.mp4,Data-Processing\Raw-Data\Otsu\M3\480p\Traffic2\Traffic2-Mask.mp4,0.589,0.1586,0.8712,0.6355,0.071,0.6593,5
480p,Traffic2,K4,A0.001_,T0.9,M4,Data-Processing\Raw-Data\Param-Sweep\480p\Traffic2\K4\A0.001_\T0.9\M4\Traffic2-Mask.mp4,Data-Processing\Raw-Data\OpenCV\M4\480p\Traffic2\Traffic2-Mask.mp4,Data-Processing\Raw-Data\Otsu\M4\480p\Traffic2\Traffic2-Mask.mp4,0.66,0.1316,0.9033,0.7467,0.0328,0.7538,5
480p,Traffic2,K4,A0.001_,T0.9,M5,Data-Processing\Raw-Data\Param-Sweep\480p\Traffic2\K4\A0.001_\T0.9\M5\Traffic2-Mask.mp4,Data-Processing\Raw-Data\OpenCV\M5\480p\Traffic2\Traffic2-Mask.mp4,Data-Processing\Raw-Data\Otsu\M5\480p\Traffic2\Traffic2-Mask.mp4,0.6649,0.1343,0.9091,0.7817,0.0319,0.8071,5
480p,Traffic2,K4,A0.01_,T0.5,M3,Data-Processing\Raw-Data\Param-Sweep\480p\Traffic2\K4\A0.01_\T0.5\M3\Traffic2-Mask.mp4,Data-Processing\Raw-Data\OpenCV\M3\480p\Traffic2\Traffic2-Mask.mp4,Data-Processing\Raw-Data\Otsu\M3\480p\Traffic2\Traffic2-Mask.mp4,0.7212,0.1314,0.8956,0.7286,0.019,0.6657,5
480p,Traffic2,K4,A0.01_,T0.5,M4,Data-Processing\Raw-Data\Param-Sweep\480p\Traffic2\K4\A0.01_\T0.5\M4\Traffic2-Mask.mp4,Data-Processing\Raw-Data\OpenCV\M4\480p\Traffic2\Traffic2-Mask.mp4,Data-Processing\Raw-Data\Otsu\M4\480p\Traffic2\Traffic2-Mask.mp4,0.7272,0.1331,0.8985,0.8064,0.0098,0.7599,5
480p,Traffic2,K4,A0.01_,T0.5,M5,Data-Processing\Raw-Data\Param-Sweep\480p\Traffic2\K4\A0.01_\T0.5\M5\Traffic2-Mask.mp4,Data-Processing\Raw-Data\OpenCV\M5\480p\Traffic2\Traffic2-Mask.mp4,Data-Processing\Raw-Data\Otsu\M5\480p\Traffic2\Traffic2-Mask.mp4,0.7343,0.1357,0.9144,0.8436,0.007,0.8098,5
480p,Traffic2,K4,A0.01_,T0.7,M3,Data-Processing\Raw-Data\Param-Sweep\480p\Traffic2\K4\A0.01_\T0.7\M3\Traffic2-Mask.mp4,Data-Processing\Raw-Data\OpenCV\M3\480p\Traffic2\Traffic2-Mask.mp4,Data-Processing\Raw-Data\Otsu\M3\480p\Traffic2\Traffic2-Mask.mp4,0.736,0.136,0.9102,0.7373,0.0174,0.6679,5
480p,Traffic2,K4,A0.01_,T0.7,M4,Data-Processing\Raw-Data\Param-Sweep\480p\Traffic2\K4\A0.01_\T0.7\M4\Traffic2-Mask.mp4,Data-Processing\Raw-Data\OpenCV\M4\480p\Traffic2\Traffic2-Mask.mp4,Data-Processing\Raw-Data\Otsu\M4\480p\Traffic2\Traffic2-Mask.mp4,0.7392,0.137,0.9122,0.815,0.0087,0.7622,5
480p,Traffic2,K4,A0.01_,T0.7,M5,Data-Processing\Raw-Data\Param-Sweep\480p\Traffic2\K4\A0.01_\T0.7\M5\Traffic2-Mask.mp4,Data-Processing\Raw-Data\OpenCV\M5\480p\Traffic2\Traffic2-Mask.mp4,Data-Processing\Raw-Data\Otsu\M5\480p\Traffic2\Traffic2-Mask.mp4,0.7489,0.1405,0.93,0.8533,0.0057,0.8125,5
480p,Traffic2,K4,A0.01_,T0.9,M3,Data-Processing\Raw-Data\Param-Sweep\480p\Traffic2\K4\A0.01_\T0.9\M3\Traffic2-Mask.mp4,Data-Processing\Raw-Data\OpenCV\M3\480p\Traffic2\Traffic2-Mask.mp4,Data-Processing\Raw-Data\Otsu\M3\480p\Traffic2\Traffic2-Mask.mp4,0.7418,0.1382,0.9203,0.7479,0.0161,0.6921,5
480p,Traffic2,K4,A0.01_,T0.9,M4,Data-Processing\Raw-Data\Param-Sweep\480p\Traffic2\K4\A0.01_\T0.9\M4\Traffic2-Mask.mp4,Data-Processing\Raw-Data\OpenCV\M4\480p\Traffic2\Traffic2-Mask.mp4,Data-Processing\Raw-Data\Otsu\M4\480p\Traffic2\Traffic2-Mask.mp4,0.7428,0.1385,0.9187,0.8259,0.0078,0.788,5
480p,Traffic2,K4,A0.01_,T0.9,M5,Data-Processing\Raw-Data\Param-Sweep\480p\Traffic2\K4\A0.01_\T0.9\M5\Traffic2-Mask.mp4,Data-Processing\Raw-Data\OpenCV\M5\480p\Traffic2\Traffic2-Mask.mp4,Data-Processing\Raw-Data\Otsu\M5\480p\Traffic2\Traffic2-Mask.mp4,0.7551,0.1429,0.9386,0.8664,0.0047,0.8255,5
480p,Traffic2,K4,A0.1_,T0.5,M3,Data-Processing\Raw-Data\Param-Sweep\480p\Traffic2\K4\A0.1_\T0.5\M3\Traffic2-Mask.mp4,Data-Processing\Raw-Data\OpenCV\M3\480p\Traffic2\Traffic2-Mask.mp4,Data-Processing\Raw-Data\Otsu\M3\480p\Traffic2\Traffic2-Mask.mp4,0.6256,0.1034,0.8143,0.6797,0.0306,0.6141,5
480p,Traffic2,K4,A0.1_,T0.5,M4,Data-Processing\Raw-Data\Param-Sweep\480p\Traffic2\K4\A0.1_\T0.5\M4\Traffic2-Mask.mp4,Data-Processing\Raw-Data\OpenCV\M4\480p\Traffic2\Traffic2-Mask.mp4,Data-Processing\Raw-Data\Otsu\M4\480p\Traffic2\Traffic2-Mask.mp4,0.6885,0.1194,0.8681,0.7964,0.0116,0.7505,5
480p,Traffic2,K4,A0.1_,T0.5,M5,Data-Processing\Raw-Data\Param-Sweep\480p\Traffic2\K4\A0.1_\T0.5\M5\Traffic2-Mask.mp4,Data-Processing\Raw-Data\OpenCV\M5\480p\Traffic2\Traffic2-Mask.mp4,Data-Processing\Raw-Data\Otsu\M5\480p\Traffic2\Traffic2-Mask.mp4,0.694,0.1212,0.879,0.8342,0.0078,0.8004,5
480p,Traffic2,K4,A0.1_,T0.7,M3,Data-Processing\Raw-Data\Param-Sweep\480p\Traffic2\K4\A0.1_\T0.7\M3\Traffic2-Mask.mp4,Data-Processing\Raw-Data\OpenCV\M3\480p\Traffic2\Traffic2-Mask.mp4,Data-Processing\Raw-Data\Otsu\M3\480p\Traffic2\Traffic2-Mask.mp4,0.6554,0.1114,0.8479,0.7043,0.0253,0.6487,5
480p,Traffic2,K4,A0.1_,T0.7,M4,Data-Processing\Raw-Data\Param-Sweep\480p\Traffic2\K4\A0.1_\T0.7\M4\Traffic2-Mask.mp4,Data-Processing\Raw-Data\OpenCV\M4\480p\Traffic2\Traffic2-Mask.mp4,Data-Processing\Raw-Data\Otsu\M4\480p\Traffic2\Traffic2-Mask.mp4,0.7032,0.1244,0.8712,0.813,0.0096,0.7755,5
480p,Traffic2,K4,A0.1_,T0.7,M5,Data-Processing\Raw-Data\Param-Sweep\480p\Traffic2\K4\A0.1_\T0.7\M5\Traffic2-Mask.mp4,Data-Processing\Raw-Data\OpenCV\M5\480p\Traffic2\Traffic2-Mask.mp4,Data-Processing\Raw-Data\Otsu\M5\480p\Traffic2\Traffic2-Mask.mp4,0.71,0.1267,0.885,0.8529,0.006,0.8282,5
480p,Traffic2,K4,A0.1_,T0.9,M3,Data-Processing\Raw-Data\Param-Sweep\480p\Traffic2\K4\A0.1_\T0.9\M3\Traffic2-Mask.mp4,Data-Processing\Raw-Data\OpenCV\M3\480p\Traffic2\Traffic2-Mask.mp4,Data-Processing\Raw-Data\Otsu\M3\480p\Traffic2\Traffic2-Mask.mp4,0.7135,0.128,0.8728,0.7482,0.0163,0.6969,5
480p,Traffic2,K4,A0.1_,T0.9,M4,Data-Processing\Raw-Data\Param-Sweep\480p\Traffic2\K4\A0.1_\T0.9\M4\Traffic2-Mask.mp4,Data-Processing\Raw-Data\OpenCV\M4\480p\Traffic2\Traffic2-Mask.mp4,Data-Processing\Raw-Data\Otsu\M4\480p\Traffic2\Traffic2-Mask.mp4,0.7269,0.1326,0.895,0.8335,0.0071,0.8073,5
480p,Traffic2,K4,A0.1_,T0.9,M5,Data-Processing\Raw-Data\Param-Sweep\480p\Traffic2\K4\A0.1_\T0.9\M5\Traffic2-Mask.mp4,Data-Processing\Raw-Data\OpenCV\M5\480p\Traffic2\Traffic2-Mask.mp4,Data-Processing\Raw-Data\Otsu\M5\480p\Traffic2\Traffic2-Mask.mp4,0.735,0.1354,0.9063,0.8751,0.004,0.8502,5
120p,Traffic2,K2,A0.001_,T0.5,M3,Data-Processing\Raw-Data\Param-Sweep\120p\Traffic2\K2\A0.001_\T0.5\M3\Traffic2-Mask.mp4,Data-Processing\Raw-Data\OpenCV\M3\120p\Traffic2\Traffic2-Mask.mp4,Data-Processing\Raw-Data\Otsu\M3\120p\Traffic2\Traffic2-Mask.mp4,0.2094,0.0185,0.2448,0.2904,0.0669,0.2614,10
120p,Traffic2,K2,A0.001_,T0.5,M4,Data-Processing\Raw-Data\Param-Sweep\120p\Traffic2\K2\A0.001_\T0.5\M4\Traffic2-Mask.mp4,Data-Processing\Raw-Data\OpenCV\M4\120p\Traffic2\Traffic2-Mask.mp4,Data-Processing\Raw-Data\Otsu\M4\120p\Traffic2\Traffic2-Mask.mp4,0.4676,0.0513,0.5815,0.5476,0.0468,0.599,10
120p,Traffic2,K2,A0.001_,T0.5,M5,Data-Processing\Raw-Data\Param-Sweep\120p\Traffic2\K2\A0.001_\T0.5\M5\Traffic2-Mask.mp4,Data-Processing\Raw-Data\OpenCV\M5\120p\Traffic2\Traffic2-Mask.mp4,Data-Processing\Raw-Data\Otsu\M5\120p\Traffic2\Traffic2-Mask.mp4,0.4755,0.0532,0.5898,0.5516,0.0468,0.606,10
120p,Traffic2,K2,A0.001_,T0.7,M3,Data-Processing\Raw-Data\Param-Sweep\120p\Traffic2\K2\A0.001_\T0.7\M3\Traffic2-Mask.mp4,Data-Processing\Raw-Data\OpenCV\M3\120p\Traffic2\Traffic2-Mask.mp4,Data-Processing\Raw-Data\Otsu\M3\120p\Traffic2\Traffic2-Mask.mp4,0.2622,0.0418,0.2492,0.3401,0.0742,0.2702,10
120p,Traffic2,K2,A0.001_,T0.7,M4,Data-Processing\Raw-Data\Param-Sweep\120p\Traffic2\K2\A0.001_\T0.7\M4\Traffic2-Mask.mp4,Data-Processing\Raw-Data\OpenCV\M4\120p\Traffic2\Traffic2-Mask.mp4,Data-Processing\Raw-Data\Otsu\M4\120p\Traffic2\Traffic2-Mask.mp4,0.5071,0.0634,0.5815,0.5864,0.0487,0.6002,10
120p,Traffic2,K2,A0.001_,T0.7,M5,Data-Processing\Raw-Data\Param-Sweep\120p\Traffic2\K2\A0.001_\T0.7\M5\Traffic2-Mask.mp4,Data-Processing\Raw-Data\OpenCV\M5\120p\Traffic2\Traffic2-Mask.mp4,Data-Processing\Raw-Data\Otsu\M5\120p\Traffic2\Traffic2-Mask.mp4,0.5151,0.066,0.5898,0.5911,0.049,0.6118,10
120p,Traffic2,K2,A0.001_,T0.9,M3,Data-Processing\Raw-Data\Param-Sweep\120p\Traffic2\K2\A0.001_\T0.9\M3\Traffic2-Mask.mp4,Data-Processing\Raw-Data\OpenCV\M3\120p\Traffic2\Traffic2-Mask.mp4,Data-Processing\Raw-Data\Otsu\M3\120p\Traffic2\Traffic2-Mask.mp4,0.4846,0.0694,0.5398,0.5298,0.0572,0.5371,10
120p,Traffic2,K2,A0.001_,T0.9,M4,Data-Processing\Raw-Data\Param-Sweep\120p\Traffic2\K2\A0.001_\T0.9\M4\Traffic2-Mask.mp4,Data-Processing\Raw-Data\OpenCV\M4\120p\Traffic2\Traffic2-Mask.mp4,Data-Processing\Raw-Data\Otsu\M4\120p\Traffic2\Traffic2-Mask.mp4,0.6198,0.0731,0.7083,0.6904,0.0384,0.7153,10
120p,Traffic2,K2,A0.001_,T0.9,M5,Data-Processing\Raw-Data\Param-Sweep\120p\Traffic2\K2\A0.001_\T0.9\M5\Traffic2-Mask.mp4,Data-Processing\Raw-Data\OpenCV\M5\120p\Traffic2\Traffic2-Mask.mp4,Data-Processing\Raw-Data\Otsu\M5\120p\Traffic2\Traffic2-Mask.mp4,0.6282,0.0765,0.7126,0.6999,0.0398,0.7176,10
120p,Traffic2,K2,A0.01_,T0.5,M3,Data-Processing\Raw-Data\Param-Sweep\120p\Traffic2\K2\A0.01_\T0.5\M3\Traffic2-Mask.mp4,Data-Processing\Raw-Data\OpenCV\M3\120p\Traffic2\Traffic2-Mask.mp4,Data-Processing\Raw-Data\Otsu\M3\120p\Traffic2\Traffic2-Mask.mp4,0.6257,0.0744,0.6957,0.644,0.0419,0.711,10
120p,Traffic2,K2,A0.01_,T0.5,M4,Data-Processing\Raw-Data\Param-Sweep\120p\Traffic2\K2\A0.01_\T0.5\M4\Traffic2-Mask.mp4,Data-Processing\Raw-Data\OpenCV\M4\120p\Traffic2\Traffic2-Mask.mp4,Data-Processing\Raw-Data\Otsu\M4\120p\Traffic2\Traffic2-Mask.mp4,0.7309,0.0655,0.79,0.7945,0.0112,0.7952,10
120p,Traffic2,K2,A0.01_,T0.5,M5,Data-Processing\Raw-Data\Param-Sweep\120p\Traffic2\K2\A0.01_\T0.5\M5\Traffic2-Mask.mp4,Data-Processing\Raw-Data\OpenCV\M5\120p\Traffic2\Traffic2-Mask.mp4,Data-Processing\Raw-Data\Otsu\M5\120p\Traffic2\Traffic2-Mask.mp4,0.7477,0.0684,0.8102,0.8135,0.0123,0.8252,10
120p,Traffic2,K2,A0.01_,T0.7,M3,Data-Processing\Raw-Data\Param-Sweep\120p\Traffic2\K2\A0.01_\T0.7\M3\Traffic2-Mask.mp4,Data-Processing\Raw-Data\OpenCV\M3\120p\Traffic2\Traffic2-Mask.mp4,Data-Processing\Raw-Data\Otsu\M3\120p\Traffic2\Traffic2-Mask.mp4,0.6853,0.074,0.8011,0.6976,0.0286,0.7182,10
120p,Traffic2,K2,A0.01_,T0.7,M4,Data-Processing\Raw-Data\Param-Sweep\120p\Traffic2\K2\A0.01_\T0.7\M4\Traffic2-Mask.mp4,Data-Processing\Raw-Data\OpenCV\M4\120p\Traffic2\Traffic2-Mask.mp4,Data-Processing\Raw-Data\Otsu\M4\120p\Traffic2\Traffic2-Mask.mp4,0.7497,0.0674,0.8277,0.8108,0.0087,0.7996,10
120p,Traffic2,K2,A0.01_,T0.7,M5,Data-Processing\Raw-Data\Param-Sweep\120p\Traffic2\K2\A0.01_\T0.7\M5\Traffic2-Mask.mp4,Data-Processing\Raw-Data\OpenCV\M5\120p\Traffic2\Traffic2-Mask.mp4,Data-Processing\Raw-Data\Otsu\M5\120p\Traffic2\Traffic2-Mask.mp4,0.767,0.07,0.8573,0.8298,0.0094,0.831,10
120p,Traffic2,K2,A0.01_,T0.9,M3,Data-Processing\Raw-Data\Param-Sweep\120p\Traffic2\K2\A0.01_\T0.9\M3\Traffic2-Mask.mp4,Data-Processing\Raw-Data\OpenCV\M3\120p\Traffic2\Traffic2-Mask.mp4,Data-Processing\Raw-Data\Otsu\M3\120p\Traffic2\Traffic2-Mask.mp4,0.7337,0.0681,0.8242,0.7405,0.0146,0.7561,10
120p,Traffic2,K2,A0.01_,T0.9,M4,Data-Processing\Raw-Data\Param-Sweep\120p\Traffic2\K2\A0.01_\T0.9\M4\Traffic2-Mask.mp4,Data-Processing\Raw-Data\OpenCV\M4\120p\Traffic2\Traffic2-Mask.mp4,Data-Processing\Raw-Data\Otsu\M4\120p\Traffic2\Traffic2-Mask.mp4,0.778,0.07,0.87,0.8373,0.0061,0.8401,10
120p,Traffic2,K2,A0.01_,T0.9,M5,Data-Processing\Raw-Data\Param-Sweep\120p\Traffic2\K2\A0.01_\T0.9\M5\Traffic2-Mask.mp4,Data-Processing\Raw-Data\OpenCV\M5\120p\Traffic2\Traffic2-Mask.mp4,Data-Processing\Raw-Data\Otsu\M5\120p\Traffic2\Traffic2-Mask.mp4,0.7994,0.0734,0.8876,0.8589,0.0063,0.8625,10
120p,Traffic2,K2,A0.1_,T0.5,M3,Data-Processing\Raw-Data\Param-Sweep\120p\Traffic2\K2\A0.1_\T0.5\M3\Traffic2-Mask.mp4,Data-Processing\Raw-Data\OpenCV\M3\120p\Traffic2\Traffic2-Mask.mp4,Data-Processing\Raw-Data\Otsu\M3\120p\Traffic2\Traffic2-Mask.mp4,0.6498,0.0722,0.7527,0.6715,0.0337,0.6996,10
120p,Traffic2,K2,A0.1_,T0.5,M4,Data-Processing\Raw-Data\Param-Sweep\120p\Traffic2\K2\A0.1_\T0.5\M4\Traffic2-Mask.mp4,Data-Processing\Raw-Data\OpenCV\M4\120p\Traffic2\Traffic2-Mask.mp4,Data-Processing\Raw-Data\Otsu\M4\120p\Traffic2\Traffic2-Mask.mp4,0.7289,0.0656,0.8171,0.8004,0.0109,0.8159,10
120p,Traffic2,K2,A0.1_,T0.5,M5,Data-Processing\Raw-Data\Param-Sweep\120p\Traffic2\K2\A0.1_\T0.5\M5\Traffic2-Mask.mp4,Data-Processing\Raw-Data\OpenCV\M5\120p\Traffic2\Traffic2-Mask.mp4,Data-Processing\Raw-Data\Otsu\M5\120p\Traffic2\Traffic2-Mask.mp4,0.7423,0.0666,0.8343,0.8227,0.0101,0.8354,10
120p,Traffic2,K2,A0.1_,T0.7,M3,Data-Processing\Raw-Data\Param-Sweep\120p\Traffic2\K2\A0.1_\T0.7\M3\Traffic2-Mask.mp4,Data-Processing\Raw-Data\OpenCV\M3\120p\Traffic2\Traffic2-Mask.mp4,Data-Processing\Raw-Data\Otsu\M3\120p\Traffic2\Traffic2-Mask.mp4,0.6724,0.0771,0.7821,0.6957,0.033,0.7477,10
120p,Traffic2,K2,A0.1_,T0.7,M4,Data-Processing\Raw-Data\Param-Sweep\120p\Traffic2\K2\A0.1_\T0.7\M4\Traffic2-Mask.mp4,Data-Processing\Raw-Data\OpenCV\M4\120p\Traffic2\Traffic2-Mask.mp4,Data-Processing\Raw-Data\Otsu\M4\120p\Traffic2\Traffic2-Mask.mp4,0.7434,0.0683,0.8195,0.8179,0.01,0.8461,10
120p,Traffic2,K2,A0.1_,T0.7,M5,Data-Processing\Raw-Data\Param-Sweep\120p\Traffic2\K2\A0.1_\T0.7\M5\Traffic2-Mask.mp4,Data-Processing\Raw-Data\OpenCV\M5\120p\Traffic2\Traffic2-Mask.mp4,Data-Processing\Raw-Data\Otsu\M5\120p\Traffic2\Traffic2-Mask.mp4,0.7588,0.07,0.8353,0.8405,0.0095,0.8649,10
120p,Traffic2,K2,A0.1_,T0.9,M3,Data-Processing\Raw-Data\Param-Sweep\120p\Traffic2\K2\A0.1_\T0.9\M3\Traffic2-Mask.mp4,Data-Processing\Raw-Data\OpenCV\M3\120p\Traffic2\Traffic2-Mask.mp4,Data-Processing\Raw-Data\Otsu\M3\120p\Traffic2\Traffic2-Mask.mp4,0.701,0.0818,0.7976,0.7338,0.0306,0.7674,10
120p,Traffic2,K2,A0.1_,T0.9,M4,Data-Processing\Raw-Data\Param-Sweep\120p\Traffic2\K2\A0.1_\T0.9\M4\Traffic2-Mask.mp4,Data-Processing\Raw-Data\OpenCV\M4\120p\Traffic2\Traffic2-Mask.mp4,Data-Processing\Raw-Data\Otsu\M4\120p\Traffic2\Traffic2-Mask.mp4,0.771,0.0715,0.8314,0.8596,0.0069,0.865,10
120p,Traffic2,K2,A0.1_,T0.9,M5,Data-Processing\Raw-Data\Param-Sweep\120p\Traffic2\K2\A0.1_\T0.9\M5\Traffic2-Mask.mp4,Data-Processing\Raw-Data\OpenCV\M5\120p\Traffic2\Traffic2-Mask.mp4,Data-Processing\Raw-Data\Otsu\M5\120p\Traffic2\Traffic2-Mask.mp4,0.7899,0.0745,0.8531,0.8903,0.0064,0.9146,10
120p,Traffic2,K3,A0.001_,T0.5,M3,Data-Processing\Raw-Data\Param-Sweep\120p\Traffic2\K3\A0.001_\T0.5\M3\Traffic2-Mask.mp4,Data-Processing\Raw-Data\OpenCV\M3\120p\Traffic2\Traffic2-Mask.mp4,Data-Processing\Raw-Data\Otsu\M3\120p\Traffic2\Traffic2-Mask.mp4,0.3438,0.0519,0.2745,0.4046,0.0688,0.2695,10
120p,Traffic2,K3,A0.001_,T0.5,M4,Data-Processing\Raw-Data\Param-Sweep\120p\Traffic2\K3\A0.001_\T0.5\M4\Traffic2-Mask.mp4,Data-Processing\Raw-Data\OpenCV\M4\120p\Traffic2\Traffic2-Mask.mp4,Data-Processing\Raw-Data\Otsu\M4\120p\Traffic2\Traffic2-Mask.mp4,0.5308,0.0521,0.5848,0.6102,0.0341,0.6076,10
120p,Traffic2,K3,A0.001_,T0.5,M5,Data-Processing\Raw-Data\Param-Sweep\120p\Traffic2\K3\A0.001_\T0.5\M5\Traffic2-Mask.mp4,Data-Processing\Raw-Data\OpenCV\M5\120p\Traffic2\Traffic2-Mask.mp4,Data-Processing\Raw-Data\Otsu\M5\120p\Traffic2\Traffic2-Mask.mp4,0.5395,0.0533,0.6039,0.6154,0.034,0.6194,10
120p,Traffic2,K3,A0.001_,T0.7,M3,Data-Processing\Raw-Data\Param-Sweep\120p\Traffic2\K3\A0.001_\T0.7\M3\Traffic2-Mask.mp4,Data-Processing\Raw-Data\OpenCV\M3\120p\Traffic2\Traffic2-Mask.mp4,Data-Processing\Raw-Data\Otsu\M3\120p\Traffic2\Traffic2-Mask.mp4,0.4719,0.0874,0.4228,0.5175,0.0707,0.5352,10
120p,Traffic2,K3,A0.001_,T0.7,M4,Data-Processing\Raw-Data\Param-Sweep\120p\Traffic2\K3\A0.001_\T0.7\M4\Traffic2-Mask.mp4,Data-Processing\Raw-Data\OpenCV\M4\120p\Traffic2\Traffic2-Mask.mp4,Data-Processing\Raw-Data\Otsu\M4\120p\Traffic2\Traffic2-Mask.mp4,0.61,0.0655,0.6705,0.6862,0.0311,0.7136,10
120p,Traffic2,K3,A0.001_,T0.7,M5,Data-Processing\Raw-Data\Param-Sweep\120p\Traffic2\K3\A0.001_\T0.7\M5\Traffic2-Mask.mp4,Data-Processing\Raw-Data\OpenCV\M5\120p\Traffic2\Traffic2-Mask.mp4,Data-Processing\Raw-Data\Otsu\M5\120p\Traffic2\Traffic2-Mask.mp4,0.6229,0.0695,0.683,0.6973,0.032,0.7298,10
120p,Traffic2,K3,A0.001_,T0.9,M3,Data-Processing\Raw-Data\Param-Sweep\120p\Traffic2\K3\A0.001_\T0.9\M3\Traffic2-Mask.mp4,Data-Processing\Raw-Data\OpenCV\M3\120p\Traffic2\Traffic2-Mask.mp4,Data-Processing\Raw-Data\Otsu\M3\120p\Traffic2\Traffic2-Mask.mp4,0.6582,0.0892,0.7682,0.6739,0.0423,0.722,10
120p,Traffic2,K3,A0.001_,T0.9,M4,Data-Processing\Raw-Data\Param-Sweep\120p\Traffic2\K3\A0.001_\T0.9\M4\Traffic2-Mask.mp4,Data-Processing\Raw-Data\OpenCV\M4\120p\Traffic2\Traffic2-Mask.mp4,Data-Processing\Raw-Data\Otsu\M4\120p\Traffic2\Traffic2-Mask.mp4,0.7198,0.0687,0.7915,0.7879,0.0151,0.7778,10
120p,Traffic2,K3,A0.001_,T0.9,M5,Data-Processing\Raw-Data\Param-Sweep\120p\Traffic2\K3\A0.001_\T0.9\M5\Traffic2-Mask.mp4,Data-Processing\Raw-Data\OpenCV\M5\120p\Traffic2\Traffic2-Mask.mp4,Data-Processing\Raw-Data\Otsu\M5\120p\Traffic2\Traffic2-Mask.mp4,0.7397,0.0733,0.8269,0.8058,0.0162,0.8042,10
120p,Traffic2,K3,A0.01_,T0.5,M3,Data-Processing\Raw-Data\Param-Sweep\120p\Traffic2\K3\A0.01_\T0.5\M3\Traffic2-Mask.mp4,Data-Processing\Raw-Data\OpenCV\M3\120p\Traffic2\Traffic2-Mask.mp4,Data-Processing\Raw-Data\Otsu\M3\120p\Traffic2\Traffic2-Mask.mp4,0.6966,0.0727,0.7818,0.6994,0.027,0.7491,10
120p,Traffic2,K3,A0.01_,T0.5,M4,Data-Processing\Raw-Data\Param-Sweep\120p\Traffic2\K3\A0.01_\T0.5\M4\Traffic2-Mask.mp4,Data-Processing\Raw-Data\OpenCV\M4\120p\Traffic2\Traffic2-Mask.mp4,Data-Processing\Raw-Data\Otsu\M4\120p\Traffic2\Traffic2-Mask.mp4,0.7639,0.0692,0.8481,0.8218,0.0088,0.844,10
120p,Traffic2,K3,A0.01_,T0.5,M5,Data-Processing\Raw-Data\Param-Sweep\120p\Traffic2\K3\A0.01_\T0.5\M5\Traffic2-Mask.mp4,Data-Processing\Raw-Data\OpenCV\M5\120p\Traffic2\Traffic2-Mask.mp4,Data-Processing\Raw-Data\Otsu\M5\120p\Traffic2\Traffic2-Mask.mp4,0.7844,0.0723,0.8771,0.842,0.0092,0.8638,10
120p,Traffic2,K3,A0.01_,T0.7,M3,Data-Processing\Raw-Data\Param-Sweep\120p\Traffic2\K3\A0.01_\T0.7\M3\Traffic2-Mask.mp4,Data-Processing\Raw-Data\OpenCV\M3\120p\Traffic2\Traffic2-Mask.mp4,Data-Processing\Raw-Data\Otsu\M3\120p\Traffic2\Traffic2-Mask.mp4,0.7323,0.0744,0.8528,0.7315,0.0202,0.7573,10
120p,Traffic2,K3,A0.01_,T0.7,M4,Data-Processing\Raw-Data\Param-Sweep\120p\Traffic2\K3\A0.01_\T0.7\M4\Traffic2-Mask.mp4,Data-Processing\Raw-Data\OpenCV\M4\120p\Traffic2\Traffic2-Mask.mp4,Data-Processing\Raw-Data\Otsu\M4\120p\Traffic2\Traffic2-Mask.mp4,0.784,0.0715,0.8931,0.8396,0.0061,0.8494,10
120p,Traffic2,K3,A0.01_,T0.7,M5,Data-Processing\Raw-Data\Param-Sweep\120p\Traffic2\K3\A0.01_\T0.7\M5\Traffic2-Mask.mp4,Data-Processing\Raw-Data\OpenCV\M5\120p\Traffic2\Traffic2-Mask.mp4,Data-Processing\Raw-Data\Otsu\M5\120p\Traffic2\Traffic2-Mask.mp4,0.8064,0.0745,0.901,0.861,0.0062,0.8725,10
120p,Traffic2,K3,A0.01_,T0.9,M3,Data-Processing\Raw-Data\Param-Sweep\120p\Traffic2\K3\A0.01_\T0.9\M3\Traffic2-Mask.mp4,Data-Processing\Raw-Data\OpenCV\M3\120p\Traffic2\Traffic2-Mask.mp4,Data-Processing\Raw-Data\Otsu\M3\120p\Traffic2\Traffic2-Mask.mp4,0.7829,0.0712,0.8582,0.7755,0.0086,0.7632,10
120p,Traffic2,K3,A0.01_,T0.9,M4,Data-Processing\Raw-Data\Param-Sweep\120p\Traffic2\K3\A0.01_\T0.9\M4\Traffic2-Mask.mp4,Data-Processing\Raw-Data\OpenCV\M4\120p\Traffic2\Traffic2-Mask.mp4,Data-Processing\Raw-Data\Otsu\M4\120p\Traffic2\Traffic2-Mask.mp4,0.7973,0.0725,0.8844,0.8604,0.0043,0.858,10
120p,Traffic2,K3,A0.01_,T0.9,M5,Data-Processing\Raw-Data\Param-Sweep\120p\Traffic2\K3\A0.01_\T0.9\M5\Traffic2-Mask.mp4,Data-Processing\Raw-Data\OpenCV\M5\120p\Traffic2\Traffic2-Mask.mp4,Data-Processing\Raw-Data\Otsu\M5\120p\Traffic2\Traffic2-Mask.mp4,0.8285,0.0776,0.9222,0.8884,0.0041,0.8837,10
120p,Traffic2,K3,A0.1_,T0.5,M3,Data-Processing\Raw-Data\Param-Sweep\120p\Traffic2\K3\A0.1_\T0.5\M3\Traffic2-Mask.mp4,Data-Processing\Raw-Data\OpenCV\M3\120p\Traffic2\Traffic2-Mask.mp4,Data-Processing\Raw-Data\Otsu\M3\120p\Traffic2\Traffic2-Mask.mp4,0.6588,0.0745,0.7683,0.6863,0.0334,0.7169,10
120p,Traffic2,K3,A0.1_,T0.5,M4,Data-Processing\Raw-Data\Param-Sweep\120p\Traffic2\K3\A0.1_\T0.5\M4\Traffic2-Mask.mp4,Data-Processing\Raw-Data\OpenCV\M4\120p\Traffic2\Traffic2-Mask.mp4,Data-Processing\Raw-Data\Otsu\M4\120p\Traffic2\Traffic2-Mask.mp4,0.7353,0.0669,0.8186,0.8123,0.0107,0.8284,10
120p,Traffic2,K3,A0.1_,T0.5,M5,Data-Processing\Raw-Data\Param-Sweep\120p\Traffic2\K3\A0.1_\T0.5\M5\Traffic2-Mask.mp4,Data-Processing\Raw-Data\OpenCV\M5\120p\Traffic2\Traffic2-Mask.mp4,Data-Processing\Raw-Data\Otsu\M5\120p\Traffic2\Traffic2-Mask.mp4,0.7511,0.0689,0.8388,0.836,0.0104,0.8562,10
120p,Traffic2,K3,A0.1_,T0.7,M3,Data-Processing\Raw-Data\Param-Sweep\120p\Traffic2\K3\A0.1_\T0.7\M3\Traffic2-Mask.mp4,Data-Processing\Raw-Data\OpenCV\M3\120p\Traffic2\Traffic2-Mask.mp4,Data-Processing\Raw-Data\Otsu\M3\120p\Traffic2\Traffic2-Mask.mp4,0.6802,0.0791,0.7881,0.7099,0.0324,0.7586,10
120p,Traffic2,K3,A0.1_,T0.7,M4,Data-Processing\Raw-Data\Param-Sweep\120p\Traffic2\K3\A0.1_\T0.7\M4\Traffic2-Mask.mp4,Data-Processing\Raw-Data\OpenCV\M4\120p\Traffic2\Traffic2-Mask.mp4,Data-Processing\Raw-Data\Otsu\M4\120p\Traffic2\Traffic2-Mask.mp4,0.7439,0.0687,0.8147,0.8277,0.0103,0.8563,10
120p,Traffic2,K3,A0.1_,T0.7,M5,Data-Processing\Raw-Data\Param-Sweep\120p\Traffic2\K3\A0.1_\T0.7\M5\Traffic2-Mask.mp4,Data-Processing\Raw-Data\OpenCV\M5\120p\Traffic2\Traffic2-Mask.mp4,Data-Processing\Raw-Data\Otsu\M5\120p\Traffic2\Traffic2-Mask.mp4,0.7635,0.0719,0.8419,0.8567,0.0099,0.8907,10
120p,Traffic2,K3,A0.1_,T0.9,M3,Data-Processing\Raw-Data\Param-Sweep\120p\Traffic2\K3\A0.1_\T0.9\M3\Traffic2-Mask.mp4,Data-Processing\Raw-Data\OpenCV\M3\120p\Traffic2\Traffic2-Mask.mp4,Data-Processing\Raw-Data\Otsu\M3\120p\Traffic2\Traffic2-Mask.mp4,0.7061,0.082,0.8019,0.7416,0.0292,0.7727,10
120p,Traffic2,K3,A0.1_,T0.9,M4,Data-Processing\Raw-Data\Param-Sweep\120p\Traffic2\K3\A0.1_\T0.9\M4\Traffic2-Mask.mp4,Data-Processing\Raw-Data\OpenCV\M4\120p\Traffic2\Traffic2-Mask.mp4,Data-Processing\Raw-Data\Otsu\M4\120p\Traffic2\Traffic2-Mask.mp4,0.7734,0.0713,0.8311,0.8637,0.0061,0.8661,10
120p,Traffic2,K3,A0.1_,T0.9,M5,Data-Processing\Raw-Data\Param-Sweep\120p\Traffic2\K3\A0.1_\T0.9\M5\Traffic2-Mask.mp4,Data-Processing\Raw-Data\OpenCV\M5\120p\Traffic2\Traffic2-Mask.mp4,Data-Processing\Raw-Data\Otsu\M5\120p\Traffic2\Traffic2-Mask.mp4,0.7924,0.0744,0.8521,0.8945,0.0056,0.9171,10
120p,Traffic2,K4,A0.001_,T0.5,M3,Data-Processing\Raw-Data\Param-Sweep\120p\Traffic2\K4\A0.001_\T0.5\M3\Traffic2-Mask.mp4,Data-Processing\Raw-Data\OpenCV\M3\120p\Traffic2\Traffic2-Mask.mp4,Data-Processing\Raw-Data\Otsu\M3\120p\Traffic2\Traffic2-Mask.mp4,0.3864,0.0601,0.2915,0.4422,0.0672,0.3335,10
120p,Traffic2,K4,A0.001_,T0.5,M4,Data-Processing\Raw-Data\Param-Sweep\120p\Traffic2\K4\A0.001_\T0.5\M4\Traffic2-Mask.mp4,Data-Processing\Raw-Data\OpenCV\M4\120p\Traffic2\Traffic2-Mask.mp4,Data-Processing\Raw-Data\Otsu\M4\120p\Traffic2\Traffic2-Mask.mp4,0.5535,0.0522,0.5893,0.6314,0.0299,0.6076,10
120p,Traffic2,K4,A0.001_,T0.5,M5,Data-Processing\Raw-Data\Param-Sweep\120p\Traffic2\K4\A0.001_\T0.5\M5\Traffic2-Mask.mp4,Data-Processing\Raw-Data\OpenCV\M5\120p\Traffic2\Traffic2-Mask.mp4,Data-Processing\Raw-Data\Otsu\M5\120p\Traffic2\Traffic2-Mask.mp4,0.5634,0.054,0.6039,0.6391,0.0302,0.6194,10
120p,Traffic2,K4,A0.001_,T0.7,M3,Data-Processing\Raw-Data\Param-Sweep\120p\Traffic2\K4\A0.001_\T0.7\M3\Traffic2-Mask.mp4,Data-Processing\Raw-Data\OpenCV\M3\120p\Traffic2\Traffic2-Mask.mp4,Data-Processing\Raw-Data\Otsu\M3\120p\Traffic2\Traffic2-Mask.mp4,0.5126,0.0918,0.5389,0.5521,0.0662,0.6182,10
120p,Traffic2,K4,A0.001_,T0.7,M4,Data-Processing\Raw-Data\Param-Sweep\120p\Traffic2\K4\A0.001_\T0.7\M4\Traffic2-Mask.mp4,Data-Processing\Raw-Data\OpenCV\M4\120p\Traffic2\Traffic2-Mask.mp4,Data-Processing\Raw-Data\Otsu\M4\120p\Traffic2\Traffic2-Mask.mp4,0.6415,0.0674,0.7528,0.7129,0.0278,0.755,10
120p,Traffic2,K4,A0.001_,T0.7,M5,Data-Processing\Raw-Data\Param-Sweep\120p\Traffic2\K4\A0.001_\T0.7\M5\Traffic2-Mask.mp4,Data-Processing\Raw-Data\OpenCV\M5\120p\Traffic2\Traffic2-Mask.mp4,Data-Processing\Raw-Data\Otsu\M5\120p\Traffic2\Traffic2-Mask.mp4,0.657,0.0721,0.76,0.7275,0.0293,0.7737,10
120p,Traffic2,K4,A0.001_,T0.9,M3,Data-Processing\Raw-Data\Param-Sweep\120p\Traffic2\K4\A0.001_\T0.9\M3\Traffic2-Mask.mp4,Data-Processing\Raw-Data\OpenCV\M3\120p\Traffic2\Traffic2-Mask.mp4,Data-Processing\Raw-Data\Otsu\M3\120p\Traffic2\Traffic2-Mask.mp4,0.7052,0.0848,0.8316,0.7098,0.0317,0.7361,10
120p,Traffic2,K4,A0.001_,T0.9,M4,Data-Processing\Raw-Data\Param-Sweep\120p\Traffic2\K4\A0.001_\T0.9\M4\Traffic2-Mask.mp4,Data-Processing\Raw-Data\OpenCV\M4\120p\Traffic2\Traffic2-Mask.mp4,Data-Processing\Raw-Data\Otsu\M4\120p\Traffic2\Traffic2-Mask.mp4,0.7516,0.0695,0.8478,0.8159,0.0102,0.8281,10
120p,Traffic2,K4,A0.001_,T0.9,M5,Data-Processing\Raw-Data\Param-Sweep\120p\Traffic2\K4\A0.001_\T0.9\M5\Traffic2-Mask.mp4,Data-Processing\Raw-Data\OpenCV\M5\120p\Traffic2\Traffic2-Mask.mp4,Data-Processing\Raw-Data\Otsu\M5\120p\Traffic2\Traffic2-Mask.mp4,0.7768,0.0743,0.8735,0.8391,0.0106,0.8528,10
120p,Traffic2,K4,A0.01_,T0.5,M3,Data-Processing\Raw-Data\Param-Sweep\120p\Traffic2\K4\A0.01_\T0.5\M3\Traffic2-Mask.mp4,Data-Processing\Raw-Data\OpenCV\M3\120p\Traffic2\Traffic2-Mask.mp4,Data-Processing\Raw-Data\Otsu\M3\120p\Traffic2\Traffic2-Mask.mp4,0.713,0.0732,0.8146,0.7108,0.0245,0.7582,10
120p,Traffic2,K4,A0.01_,T0.5,M4,Data-Processing\Raw-Data\Param-Sweep\120p\Traffic2\K4\A0.01_\T0.5\M4\Traffic2-Mask.mp4,Data-Processing\Raw-Data\OpenCV\M4\120p\Traffic2\Traffic2-Mask.mp4,Data-Processing\Raw-Data\Otsu\M4\120p\Traffic2\Traffic2-Mask.mp4,0.7725,0.0701,0.8694,0.826,0.0082,0.844,10
120p,Traffic2,K4,A0.01_,T0.5,M5,Data-Processing\Raw-Data\Param-Sweep\120p\Traffic2\K4\A0.01_\T0.5\M5\Traffic2-Mask.mp4,Data-Processing\Raw-Data\OpenCV\M5\120p\Traffic2\Traffic2-Mask.mp4,Data-Processing\Raw-Data\Otsu\M5\120p\Traffic2\Traffic2-Mask.mp4,0.7943,0.0735,0.8963,0.8497,0.0085,0.8755,10
120p,Traffic2,K4,A0.01_,T0.7,M3,Data-Processing\Raw-Data\Param-Sweep\120p\Traffic2\K4\A0.01_\T0.7\M3\Traffic2-Mask.mp4,Data-Processing\Raw-Data\OpenCV\M3\120p\Traffic2\Traffic2-Mask.mp4,Data-Processing\Raw-Data\Otsu\M3\120p\Traffic2\Traffic2-Mask.mp4,0.7472,0.0741,0.8546,0.7397,0.0177,0.7558,10
120p,Traffic2,K4,A0.01_,T0.7,M4,Data-Processing\Raw-Data\Param-Sweep\120p\Traffic2\K4\A0.01_\T0.7\M4\Traffic2-Mask.mp4,Data-Processing\Raw-Data\OpenCV\M4\120p\Traffic2\Traffic2-Mask.mp4,Data-Processing\Raw-Data\Otsu\M4\120p\Traffic2\Traffic2-Mask.mp4,0.7944,0.0731,0.904,0.8458,0.0058,0.8567,10
120p,Traffic2,K4,A0.01_,T0.7,M5,Data-Processing\Raw-Data\Param-Sweep\120p\Traffic2\K4\A0.01_\T0.7\M5\Traffic2-Mask.mp4,Data-Processing\Raw-Data\OpenCV\M5\120p\Traffic2\Traffic2-Mask.mp4,Data-Processing\Raw-Data\Otsu\M5\120p\Traffic2\Traffic2-Mask.mp4,0.8179,0.0763,0.9213,0.8713,0.0058,0.8873,10
120p,Traffic2,K4,A0.01_,T0.9,M3,Data-Processing\Raw-Data\Param-Sweep\120p\Traffic2\K4\A0.01_\T0.9\M3\Traffic2-Mask.mp4,Data-Processing\Raw-Data\OpenCV\M3\120p\Traffic2\Traffic2-Mask.mp4,Data-Processing\Raw-Data\Otsu\M3\120p\Traffic2\Traffic2-Mask.mp4,0.7921,0.0728,0.8764,0.7861,0.0074,0.772,10
120p,Traffic2,K4,A0.01_,T0.9,M4,Data-Processing\Raw-Data\Param-Sweep\120p\Traffic2\K4\A0.01_\T0.9\M4\Traffic2-Mask.mp4,Data-Processing\Raw-Data\OpenCV\M4\120p\Traffic2\Traffic2-Mask.mp4,Data-Processing\Raw-Data\Otsu\M4\120p\Traffic2\Traffic2-Mask.mp4,0.8025,0.0737,0.889,0.8688,0.0036,0.8619,10
120p,Traffic2,K4,A0.01_,T0.9,M5,Data-Processing\Raw-Data\Param-Sweep\120p\Traffic2\K4\A0.01_\T0.9\M5\Traffic2-Mask.mp4,Data-Processing\Raw-Data\OpenCV\M5\120p\Traffic2\Traffic2-Mask.mp4,Data-Processing\Raw-Data\Otsu\M5\120p\Traffic2\Traffic2-Mask.mp4,0.8328,0.0787,0.9244,0.8958,0.0036,0.8883,10
120p,Traffic2,K4,A0.1_,T0.5,M3,Data-Processing\Raw-Data\Param-Sweep\120p\Traffic2\K4\A0.1_\T0.5\M3\Traffic2-Mask.mp4,Data-Processing\Raw-Data\OpenCV\M3\120p\Traffic2\Traffic2-Mask.mp4,Data-Processing\Raw-Data\Otsu\M3\120p\Traffic2\Traffic2-Mask.mp4,0.658,0.0741,0.7679,0.6892,0.033,0.7213,10
120p,Traffic2,K4,A0.1_,T0.5,M4,Data-Processing\Raw-Data\Param-Sweep\120p\Traffic2\K4\A0.1_\T0.5\M4\Traffic2-Mask.mp4,Data-Processing\Raw-Data\OpenCV\M4\120p\Traffic2\Traffic2-Mask.mp4,Data-Processing\Raw-Data\Otsu\M4\120p\Traffic2\Traffic2-Mask.mp4,0.7388,0.0674,0.8155,0.8212,0.0103,0.8325,10
120p,Traffic2,K4,A0.1_,T0.5,M5,Data-Processing\Raw-Data\Param-Sweep\120p\Traffic2\K4\A0.1_\T0.5\M5\Traffic2-Mask.mp4,Data-Processing\Raw-Data\OpenCV\M5\120p\Traffic2\Traffic2-Mask.mp4,Data-Processing\Raw-Data\Otsu\M5\120p\Traffic2\Traffic2-Mask.mp4,0.7525,0.0693,0.8389,0.8465,0.0099,0.8729,10
120p,Traffic2,K4,A0.1_,T0.7,M3,Data-Processing\Raw-Data\Param-Sweep\120p\Traffic2\K4\A0.1_\T0.7\M3\Traffic2-Mask.mp4,Data-Processing\Raw-Data\OpenCV\M3\120p\Traffic2\Traffic2-Mask.mp4,Data-Processing\Raw-Data\Otsu\M3\120p\Traffic2\Traffic2-Mask.mp4,0.6763,0.0781,0.7831,0.714,0.0319,0.761,10
120p,Traffic2,K4,A0.1_,T0.7,M4,Data-Processing\Raw-Data\Param-Sweep\120p\Traffic2\K4\A0.1_\T0.7\M4\Traffic2-Mask.mp4,Data-Processing\Raw-Data\OpenCV\M4\120p\Traffic2\Traffic2-Mask.mp4,Data-Processing\Raw-Data\Otsu\M4\120p\Traffic2\Traffic2-Mask.mp4,0.7445,0.0687,0.8093,0.8342,0.01,0.8556,10
120p,Traffic2,K4,A0.1_,T0.7,M5,Data-Processing\Raw-Data\Param-Sweep\120p\Traffic2\K4\A0.1_\T0.7\M5\Traffic2-Mask.mp4,Data-Processing\Raw-Data\OpenCV\M5\120p\Traffic2\Traffic2-Mask.mp4,Data-Processing\Raw-Data\Otsu\M5\120p\Traffic2\Traffic2-Mask.mp4,0.7611,0.0716,0.8339,0.865,0.0095,0.8909,10
120p,Traffic2,K4,A0.1_,T0.9,M3,Data-Processing\Raw-Data\Param-Sweep\120p\Traffic2\K4\A0.1_\T0.9\M3\Traffic2-Mask.mp4,Data-Processing\Raw-Data\OpenCV\M3\120p\Traffic2\Traffic2-Mask.mp4,Data-Processing\Raw-Data\Otsu\M3\120p\Traffic2\Traffic2-Mask.mp4,0.7102,0.0793,0.8072,0.7498,0.0263,0.7764,10
120p,Traffic2,K4,A0.1_,T0.9,M4,Data-Processing\Raw-Data\Param-Sweep\120p\Traffic2\K4\A0.1_\T0.9\M4\Traffic2-Mask.mp4,Data-Processing\Raw-Data\OpenCV\M4\120p\Traffic2\Traffic2-Mask.mp4,Data-Processing\Raw-Data\Otsu\M4\120p\Traffic2\Traffic2-Mask.mp4,0.7777,0.0712,0.8328,0.8696,0.0049,0.8669,10
120p,Traffic2,K4,A0.1_,T0.9,M5,Data-Processing\Raw-Data\Param-Sweep\120p\Traffic2\K4\A0.1_\T0.9\M5\Traffic2-Mask.mp4,Data-Processing\Raw-Data\OpenCV\M5\120p\Traffic2\Traffic2-Mask.mp4,Data-Processing\Raw-Data\Otsu\M5\120p\Traffic2\Traffic2-Mask.mp4,0.7962,0.0743,0.8515,0.9025,0.0044,0.9171,10
240p,Traffic2,K2,A0.001_,T0.5,M3,Data-Processing\Raw-Data\Param-Sweep\240p\Traffic2\K2\A0.001_\T0.5\M3\Traffic2-Mask.mp4,Data-Processing\Raw-Data\OpenCV\M3\240p\Traffic2\Traffic2-Mask.mp4,Data-Processing\Raw-Data\Otsu\M3\240p\Traffic2\Traffic2-Mask.mp4,0.2103,0.0174,0.248,0.2978,0.0651,0.2827,10
240p,Traffic2,K2,A0.001_,T0.5,M4,Data-Processing\Raw-Data\Param-Sweep\240p\Traffic2\K2\A0.001_\T0.5\M4\Traffic2-Mask.mp4,Data-Processing\Raw-Data\OpenCV\M4\240p\Traffic2\Traffic2-Mask.mp4,Data-Processing\Raw-Data\Otsu\M4\240p\Traffic2\Traffic2-Mask.mp4,0.3995,0.0404,0.4979,0.4781,0.0499,0.5076,10
240p,Traffic2,K2,A0.001_,T0.5,M5,Data-Processing\Raw-Data\Param-Sweep\240p\Traffic2\K2\A0.001_\T0.5\M5\Traffic2-Mask.mp4,Data-Processing\Raw-Data\OpenCV\M5\240p\Traffic2\Traffic2-Mask.mp4,Data-Processing\Raw-Data\Otsu\M5\240p\Traffic2\Traffic2-Mask.mp4,0.403,0.0415,0.507,0.4777,0.0503,0.5076,10
240p,Traffic2,K2,A0.001_,T0.7,M3,Data-Processing\Raw-Data\Param-Sweep\240p\Traffic2\K2\A0.001_\T0.7\M3\Traffic2-Mask.mp4,Data-Processing\Raw-Data\OpenCV\M3\240p\Traffic2\Traffic2-Mask.mp4,Data-Processing\Raw-Data\Otsu\M3\240p\Traffic2\Traffic2-Mask.mp4,0.2549,0.0363,0.2512,0.3334,0.0689,0.2869,10
240p,Traffic2,K2,A0.001_,T0.7,M4,Data-Processing\Raw-Data\Param-Sweep\240p\Traffic2\K2\A0.001_\T0.7\M4\Traffic2-Mask.mp4,Data-Processing\Raw-Data\OpenCV\M4\240p\Traffic2\Traffic2-Mask.mp4,Data-Processing\Raw-Data\Otsu\M4\240p\Traffic2\Traffic2-Mask.mp4,0.4475,0.0593,0.5008,0.5165,0.0533,0.517,10
240p,Traffic2,K2,A0.001_,T0.7,M5,Data-Processing\Raw-Data\Param-Sweep\240p\Traffic2\K2\A0.001_\T0.7\M5\Traffic2-Mask.mp4,Data-Processing\Raw-Data\OpenCV\M5\240p\Traffic2\Traffic2-Mask.mp4,Data-Processing\Raw-Data\Otsu\M5\240p\Traffic2\Traffic2-Mask.mp4,0.451,0.0605,0.5099,0.5222,0.0557,0.5169,10
240p,Traffic2,K2,A0.001_,T0.9,M3,Data-Processing\Raw-Data\Param-Sweep\240p\Traffic2\K2\A0.001_\T0.9\M3\Traffic2-Mask.mp4,Data-Processing\Raw-Data\OpenCV\M3\240p\Traffic2\Traffic2-Mask.mp4,Data-Processing\Raw-Data\Otsu\M3\240p\Traffic2\Traffic2-Mask.mp4,0.4878,0.0705,0.5551,0.5016,0.0527,0.4905,10
240p,Traffic2,K2,A0.001_,T0.9,M4,Data-Processing\Raw-Data\Param-Sweep\240p\Traffic2\K2\A0.001_\T0.9\M4\Traffic2-Mask.mp4,Data-Processing\Raw-Data\OpenCV\M4\240p\Traffic2\Traffic2-Mask.mp4,Data-Processing\Raw-Data\Otsu\M4\240p\Traffic2\Traffic2-Mask.mp4,0.6204,0.0715,0.7085,0.6521,0.0345,0.6667,10
240p,Traffic2,K2,A0.001_,T0.9,M5,Data-Processing\Raw-Data\Param-Sweep\240p\Traffic2\K2\A0.001_\T0.9\M5\Traffic2-Mask.mp4,Data-Processing\Raw-Data\OpenCV\M5\240p\Traffic2\Traffic2-Mask.mp4,Data-Processing\Raw-Data\Otsu\M5\240p\Traffic2\Traffic2-Mask.mp4,0.6239,0.0728,0.7168,0.6781,0.0356,0.6992,10
240p,Traffic2,K2,A0.01_,T0.5,M3,Data-Processing\Raw-Data\Param-Sweep\240p\Traffic2\K2\A0.01_\T0.5\M3\Traffic2-Mask.mp4,Data-Processing\Raw-Data\OpenCV\M3\240p\Traffic2\Traffic2-Mask.mp4,Data-Processing\Raw-Data\Otsu\M3\240p\Traffic2\Traffic2-Mask.mp4,0.6751,0.0724,0.7573,0.6229,0.03,0.669,10
240p,Traffic2,K2,A0.01_,T0.5,M4,Data-Processing\Raw-Data\Param-Sweep\240p\Traffic2\K2\A0.01_\T0.5\M4\Traffic2-Mask.mp4,Data-Processing\Raw-Data\OpenCV\M4\240p\Traffic2\Traffic2-Mask.mp4,Data-Processing\Raw-Data\Otsu\M4\240p\Traffic2\Traffic2-Mask.mp4,0.7546,0.0682,0.8374,0.7629,0.0105,0.7638,10
240p,Traffic2,K2,A0.01_,T0.5,M5,Data-Processing\Raw-Data\Param-Sweep\240p\Traffic2\K2\A0.01_\T0.5\M5\Traffic2-Mask.mp4,Data-Processing\Raw-Data\OpenCV\M5\240p\Traffic2\Traffic2-Mask.mp4,Data-Processing\Raw-Data\Otsu\M5\240p\Traffic2\Traffic2-Mask.mp4,0.7634,0.0696,0.8436,0.8026,0.0096,0.8112,10
240p,Traffic2,K2,A0.01_,T0.7,M3,Data-Processing\Raw-Data\Param-Sweep\240p\Traffic2\K2\A0.01_\T0.7\M3\Traffic2-Mask.mp4,Data-Processing\Raw-Data\OpenCV\M3\240p\Traffic2\Traffic2-Mask.mp4,Data-Processing\Raw-Data\Otsu\M3\240p\Traffic2\Traffic2-Mask.mp4,0.7197,0.0747,0.8353,0.658,0.023,0.6744,10
240p,Traffic2,K2,A0.01_,T0.7,M4,Data-Processing\Raw-Data\Param-Sweep\240p\Traffic2\K2\A0.01_\T0.7\M4\Traffic2-Mask.mp4,Data-Processing\Raw-Data\OpenCV\M4\240p\Traffic2\Traffic2-Mask.mp4,Data-Processing\Raw-Data\Otsu\M4\240p\Traffic2\Traffic2-Mask.mp4,0.7714,0.07,0.8545,0.7776,0.0085,0.7696,10
240p,Traffic2,K2,A0.01_,T0.7,M5,Data-Processing\Raw-Data\Param-Sweep\240p\Traffic2\K2\A0.01_\T0.7\M5\Traffic2-Mask.mp4,Data-Processing\Raw-Data\OpenCV\M5\240p\Traffic2\Traffic2-Mask.mp4,Data-Processing\Raw-Data\Otsu\M5\240p\Traffic2\Traffic2-Mask.mp4,0.7807,0.0714,0.8692,0.8174,0.0076,0.8167,10
240p,Traffic2,K2,A0.01_,T0.9,M3,Data-Processing\Raw-Data\Param-Sweep\240p\Traffic2\K2\A0.01_\T0.9\M3\Traffic2-Mask.mp4,Data-Processing\Raw-Data\OpenCV\M3\240p\Traffic2\Traffic2-Mask.mp4,Data-Processing\Raw-Data\Otsu\M3\240p\Traffic2\Traffic2-Mask.mp4,0.7633,0.0725,0.8695,0.6944,0.0144,0.6877,10
240p,Traffic2,K2,A0.01_,T0.9,M4,Data-Processing\Raw-Data\Param-Sweep\240p\Traffic2\K2\A0.01_\T0.9\M4\Traffic2-Mask.mp4,Data-Processing\Raw-Data\OpenCV\M4\240p\Traffic2\Traffic2-Mask.mp4,Data-Processing\Raw-Data\Otsu\M4\240p\Traffic2\Traffic2-Mask.mp4,0.7923,0.072,0.877,0.7982,0.0065,0.7854,10
240p,Traffic2,K2,A0.01_,T0.9,M5,Data-Processing\Raw-Data\Param-Sweep\240p\Traffic2\K2\A0.01_\T0.9\M5\Traffic2-Mask.mp4,Data-Processing\Raw-Data\OpenCV\M5\240p\Traffic2\Traffic2-Mask.mp4,Data-Processing\Raw-Data\Otsu\M5\240p\Traffic2\Traffic2-Mask.mp4,0.8038,0.0738,0.8883,0.8387,0.0056,0.8316,10
240p,Traffic2,K2,A0.1_,T0.5,M3,Data-Processing\Raw-Data\Param-Sweep\240p\Traffic2\K2\A0.1_\T0.5\M3\Traffic2-Mask.mp4,Data-Processing\Raw-Data\OpenCV\M3\240p\Traffic2\Traffic2-Mask.mp4,Data-Processing\Raw-Data\Otsu\M3\240p\Traffic2\Traffic2-Mask.mp4,0.6651,0.0661,0.7705,0.6314,0.0236,0.6303,10
240p,Traffic2,K2,A0.1_,T0.5,M4,Data-Processing\Raw-Data\Param-Sweep\240p\Traffic2\K2\A0.1_\T0.5\M4\Traffic2-Mask.mp4,Data-Processing\Raw-Data\OpenCV\M4\240p\Traffic2\Traffic2-Mask.mp4,Data-Processing\Raw-Data\Otsu\M4\240p\Traffic2\Traffic2-Mask.mp4,0.7426,0.0641,0.8369,0.767,0.0077,0.7586,10
240p,Traffic2,K2,A0.1_,T0.5,M5,Data-Processing\Raw-Data\Param-Sweep\240p\Traffic2\K2\A0.1_\T0.5\M5\Traffic2-Mask.mp4,Data-Processing\Raw-Data\OpenCV\M5\240p\Traffic2\Traffic2-Mask.mp4,Data-Processing\Raw-Data\Otsu\M5\240p\Traffic2\Traffic2-Mask.mp4,0.7517,0.0653,0.8383,0.8073,0.006,0.801,10
240p,Traffic2,K2,A0.1_,T0.7,M3,Data-Processing\Raw-Data\Param-Sweep\240p\Traffic2\K2\A0.1_\T0.7\M3\Traffic2-Mask.mp4,Data-Processing\Raw-Data\OpenCV\M3\240p\Traffic2\Traffic2-Mask.mp4,Data-Processing\Raw-Data\Otsu\M3\240p\Traffic2\Traffic2-Mask.mp4,0.6966,0.0724,0.8098,0.6577,0.0219,0.6647,10
240p,Traffic2,K2,A0.1_,T0.7,M4,Data-Processing\Raw-Data\Param-Sweep\240p\Traffic2\K2\A0.1_\T0.7\M4\Traffic2-Mask.mp4,Data-Processing\Raw-Data\OpenCV\M4\240p\Traffic2\Traffic2-Mask.mp4,Data-Processing\Raw-Data\Otsu\M4\240p\Traffic2\Traffic2-Mask.mp4,0.7625,0.0681,0.8411,0.7893,0.0068,0.7946,10
240p,Traffic2,K2,A0.1_,T0.7,M5,Data-Processing\Raw-Data\Param-Sweep\240p\Traffic2\K2\A0.1_\T0.7\M5\Traffic2-Mask.mp4,Data-Processing\Raw-Data\OpenCV\M5\240p\Traffic2\Traffic2-Mask.mp4,Data-Processing\Raw-Data\Otsu\M5\240p\Traffic2\Traffic2-Mask.mp4,0.7724,0.0693,0.8493,0.8306,0.0054,0.8366,10
240p,Traffic2,K2,A0.1_,T0.9,M3,Data-Processing\Raw-Data\Param-Sweep\240p\Traffic2\K2\A0.1_\T0.9\M3\Traffic2-Mask.mp4,Data-Processing\Raw-Data\OpenCV\M3\240p\Traffic2\Traffic2-Mask.mp4,Data-Processing\Raw-Data\Otsu\M3\240p\Traffic2\Traffic2-Mask.mp4,0.7226,0.0752,0.8335,0.6919,0.0184,0.6965,10
240p,Traffic2,K2,A0.1_,T0.9,M4,Data-Processing\Raw-Data\Param-Sweep\240p\Traffic2\K2\A0.1_\T0.9\M4\Traffic2-Mask.mp4,Data-Processing\Raw-Data\OpenCV\M4\240p\Traffic2\Traffic2-Mask.mp4,Data-Processing\Raw-Data\Otsu\M4\240p\Traffic2\Traffic2-Mask.mp4,0.7805,0.0706,0.8641,0.8197,0.0048,0.8094,10
240p,Traffic2,K2,A0.1_,T0.9,M5,Data-Processing\Raw-Data\Param-Sweep\240p\Traffic2\K2\A0.1_\T0.9\M5\Traffic2-Mask.mp4,Data-Processing\Raw-Data\OpenCV\M5\240p\Traffic2\Traffic2-Mask.mp4,Data-Processing\Raw-Data\Otsu\M5\240p\Traffic2\Traffic2-Mask.mp4,0.7934,0.0726,0.8772,0.8665,0.0034,0.8637,10
240p,Traffic2,K3,A0.001_,T0.5,M3,Data-Processing\Raw-Data\Param-Sweep\240p\Traffic2\K3\A0.001_\T0.5\M3\Traffic2-Mask.mp4,Data-Processing\Raw-Data\OpenCV\M3\240p\Traffic2\Traffic2-Mask.mp4,Data-Processing\Raw-Data\Otsu\M3\240p\Traffic2\Traffic2-Mask.mp4,0.3521,0.0497,0.2944,0.3987,0.0613,0.2938,10
240p,Traffic2,K3,A0.001_,T0.5,M4,Data-Processing\Raw-Data\Param-Sweep\240p\Traffic2\K3\A0.001_\T0.5\M4\Traffic2-Mask.mp4,Data-Processing\Raw-Data\OpenCV\M4\240p\Traffic2\Traffic2-Mask.mp4,Data-Processing\Raw-Data\Otsu\M4\240p\Traffic2\Traffic2-Mask.mp4,0.5158,0.0524,0.5018,0.568,0.0365,0.5081,10
240p,Traffic2,K3,A0.001_,T0.5,M5,Data-Processing\Raw-Data\Param-Sweep\240p\Traffic2\K3\A0.001_\T0.5\M5\Traffic2-Mask.mp4,Data-Processing\Raw-Data\OpenCV\M5\240p\Traffic2\Traffic2-Mask.mp4,Data-Processing\Raw-Data\Otsu\M5\240p\Traffic2\Traffic2-Mask.mp4,0.5196,0.0531,0.507,0.5831,0.0373,0.5079,10
240p,Traffic2,K3,A0.001_,T0.7,M3,Data-Processing\Raw-Data\Param-Sweep\240p\Traffic2\K3\A0.001_\T0.7\M3\Traffic2-Mask.mp4,Data-Processing\Raw-Data\OpenCV\M3\240p\Traffic2\Traffic2-Mask.mp4,Data-Processing\Raw-Data\Otsu\M3\240p\Traffic2\Traffic2-Mask.mp4,0.4976,0.0925,0.435,0.5067,0.059,0.5191,10
240p,Traffic2,K3,A0.001_,T0.7,M4,Data-Processing\Raw-Data\Param-Sweep\240p\Traffic2\K3\A0.001_\T0.7\M4\Traffic2-Mask.mp4,Data-Processing\Raw-Data\OpenCV\M4\240p\Traffic2\Traffic2-Mask.mp4,Data-Processing\Raw-Data\Otsu\M4\240p\Traffic2\Traffic2-Mask.mp4,0.6084,0.0717,0.6258,0.6447,0.0336,0.6556,10
240p,Traffic2,K3,A0.001_,T0.7,M5,Data-Processing\Raw-Data\Param-Sweep\240p\Traffic2\K3\A0.001_\T0.7\M5\Traffic2-Mask.mp4,Data-Processing\Raw-Data\OpenCV\M5\240p\Traffic2\Traffic2-Mask.mp4,Data-Processing\Raw-Data\Otsu\M5\240p\Traffic2\Traffic2-Mask.mp4,0.6141,0.0732,0.6285,0.6694,0.0351,0.6953,10
240p,Traffic2,K3,A0.001_,T0.9,M3,Data-Processing\Raw-Data\Param-Sweep\240p\Traffic2\K3\A0.001_\T0.9\M3\Traffic2-Mask.mp4,Data-Processing\Raw-Data\OpenCV\M3\240p\Traffic2\Traffic2-Mask.mp4,Data-Processing\Raw-Data\Otsu\M3\240p\Traffic2\Traffic2-Mask.mp4,0.6837,0.0898,0.7953,0.6363,0.0354,0.6471,10
240p,Traffic2,K3,A0.001_,T0.9,M4,Data-Processing\Raw-Data\Param-Sweep\240p\Traffic2\K3\A0.001_\T0.9\M4\Traffic2-Mask.mp4,Data-Processing\Raw-Data\OpenCV\M4\240p\Traffic2\Traffic2-Mask.mp4,Data-Processing\Raw-Data\Otsu\M4\240p\Traffic2\Traffic2-Mask.mp4,0.7381,0.0783,0.839,0.7476,0.0202,0.7555,10
240p,Traffic2,K3,A0.001_,T0.9,M5,Data-Processing\Raw-Data\Param-Sweep\240p\Traffic2\K3\A0.001_\T0.9\M5\Traffic2-Mask.mp4,Data-Processing\Raw-Data\OpenCV\M5\240p\Traffic2\Traffic2-Mask.mp4,Data-Processing\Raw-Data\Otsu\M5\240p\Traffic2\Traffic2-Mask.mp4,0.7476,0.0809,0.8524,0.7855,0.0198,0.7978,10
240p,Traffic2,K3,A0.01_,T0.5,M3,Data-Processing\Raw-Data\Param-Sweep\240p\Traffic2\K3\A0.01_\T0.5\M3\Traffic2-Mask.mp4,Data-Processing\Raw-Data\OpenCV\M3\240p\Traffic2\Traffic2-Mask.mp4,Data-Processing\Raw-Data\Otsu\M3\240p\Traffic2\Traffic2-Mask.mp4,0.7384,0.074,0.8343,0.6673,0.0211,0.6934,10
240p,Traffic2,K3,A0.01_,T0.5,M4,Data-Processing\Raw-Data\Param-Sweep\240p\Traffic2\K3\A0.01_\T0.5\M4\Traffic2-Mask.mp4,Data-Processing\Raw-Data\OpenCV\M4\240p\Traffic2\Traffic2-Mask.mp4,Data-Processing\Raw-Data\Otsu\M4\240p\Traffic2\Traffic2-Mask.mp4,0.7846,0.0713,0.859,0.786,0.008,0.7841,10
240p,Traffic2,K3,A0.01_,T0.5,M5,Data-Processing\Raw-Data\Param-Sweep\240p\Traffic2\K3\A0.01_\T0.5\M5\Traffic2-Mask.mp4,Data-Processing\Raw-Data\OpenCV\M5\240p\Traffic2\Traffic2-Mask.mp4,Data-Processing\Raw-Data\Otsu\M5\240p\Traffic2\Traffic2-Mask.mp4,0.7964,0.0732,0.8751,0.8278,0.007,0.8347,10
240p,Traffic2,K3,A0.01_,T0.7,M3,Data-Processing\Raw-Data\Param-Sweep\240p\Traffic2\K3\A0.01_\T0.7\M3\Traffic2-Mask.mp4,Data-Processing\Raw-Data\OpenCV\M3\240p\Traffic2\Traffic2-Mask.mp4,Data-Processing\Raw-Data\Otsu\M3\240p\Traffic2\Traffic2-Mask.mp4,0.7681,0.0761,0.8891,0.6916,0.0162,0.6976,10
240p,Traffic2,K3,A0.01_,T0.7,M4,Data-Processing\Raw-Data\Param-Sweep\240p\Traffic2\K3\A0.01_\T0.7\M4\Traffic2-Mask.mp4,Data-Processing\Raw-Data\OpenCV\M4\240p\Traffic2\Traffic2-Mask.mp4,Data-Processing\Raw-Data\Otsu\M4\240p\Traffic2\Traffic2-Mask.mp4,0.7995,0.0734,0.8948,0.7998,0.0064,0.7914,10
240p,Traffic2,K3,A0.01_,T0.7,M5,Data-Processing\Raw-Data\Param-Sweep\240p\Traffic2\K3\A0.01_\T0.7\M5\Traffic2-Mask.mp4,Data-Processing\Raw-Data\OpenCV\M5\240p\Traffic2\Traffic2-Mask.mp4,Data-Processing\Raw-Data\Otsu\M5\240p\Traffic2\Traffic2-Mask.mp4,0.814,0.0756,0.9139,0.8422,0.0054,0.843,10
240p,Traffic2,K3,A0.01_,T0.9,M3,Data-Processing\Raw-Data\Param-Sweep\240p\Traffic2\K3\A0.01_\T0.9\M3\Traffic2-Mask.mp4,Data-Processing\Raw-Data\OpenCV\M3\240p\Traffic2\Traffic2-Mask.mp4,Data-Processing\Raw-Data\Otsu\M3\240p\Traffic2\Traffic2-Mask.mp4,0.8018,0.0743,0.8877,0.7224,0.0098,0.7017,10
240p,Traffic2,K3,A0.01_,T0.9,M4,Data-Processing\Raw-Data\Param-Sweep\240p\Traffic2\K3\A0.01_\T0.9\M4\Traffic2-Mask.mp4,Data-Processing\Raw-Data\OpenCV\M4\240p\Traffic2\Traffic2-Mask.mp4,Data-Processing\Raw-Data\Otsu\M4\240p\Traffic2\Traffic2-Mask.mp4,0.8094,0.0743,0.9006,0.8164,0.0049,0.8019,10
240p,Traffic2,K3,A0.01_,T0.9,M5,Data-Processing\Raw-Data\Param-Sweep\240p\Traffic2\K3\A0.01_\T0.9\M5\Traffic2-Mask.mp4,Data-Processing\Raw-Data\OpenCV\M5\240p\Traffic2\Traffic2-Mask.mp4,Data-Processing\Raw-Data\Otsu\M5\240p\Traffic2\Traffic2-Mask.mp4,0.8272,0.0772,0.9264,0.861,0.0038,0.86,10
240p,Traffic2,K3,A0.1_,T0.5,M3,Data-Processing\Raw-Data\Param-Sweep\240p\Traffic2\K3\A0.1_\T0.5\M3\Traffic2-Mask.mp4,Data-Processing\Raw-Data\OpenCV\M3\240p\Traffic2\Traffic2-Mask.mp4,Data-Processing\Raw-Data\Otsu\M3\240p\Traffic2\Traffic2-Mask.mp4,0.6667,0.0668,0.7728,0.6384,0.0232,0.6374,10
240p,Traffic2,K3,A0.1_,T0.5,M4,Data-Processing\Raw-Data\Param-Sweep\240p\Traffic2\K3\A0.1_\T0.5\M4\Traffic2-Mask.mp4,Data-Processing\Raw-Data\OpenCV\M4\240p\Traffic2\Traffic2-Mask.mp4,Data-Processing\Raw-Data\Otsu\M4\240p\Traffic2\Traffic2-Mask.mp4,0.7472,0.065,0.8366,0.7778,0.0071,0.7683,10
240p,Traffic2,K3,A0.1_,T0.5,M5,Data-Processing\Raw-Data\Param-Sweep\240p\Traffic2\K3\A0.1_\T0.5\M5\Traffic2-Mask.mp4,Data-Processing\Raw-Data\OpenCV\M5\240p\Traffic2\Traffic2-Mask.mp4,Data-Processing\Raw-Data\Otsu\M5\240p\Traffic2\Traffic2-Mask.mp4,0.7573,0.0663,0.8392,0.8201,0.0054,0.814,10
240p,Traffic2,K3,A0.1_,T0.7,M3,Data-Processing\Raw-Data\Param-Sweep\240p\Traffic2\K3\A0.1_\T0.7\M3\Traffic2-Mask.mp4,Data-Processing\Raw-Data\OpenCV\M3\240p\Traffic2\Traffic2-Mask.mp4,Data-Processing\Raw-Data\Otsu\M3\240p\Traffic2\Traffic2-Mask.mp4,0.6956,0.0722,0.8078,0.6653,0.0213,0.6726,10
240p,Traffic2,K3,A0.1_,T0.7,M4,Data-Processing\Raw-Data\Param-Sweep\240p\Traffic2\K3\A0.1_\T0.7\M4\Traffic2-Mask.mp4,Data-Processing\Raw-Data\OpenCV\M4\240p\Traffic2\Traffic2-Mask.mp4,Data-Processing\Raw-Data\Otsu\M4\240p\Traffic2\Traffic2-Mask.mp4,0.7621,0.068,0.8351,0.7992,0.0063,0.802,10
240p,Traffic2,K3,A0.1_,T0.7,M5,Data-Processing\Raw-Data\Param-Sweep\240p\Traffic2\K3\A0.1_\T0.7\M5\Traffic2-Mask.mp4,Data-Processing\Raw-Data\OpenCV\M5\240p\Traffic2\Traffic2-Mask.mp4,Data-Processing\Raw-Data\Otsu\M5\240p\Traffic2\Traffic2-Mask.mp4,0.7738,0.0694,0.8436,0.8446,0.0047,0.8462,10
240p,Traffic2,K3,A0.1_,T0.9,M3,Data-Processing\Raw-Data\Param-Sweep\240p\Traffic2\K3\A0.1_\T0.9\M3\Traffic2-Mask.mp4,Data-Processing\Raw-Data\OpenCV\M3\240p\Traffic2\Traffic2-Mask.mp4,Data-Processing\Raw-Data\Otsu\M3\240p\Traffic2\Traffic2-Mask.mp4,0.7305,0.0741,0.8394,0.7011,0.0167,0.7026,10
240p,Traffic2,K3,A0.1_,T0.9,M4,Data-Processing\Raw-Data\Param-Sweep\240p\Traffic2\K3\A0.1_\T0.9\M4\Traffic2-Mask.mp4,Data-Processing\Raw-Data\OpenCV\M4\240p\Traffic2\Traffic2-Mask.mp4,Data-Processing\Raw-Data\Otsu\M4\240p\Traffic2\Traffic2-Mask.mp4,0.7837,0.0709,0.8683,0.8261,0.0042,0.8121,10
240p,Traffic2,K3,A0.1_,T0.9,M5,Data-Processing\Raw-Data\Param-Sweep\240p\Traffic2\K3\A0.1_\T0.9\M5\Traffic2-Mask.mp4,Data-Processing\Raw-Data\OpenCV\M5\240p\Traffic2\Traffic2-Mask.mp4,Data-Processing\Raw-Data\Otsu\M5\240p\Traffic2\Traffic2-Mask.mp4,0.7972,0.073,0.8811,0.8743,0.0029,0.8706,10
240p,Traffic2,K4,A0.001_,T0.5,M3,Data-Processing\Raw-Data\Param-Sweep\240p\Traffic2\K4\A0.001_\T0.5\M3\Traffic2-Mask.mp4,Data-Processing\Raw-Data\OpenCV\M3\240p\Traffic2\Traffic2-Mask.mp4,Data-Processing\Raw-Data\Otsu\M3\240p\Traffic2\Traffic2-Mask.mp4,0.404,0.061,0.3329,0.4345,0.0582,0.3236,10
240p,Traffic2,K4,A0.001_,T0.5,M4,Data-Processing\Raw-Data\Param-Sweep\240p\Traffic2\K4\A0.001_\T0.5\M4\Traffic2-Mask.mp4,Data-Processing\Raw-Data\OpenCV\M4\240p\Traffic2\Traffic2-Mask.mp4,Data-Processing\Raw-Data\Otsu\M4\240p\Traffic2\Traffic2-Mask.mp4,0.5415,0.0552,0.5316,0.5889,0.0338,0.5125,10
240p,Traffic2,K4,A0.001_,T0.5,M5,Data-Processing\Raw-Data\Param-Sweep\240p\Traffic2\K4\A0.001_\T0.5\M5\Traffic2-Mask.mp4,Data-Processing\Raw-Data\OpenCV\M5\240p\Traffic2\Traffic2-Mask.mp4,Data-Processing\Raw-Data\Otsu\M5\240p\Traffic2\Traffic2-Mask.mp4,0.5455,0.0559,0.537,0.6068,0.0347,0.5291,10
240p,Traffic2,K4,A0.001_,T0.7,M3,Data-Processing\Raw-Data\Param-Sweep\240p\Traffic2\K4\A0.001_\T0.7\M3\Traffic2-Mask.mp4,Data-Processing\Raw-Data\OpenCV\M3\240p\Traffic2\Traffic2-Mask.mp4,Data-Processing\Raw-Data\Otsu\M3\240p\Traffic2\Traffic2-Mask.mp4,0.5415,0.0995,0.5708,0.5394,0.0562,0.6071,10
240p,Traffic2,K4,A0.001_,T0.7,M4,Data-Processing\Raw-Data\Param-Sweep\240p\Traffic2\K4\A0.001_\T0.7\M4\Traffic2-Mask.mp4,Data-Processing\Raw-Data\OpenCV\M4\240p\Traffic2\Traffic2-Mask.mp4,Data-Processing\Raw-Data\Otsu\M4\240p\Traffic2\Traffic2-Mask.mp4,0.6412,0.0747,0.7319,0.674,0.0312,0.7161,10
240p,Traffic2,K4,A0.001_,T0.7,M5,Data-Processing\Raw-Data\Param-Sweep\240p\Traffic2\K4\A0.001_\T0.7\M5\Traffic2-Mask.mp4,Data-Processing\Raw-Data\OpenCV\M5\240p\Traffic2\Traffic2-Mask.mp4,Data-Processing\Raw-Data\Otsu\M5\240p\Traffic2\Traffic2-Mask.mp4,0.6485,0.0767,0.7384,0.7011,0.0326,0.7584,10
240p,Traffic2,K4,A0.001_,T0.9,M3,Data-Processing\Raw-Data\Param-Sweep\240p\Traffic2\K4\A0.001_\T0.9\M3\Traffic2-Mask.mp4,Data-Processing\Raw-Data\OpenCV\M3\240p\Traffic2\Traffic2-Mask.mp4,Data-Processing\Raw-Data\Otsu\M3\240p\Traffic2\Traffic2-Mask.mp4,0.7331,0.0886,0.8637,0.6686,0.0284,0.6908,10
240p,Traffic2,K4,A0.001_,T0.9,M4,Data-Processing\Raw-Data\Param-Sweep\240p\Traffic2\K4\A0.001_\T0.9\M4\Traffic2-Mask.mp4,Data-Processing\Raw-Data\OpenCV\M4\240p\Traffic2\Traffic2-Mask.mp4,Data-Processing\Raw-Data\Otsu\M4\240p\Traffic2\Traffic2-Mask.mp4,0.7712,0.0754,0.8724,0.7764,0.0127,0.7841,10
240p,Traffic2,K4,A0.001_,T0.9,M5,Data-Processing\Raw-Data\Param-Sweep\240p\Traffic2\K4\A0.001_\T0.9\M5\Traffic2-Mask.mp4,Data-Processing\Raw-Data\OpenCV\M5\240p\Traffic2\Traffic2-Mask.mp4,Data-Processing\Raw-Data\Otsu\M5\240p\Traffic2\Traffic2-Mask.mp4,0.7845,0.0783,0.8924,0.8174,0.0116,0.8298,10
240p,Traffic2,K4,A0.01_,T0.5,M3,Data-Processing\Raw-Data\Param-Sweep\240p\Traffic2\K4\A0.01_\T0.5\M3\Traffic2-Mask.mp4,Data-Processing\Raw-Data\OpenCV\M3\240p\Traffic2\Traffic2-Mask.mp4,Data-Processing\Raw-Data\Otsu\M3\240p\Traffic2\Traffic2-Mask.mp4,0.7554,0.074,0.8536,0.6794,0.0188,0.6976,10
240p,Traffic2,K4,A0.01_,T0.5,M4,Data-Processing\Raw-Data\Param-Sweep\240p\Traffic2\K4\A0.01_\T0.5\M4\Traffic2-Mask.mp4,Data-Processing\Raw-Data\OpenCV\M4\240p\Traffic2\Traffic2-Mask.mp4,Data-Processing\Raw-Data\Otsu\M4\240p\Traffic2\Traffic2-Mask.mp4,0.7944,0.0724,0.8838,0.7934,0.0074,0.7911,10
240p,Traffic2,K4,A0.01_,T0.5,M5,Data-Processing\Raw-Data\Param-Sweep\240p\Traffic2\K4\A0.01_\T0.5\M5\Traffic2-Mask.mp4,Data-Processing\Raw-Data\OpenCV\M5\240p\Traffic2\Traffic2-Mask.mp4,Data-Processing\Raw-Data\Otsu\M5\240p\Traffic2\Traffic2-Mask.mp4,0.8072,0.0745,0.8999,0.8364,0.0064,0.8413,10
240p,Traffic2,K4,A0.01_,T0.7,M3,Data-Processing\Raw-Data\Param-Sweep\240p\Traffic2\K4\A0.01_\T0.7\M3\Traffic2-Mask.mp4,Data-Processing\Raw-Data\OpenCV\M3\240p\Traffic2\Traffic2-Mask.mp4,Data-Processing\Raw-Data\Otsu\M3\240p\Traffic2\Traffic2-Mask.mp4,0.7829,0.0757,0.8929,0.7025,0.014,0.703,10
240p,Traffic2,K4,A0.01_,T0.7,M4,Data-Processing\Raw-Data\Param-Sweep\240p\Traffic2\K4\A0.01_\T0.7\M4\Traffic2-Mask.mp4,Data-Processing\Raw-Data\OpenCV\M4\240p\Traffic2\Traffic2-Mask.mp4,Data-Processing\Raw-Data\Otsu\M4\240p\Traffic2\Traffic2-Mask.mp4,0.807,0.0742,0.9009,0.8054,0.006,0.7961,10
240p,Traffic2,K4,A0.01_,T0.7,M5,Data-Processing\Raw-Data\Param-Sweep\240p\Traffic2\K4\A0.01_\T0.7\M5\Traffic2-Mask.mp4,Data-Processing\Raw-Data\OpenCV\M5\240p\Traffic2\Traffic2-Mask.mp4,Data-Processing\Raw-Data\Otsu\M5\240p\Traffic2\Traffic2-Mask.mp4,0.8221,0.0766,0.9209,0.8492,0.005,0.8505,10
240p,Traffic2,K4,A0.01_,T0.9,M3,Data-Processing\Raw-Data\Param-Sweep\240p\Traffic2\K4\A0.01_\T0.9\M3\Traffic2-Mask.mp4,Data-Processing\Raw-Data\OpenCV\M3\240p\Traffic2\Traffic2-Mask.mp4,Data-Processing\Raw-Data\Otsu\M3\240p\Traffic2\Traffic2-Mask.mp4,0.8064,0.0753,0.9002,0.7286,0.0093,0.706,10
240p,Traffic2,K4,A0.01_,T0.9,M4,Data-Processing\Raw-Data\Param-Sweep\240p\Traffic2\K4\A0.01_\T0.9\M4\Traffic2-Mask.mp4,Data-Processing\Raw-Data\OpenCV\M4\240p\Traffic2\Traffic2-Mask.mp4,Data-Processing\Raw-Data\Otsu\M4\240p\Traffic2\Traffic2-Mask.mp4,0.8106,0.075,0.906,0.8225,0.0047,0.8099,10
240p,Traffic2,K4,A0.01_,T0.9,M5,Data-Processing\Raw-Data\Param-Sweep\240p\Traffic2\K4\A0.01_\T0.9\M5\Traffic2-Mask.mp4,Data-Processing\Raw-Data\OpenCV\M5\240p\Traffic2\Traffic2-Mask.mp4,Data-Processing\Raw-Data\Otsu\M5\240p\Traffic2\Traffic2-Mask.mp4,0.83,0.078,0.9297,0.8686,0.0035,0.8709,10
240p,Traffic2,K4,A0.1_,T0.5,M3,Data-Processing\Raw-Data\Param-Sweep\240p\Traffic2\K4\A0.1_\T0.5\M3\Traffic2-Mask.mp4,Data-Processing\Raw-Data\OpenCV\M3\240p\Traffic2\Traffic2-Mask.mp4,Data-Processing\Raw-Data\Otsu\M3\240p\Traffic2\Traffic2-Mask.mp4,0.6643,0.0658,0.7665,0.6403,0.0229,0.638,10
240p,Traffic2,K4,A0.1_,T0.5,M4,Data-Processing\Raw-Data\Param-Sweep\240p\Traffic2\K4\A0.1_\T0.5\M4\Traffic2-Mask.mp4,Data-Processing\Raw-Data\OpenCV\M4\240p\Traffic2\Traffic2-Mask.mp4,Data-Processing\Raw-Data\Otsu\M4\240p\Traffic2\Traffic2-Mask.mp4,0.7468,0.0649,0.8338,0.7822,0.0069,0.7714,10
240p,Traffic2,K4,A0.1_,T0.5,M5,Data-Processing\Raw-Data\Param-Sweep\240p\Traffic2\K4\A0.1_\T0.5\M5\Traffic2-Mask.mp4,Data-Processing\Raw-Data\OpenCV\M5\240p\Traffic2\Traffic2-Mask.mp4,Data-Processing\Raw-Data\Otsu\M5\240p\Traffic2\Traffic2-Mask.mp4,0.757,0.0662,0.8379,0.826,0.0052,0.8184,10
240p,Traffic2,K4,A0.1_,T0.7,M3,Data-Processing\Raw-Data\Param-Sweep\240p\Traffic2\K4\A0.1_\T0.7\M3\Traffic2-Mask.mp4,Data-Processing\Raw-Data\OpenCV\M3\240p\Traffic2\Traffic2-Mask.mp4,Data-Processing\Raw-Data\Otsu\M3\240p\Traffic2\Traffic2-Mask.mp4,0.6939,0.0712,0.7967,0.6696,0.0208,0.6793,10
240p,Traffic2,K4,A0.1_,T0.7,M4,Data-Processing\Raw-Data\Param-Sweep\240p\Traffic2\K4\A0.1_\T0.7\M4\Traffic2-Mask.mp4,Data-Processing\Raw-Data\OpenCV\M4\240p\Traffic2\Traffic2-Mask.mp4,Data-Processing\Raw-Data\Otsu\M4\240p\Traffic2\Traffic2-Mask.mp4,0.7608,0.0677,0.83,0.804,0.006,0.8051,10
240p,Traffic2,K4,A0.1_,T0.7,M5,Data-Processing\Raw-Data\Param-Sweep\240p\Traffic2\K4\A0.1_\T0.7\M5\Traffic2-Mask.mp4,Data-Processing\Raw-Data\OpenCV\M5\240p\Traffic2\Traffic2-Mask.mp4,Data-Processing\Raw-Data\Otsu\M5\240p\Traffic2\Traffic2-Mask.mp4,0.7728,0.0693,0.8394,0.8506,0.0045,0.8503,10
240p,Traffic2,K4,A0.1_,T0.9,M3,Data-Processing\Raw-Data\Param-Sweep\240p\Traffic2\K4\A0.1_\T0.9\M3\Traffic2-Mask.mp4,Data-Processing\Raw-Data\OpenCV\M3\240p\Traffic2\Traffic2-Mask.mp4,Data-Processing\Raw-Data\Otsu\M3\240p\Traffic2\Traffic2-Mask.mp4,0.7361,0.0719,0.8374,0.7081,0.0148,0.7055,10
240p,Traffic2,K4,A0.1_,T0.9,M4,Data-Processing\Raw-Data\Param-Sweep\240p\Traffic2\K4\A0.1_\T0.9\M4\Traffic2-Mask.mp4,Data-Processing\Raw-Data\OpenCV\M4\240p\Traffic2\Traffic2-Mask.mp4,Data-Processing\Raw-Data\Otsu\M4\240p\Traffic2\Traffic2-Mask.mp4,0.787,0.0713,0.8712,0.8306,0.0039,0.8137,10
240p,Traffic2,K4,A0.1_,T0.9,M5,Data-Processing\Raw-Data\Param-Sweep\240p\Traffic2\K4\A0.1_\T0.9\M5\Traffic2-Mask.mp4,Data-Processing\Raw-Data\OpenCV\M5\240p\Traffic2\Traffic2-Mask.mp4,Data-Processing\Raw-Data\Otsu\M5\240p\Traffic2\Traffic2-Mask.mp4,0.8012,0.0736,0.8843,0.8805,0.0025,0.8776,10
360p,Traffic2,K2,A0.001_,T0.5,M3,Data-Processing\Raw-Data\Param-Sweep\360p\Traffic2\K2\A0.001_\T0.5\M3\Traffic2-Mask.mp4,Data-Processing\Raw-Data\OpenCV\M3\360p\Traffic2\Traffic2-Mask.mp4,Data-Processing\Raw-Data\Otsu\M3\360p\Traffic2\Traffic2-Mask.mp4,0.2149,0.0166,0.2597,0.309,0.0634,0.306,10
360p,Traffic2,K2,A0.001_,T0.5,M4,Data-Processing\Raw-Data\Param-Sweep\360p\Traffic2\K2\A0.001_\T0.5\M4\Traffic2-Mask.mp4,Data-Processing\Raw-Data\OpenCV\M4\360p\Traffic2\Traffic2-Mask.mp4,Data-Processing\Raw-Data\Otsu\M4\360p\Traffic2\Traffic2-Mask.mp4,0.3705,0.0323,0.4594,0.4518,0.0478,0.4634,10
360p,Traffic2,K2,A0.001_,T0.5,M5,Data-Processing\Raw-Data\Param-Sweep\360p\Traffic2\K2\A0.001_\T0.5\M5\Traffic2-Mask.mp4,Data-Processing\Raw-Data\OpenCV\M5\360p\Traffic2\Traffic2-Mask.mp4,Data-Processing\Raw-Data\Otsu\M5\360p\Traffic2\Traffic2-Mask.mp4,0.3722,0.0328,0.4642,0.4534,0.0481,0.4666,10
360p,Traffic2,K2,A0.001_,T0.7,M3,Data-Processing\Raw-Data\Param-Sweep\360p\Traffic2\K2\A0.001_\T0.7\M3\Traffic2-Mask.mp4,Data-Processing\Raw-Data\OpenCV\M3\360p\Traffic2\Traffic2-Mask.mp4,Data-Processing\Raw-Data\Otsu\M3\360p\Traffic2\Traffic2-Mask.mp4,0.2425,0.0256,0.2629,0.3311,0.0644,0.3094,10
360p,Traffic2,K2,A0.001_,T0.7,M4,Data-Processing\Raw-Data\Param-Sweep\360p\Traffic2\K2\A0.001_\T0.7\M4\Traffic2-Mask.mp4,Data-Processing\Raw-Data\OpenCV\M4\360p\Traffic2\Traffic2-Mask.mp4,Data-Processing\Raw-Data\Otsu\M4\360p\Traffic2\Traffic2-Mask.mp4,0.4149,0.0488,0.4617,0.4865,0.0503,0.4719,10
360p,Traffic2,K2,A0.001_,T0.7,M5,Data-Processing\Raw-Data\Param-Sweep\360p\Traffic2\K2\A0.001_\T0.7\M5\Traffic2-Mask.mp4,Data-Processing\Raw-Data\OpenCV\M5\360p\Traffic2\Traffic2-Mask.mp4,Data-Processing\Raw-Data\Otsu\M5\360p\Traffic2\Traffic2-Mask.mp4,0.4167,0.0493,0.4664,0.4922,0.0519,0.4749,10
360p,Traffic2,K2,A0.001_,T0.9,M3,Data-Processing\Raw-Data\Param-Sweep\360p\Traffic2\K2\A0.001_\T0.9\M3\Traffic2-Mask.mp4,Data-Processing\Raw-Data\OpenCV\M3\360p\Traffic2\Traffic2-Mask.mp4,Data-Processing\Raw-Data\Otsu\M3\360p\Traffic2\Traffic2-Mask.mp4,0.4597,0.0644,0.5069,0.4767,0.0528,0.4481,10
360p,Traffic2,K2,A0.001_,T0.9,M4,Data-Processing\Raw-Data\Param-Sweep\360p\Traffic2\K2\A0.001_\T0.9\M4\Traffic2-Mask.mp4,Data-Processing\Raw-Data\OpenCV\M4\360p\Traffic2\Traffic2-Mask.mp4,Data-Processing\Raw-Data\Otsu\M4\360p\Traffic2\Traffic2-Mask.mp4,0.6089,0.0706,0.7065,0.6309,0.0346,0.642,10
360p,Traffic2,K2,A0.001_,T0.9,M5,Data-Processing\Raw-Data\Param-Sweep\360p\Traffic2\K2\A0.001_\T0.9\M5\Traffic2-Mask.mp4,Data-Processing\Raw-Data\OpenCV\M5\360p\Traffic2\Traffic2-Mask.mp4,Data-Processing\Raw-Data\Otsu\M5\360p\Traffic2\Traffic2-Mask.mp4,0.611,0.0713,0.7077,0.6557,0.0362,0.6802,10
360p,Traffic2,K2,A0.01_,T0.5,M3,Data-Processing\Raw-Data\Param-Sweep\360p\Traffic2\K2\A0.01_\T0.5\M3\Traffic2-Mask.mp4,Data-Processing\Raw-Data\OpenCV\M3\360p\Traffic2\Traffic2-Mask.mp4,Data-Processing\Raw-Data\Otsu\M3\360p\Traffic2\Traffic2-Mask.mp4,0.6853,0.0717,0.7574,0.6133,0.0289,0.6511,10
360p,Traffic2,K2,A0.01_,T0.5,M4,Data-Processing\Raw-Data\Param-Sweep\360p\Traffic2\K2\A0.01_\T0.5\M4\Traffic2-Mask.mp4,Data-Processing\Raw-Data\OpenCV\M4\360p\Traffic2\Traffic2-Mask.mp4,Data-Processing\Raw-Data\Otsu\M4\360p\Traffic2\Traffic2-Mask.mp4,0.7618,0.0692,0.8336,0.748,0.0113,0.7535,10
360p,Traffic2,K2,A0.01_,T0.5,M5,Data-Processing\Raw-Data\Param-Sweep\360p\Traffic2\K2\A0.01_\T0.5\M5\Traffic2-Mask.mp4,Data-Processing\Raw-Data\OpenCV\M5\360p\Traffic2\Traffic2-Mask.mp4,Data-Processing\Raw-Data\Otsu\M5\360p\Traffic2\Traffic2-Mask.mp4,0.7677,0.0702,0.8415,0.7873,0.0102,0.7952,10
360p,Traffic2,K2,A0.01_,T0.7,M3,Data-Processing\Raw-Data\Param-Sweep\360p\Traffic2\K2\A0.01_\T0.7\M3\Traffic2-Mask.mp4,Data-Processing\Raw-Data\OpenCV\M3\360p\Traffic2\Traffic2-Mask.mp4,Data-Processing\Raw-Data\Otsu\M3\360p\Traffic2\Traffic2-Mask.mp4,0.7348,0.073,0.8498,0.6507,0.0205,0.6567,10
360p,Traffic2,K2,A0.01_,T0.7,M4,Data-Processing\Raw-Data\Param-Sweep\360p\Traffic2\K2\A0.01_\T0.7\M4\Traffic2-Mask.mp4,Data-Processing\Raw-Data\OpenCV\M4\360p\Traffic2\Traffic2-Mask.mp4,Data-Processing\Raw-Data\Otsu\M4\360p\Traffic2\Traffic2-Mask.mp4,0.7837,0.0716,0.8693,0.7662,0.0083,0.7567,10
360p,Traffic2,K2,A0.01_,T0.7,M5,Data-Processing\Raw-Data\Param-Sweep\360p\Traffic2\K2\A0.01_\T0.7\M5\Traffic2-Mask.mp4,Data-Processing\Raw-Data\OpenCV\M5\360p\Traffic2\Traffic2-Mask.mp4,Data-Processing\Raw-Data\Otsu\M5\360p\Traffic2\Traffic2-Mask.mp4,0.79,0.0725,0.879,0.8063,0.0072,0.7992,10
360p,Traffic2,K2,A0.01_,T0.9,M3,Data-Processing\Raw-Data\Param-Sweep\360p\Traffic2\K2\A0.01_\T0.9\M3\Traffic2-Mask.mp4,Data-Processing\Raw-Data\OpenCV\M3\360p\Traffic2\Traffic2-Mask.mp4,Data-Processing\Raw-Data\Otsu\M3\360p\Traffic2\Traffic2-Mask.mp4,0.774,0.0739,0.8822,0.6807,0.0149,0.6712,10
360p,Traffic2,K2,A0.01_,T0.9,M4,Data-Processing\Raw-Data\Param-Sweep\360p\Traffic2\K2\A0.01_\T0.9\M4\Traffic2-Mask.mp4,Data-Processing\Raw-Data\OpenCV\M4\360p\Traffic2\Traffic2-Mask.mp4,Data-Processing\Raw-Data\Otsu\M4\360p\Traffic2\Traffic2-Mask.mp4,0.8037,0.0738,0.8925,0.7842,0.0065,0.7698,10
360p,Traffic2,K2,A0.01_,T0.9,M5,Data-Processing\Raw-Data\Param-Sweep\360p\Traffic2\K2\A0.01_\T0.9\M5\Traffic2-Mask.mp4,Data-Processing\Raw-Data\OpenCV\M5\360p\Traffic2\Traffic2-Mask.mp4,Data-Processing\Raw-Data\Otsu\M5\360p\Traffic2\Traffic2-Mask.mp4,0.8119,0.075,0.9007,0.8258,0.0054,0.8177,10
360p,Traffic2,K2,A0.1_,T0.5,M3,Data-Processing\Raw-Data\Param-Sweep\360p\Traffic2\K2\A0.1_\T0.5\M3\Traffic2-Mask.mp4,Data-Processing\Raw-Data\OpenCV\M3\360p\Traffic2\Traffic2-Mask.mp4,Data-Processing\Raw-Data\Otsu\M3\360p\Traffic2\Traffic2-Mask.mp4,0.679,0.0631,0.7748,0.6219,0.0215,0.6209,10
360p,Traffic2,K2,A0.1_,T0.5,M4,Data-Processing\Raw-Data\Param-Sweep\360p\Traffic2\K2\A0.1_\T0.5\M4\Traffic2-Mask.mp4,Data-Processing\Raw-Data\OpenCV\M4\360p\Traffic2\Traffic2-Mask.mp4,Data-Processing\Raw-Data\Otsu\M4\360p\Traffic2\Traffic2-Mask.mp4,0.7618,0.0666,0.8484,0.7581,0.0075,0.7431,10
360p,Traffic2,K2,A0.1_,T0.5,M5,Data-Processing\Raw-Data\Param-Sweep\360p\Traffic2\K2\A0.1_\T0.5\M5\Traffic2-Mask.mp4,Data-Processing\Raw-Data\OpenCV\M5\360p\Traffic2\Traffic2-Mask.mp4,Data-Processing\Raw-Data\Otsu\M5\360p\Traffic2\Traffic2-Mask.mp4,0.7672,0.0673,0.853,0.7988,0.0058,0.7952,10
360p,Traffic2,K2,A0.1_,T0.7,M3,Data-Processing\Raw-Data\Param-Sweep\360p\Traffic2\K2\A0.1_\T0.7\M3\Traffic2-Mask.mp4,Data-Processing\Raw-Data\OpenCV\M3\360p\Traffic2\Traffic2-Mask.mp4,Data-Processing\Raw-Data\Otsu\M3\360p\Traffic2\Traffic2-Mask.mp4,0.7018,0.0674,0.8022,0.6408,0.0205,0.6483,10
360p,Traffic2,K2,A0.1_,T0.7,M4,Data-Processing\Raw-Data\Param-Sweep\360p\Traffic2\K2\A0.1_\T0.7\M4\Traffic2-Mask.mp4,Data-Processing\Raw-Data\OpenCV\M4\360p\Traffic2\Traffic2-Mask.mp4,Data-Processing\Raw-Data\Otsu\M4\360p\Traffic2\Traffic2-Mask.mp4,0.7718,0.0686,0.8579,0.7703,0.007,0.7545,10
360p,Traffic2,K2,A0.1_,T0.7,M5,Data-Processing\Raw-Data\Param-Sweep\360p\Traffic2\K2\A0.1_\T0.7\M5\Traffic2-Mask.mp4,Data-Processing\Raw-Data\OpenCV\M5\360p\Traffic2\Traffic2-Mask.mp4,Data-Processing\Raw-Data\Otsu\M5\360p\Traffic2\Traffic2-Mask.mp4,0.7781,0.0694,0.8597,0.8124,0.0053,0.8091,10
360p,Traffic2,K2,A0.1_,T0.9,M3,Data-Processing\Raw-Data\Param-Sweep\360p\Traffic2\K2\A0.1_\T0.9\M3\Traffic2-Mask.mp4,Data-Processing\Raw-Data\OpenCV\M3\360p\Traffic2\Traffic2-Mask.mp4,Data-Processing\Raw-Data\Otsu\M3\360p\Traffic2\Traffic2-Mask.mp4,0.7469,0.0725,0.8471,0.6864,0.0152,0.6706,10
360p,Traffic2,K2,A0.1_,T0.9,M4,Data-Processing\Raw-Data\Param-Sweep\360p\Traffic2\K2\A0.1_\T0.9\M4\Traffic2-Mask.mp4,Data-Processing\Raw-Data\OpenCV\M4\360p\Traffic2\Traffic2-Mask.mp4,Data-Processing\Raw-Data\Otsu\M4\360p\Traffic2\Traffic2-Mask.mp4,0.7952,0.0726,0.888,0.8051,0.0047,0.7796,10
360p,Traffic2,K2,A0.1_,T0.9,M5,Data-Processing\Raw-Data\Param-Sweep\360p\Traffic2\K2\A0.1_\T0.9\M5\Traffic2-Mask.mp4,Data-Processing\Raw-Data\OpenCV\M5\360p\Traffic2\Traffic2-Mask.mp4,Data-Processing\Raw-Data\Otsu\M5\360p\Traffic2\Traffic2-Mask.mp4,0.8046,0.0739,0.8946,0.851,0.0032,0.8383,10
360p,Traffic2,K3,A0.001_,T0.5,M3,Data-Processing\Raw-Data\Param-Sweep\360p\Traffic2\K3\A0.001_\T0.5\M3\Traffic2-Mask.mp4,Data-Processing\Raw-Data\OpenCV\M3\360p\Traffic2\Traffic2-Mask.mp4,Data-Processing\Raw-Data\Otsu\M3\360p\Traffic2\Traffic2-Mask.mp4,0.3489,0.0461,0.3039,0.3988,0.0576,0.3122,10
360p,Traffic2,K3,A0.001_,T0.5,M4,Data-Processing\Raw-Data\Param-Sweep\360p\Traffic2\K3\A0.001_\T0.5\M4\Traffic2-Mask.mp4,Data-Processing\Raw-Data\OpenCV\M4\360p\Traffic2\Traffic2-Mask.mp4,Data-Processing\Raw-Data\Otsu\M4\360p\Traffic2\Traffic2-Mask.mp4,0.5067,0.0528,0.496,0.5526,0.0373,0.4798,10
360p,Traffic2,K3,A0.001_,T0.5,M5,Data-Processing\Raw-Data\Param-Sweep\360p\Traffic2\K3\A0.001_\T0.5\M5\Traffic2-Mask.mp4,Data-Processing\Raw-Data\OpenCV\M5\360p\Traffic2\Traffic2-Mask.mp4,Data-Processing\Raw-Data\Otsu\M5\360p\Traffic2\Traffic2-Mask.mp4,0.5088,0.0532,0.4986,0.5683,0.039,0.4918,10
360p,Traffic2,K3,A0.001_,T0.7,M3,Data-Processing\Raw-Data\Param-Sweep\360p\Traffic2\K3\A0.001_\T0.7\M3\Traffic2-Mask.mp4,Data-Processing\Raw-Data\OpenCV\M3\360p\Traffic2\Traffic2-Mask.mp4,Data-Processing\Raw-Data\Otsu\M3\360p\Traffic2\Traffic2-Mask.mp4,0.498,0.0892,0.441,0.5015,0.0541,0.5036,10
360p,Traffic2,K3,A0.001_,T0.7,M4,Data-Processing\Raw-Data\Param-Sweep\360p\Traffic2\K3\A0.001_\T0.7\M4\Traffic2-Mask.mp4,Data-Processing\Raw-Data\OpenCV\M4\360p\Traffic2\Traffic2-Mask.mp4,Data-Processing\Raw-Data\Otsu\M4\360p\Traffic2\Traffic2-Mask.mp4,0.6133,0.076,0.6274,0.636,0.0336,0.6709,10
360p,Traffic2,K3,A0.001_,T0.7,M5,Data-Processing\Raw-Data\Param-Sweep\360p\Traffic2\K3\A0.001_\T0.7\M5\Traffic2-Mask.mp4,Data-Processing\Raw-Data\OpenCV\M5\360p\Traffic2\Traffic2-Mask.mp4,Data-Processing\Raw-Data\Otsu\M5\360p\Traffic2\Traffic2-Mask.mp4,0.6167,0.0769,0.6296,0.6616,0.0362,0.7104,10
360p,Traffic2,K3,A0.001_,T0.9,M3,Data-Processing\Raw-Data\Param-Sweep\360p\Traffic2\K3\A0.001_\T0.9\M3\Traffic2-Mask.mp4,Data-Processing\Raw-Data\OpenCV\M3\360p\Traffic2\Traffic2-Mask.mp4,Data-Processing\Raw-Data\Otsu\M3\360p\Traffic2\Traffic2-Mask.mp4,0.6767,0.0873,0.7753,0.6198,0.0337,0.6202,10
360p,Traffic2,K3,A0.001_,T0.9,M4,Data-Processing\Raw-Data\Param-Sweep\360p\Traffic2\K3\A0.001_\T0.9\M4\Traffic2-Mask.mp4,Data-Processing\Raw-Data\OpenCV\M4\360p\Traffic2\Traffic2-Mask.mp4,Data-Processing\Raw-Data\Otsu\M4\360p\Traffic2\Traffic2-Mask.mp4,0.7506,0.0791,0.86,0.7398,0.0183,0.7517,10
360p,Traffic2,K3,A0.001_,T0.9,M5,Data-Processing\Raw-Data\Param-Sweep\360p\Traffic2\K3\A0.001_\T0.9\M5\Traffic2-Mask.mp4,Data-Processing\Raw-Data\OpenCV\M5\360p\Traffic2\Traffic2-Mask.mp4,Data-Processing\Raw-Data\Otsu\M5\360p\Traffic2\Traffic2-Mask.mp4,0.7571,0.0807,0.8705,0.7787,0.0184,0.7913,10
360p,Traffic2,K3,A0.01_,T0.5,M3,Data-Processing\Raw-Data\Param-Sweep\360p\Traffic2\K3\A0.01_\T0.5\M3\Traffic2-Mask.mp4,Data-Processing\Raw-Data\OpenCV\M3\360p\Traffic2\Traffic2-Mask.mp4,Data-Processing\Raw-Data\Otsu\M3\360p\Traffic2\Traffic2-Mask.mp4,0.7476,0.0739,0.8424,0.654,0.0214,0.6735,10
360p,Traffic2,K3,A0.01_,T0.5,M4,Data-Processing\Raw-Data\Param-Sweep\360p\Traffic2\K3\A0.01_\T0.5\M4\Traffic2-Mask.mp4,Data-Processing\Raw-Data\OpenCV\M4\360p\Traffic2\Traffic2-Mask.mp4,Data-Processing\Raw-Data\Otsu\M4\360p\Traffic2\Traffic2-Mask.mp4,0.7917,0.0729,0.875,0.7688,0.0093,0.771,10
360p,Traffic2,K3,A0.01_,T0.5,M5,Data-Processing\Raw-Data\Param-Sweep\360p\Traffic2\K3\A0.01_\T0.5\M5\Traffic2-Mask.mp4,Data-Processing\Raw-Data\OpenCV\M5\360p\Traffic2\Traffic2-Mask.mp4,Data-Processing\Raw-Data\Otsu\M5\360p\Traffic2\Traffic2-Mask.mp4,0.8004,0.0743,0.8885,0.811,0.008,0.8191,10
360p,Traffic2,K3,A0.01_,T0.7,M3,Data-Processing\Raw-Data\Param-Sweep\360p\Traffic2\K3\A0.01_\T0.7\M3\Traffic2-Mask.mp4,Data-Processing\Raw-Data\OpenCV\M3\360p\Traffic2\Traffic2-Mask.mp4,Data-Processing\Raw-Data\Otsu\M3\360p\Traffic2\Traffic2-Mask.mp4,0.7811,0.0758,0.8952,0.6808,0.0152,0.6774,10
360p,Traffic2,K3,A0.01_,T0.7,M4,Data-Processing\Raw-Data\Param-Sweep\360p\Traffic2\K3\A0.01_\T0.7\M4\Traffic2-Mask.mp4,Data-Processing\Raw-Data\OpenCV\M4\360p\Traffic2\Traffic2-Mask.mp4,Data-Processing\Raw-Data\Otsu\M4\360p\Traffic2\Traffic2-Mask.mp4,0.8095,0.0749,0.901,0.7856,0.0064,0.775,10
360p,Traffic2,K3,A0.01_,T0.7,M5,Data-Processing\Raw-Data\Param-Sweep\360p\Traffic2\K3\A0.01_\T0.7\M5\Traffic2-Mask.mp4,Data-Processing\Raw-Data\OpenCV\M5\360p\Traffic2\Traffic2-Mask.mp4,Data-Processing\Raw-Data\Otsu\M5\360p\Traffic2\Traffic2-Mask.mp4,0.8207,0.0765,0.9173,0.8287,0.0053,0.8251,10
360p,Traffic2,K3,A0.01_,T0.9,M3,Data-Processing\Raw-Data\Param-Sweep\360p\Traffic2\K3\A0.01_\T0.9\M3\Traffic2-Mask.mp4,Data-Processing\Raw-Data\OpenCV\M3\360p\Traffic2\Traffic2-Mask.mp4,Data-Processing\Raw-Data\Otsu\M3\360p\Traffic2\Traffic2-Mask.mp4,0.8119,0.0756,0.8993,0.7076,0.0104,0.6814,10
360p,Traffic2,K3,A0.01_,T0.9,M4,Data-Processing\Raw-Data\Param-Sweep\360p\Traffic2\K3\A0.01_\T0.9\M4\Traffic2-Mask.mp4,Data-Processing\Raw-Data\OpenCV\M4\360p\Traffic2\Traffic2-Mask.mp4,Data-Processing\Raw-Data\Otsu\M4\360p\Traffic2\Traffic2-Mask.mp4,0.8196,0.0759,0.9084,0.7991,0.0052,0.7808,10
360p,Traffic2,K3,A0.01_,T0.9,M5,Data-Processing\Raw-Data\Param-Sweep\360p\Traffic2\K3\A0.01_\T0.9\M5\Traffic2-Mask.mp4,Data-Processing\Raw-Data\OpenCV\M5\360p\Traffic2\Traffic2-Mask.mp4,Data-Processing\Raw-Data\Otsu\M5\360p\Traffic2\Traffic2-Mask.mp4,0.8333,0.0781,0.9278,0.844,0.0039,0.8338,10
360p,Traffic2,K3,A0.1_,T0.5,M3,Data-Processing\Raw-Data\Param-Sweep\360p\Traffic2\K3\A0.1_\T0.5\M3\Traffic2-Mask.mp4,Data-Processing\Raw-Data\OpenCV\M3\360p\Traffic2\Traffic2-Mask.mp4,Data-Processing\Raw-Data\Otsu\M3\360p\Traffic2\Traffic2-Mask.mp4,0.6818,0.0638,0.7735,0.6291,0.021,0.6307,10
360p,Traffic2,K3,A0.1_,T0.5,M4,Data-Processing\Raw-Data\Param-Sweep\360p\Traffic2\K3\A0.1_\T0.5\M4\Traffic2-Mask.mp4,Data-Processing\Raw-Data\OpenCV\M4\360p\Traffic2\Traffic2-Mask.mp4,Data-Processing\Raw-Data\Otsu\M4\360p\Traffic2\Traffic2-Mask.mp4,0.7635,0.0671,0.8483,0.7665,0.0071,0.754,10
360p,Traffic2,K3,A0.1_,T0.5,M5,Data-Processing\Raw-Data\Param-Sweep\360p\Traffic2\K3\A0.1_\T0.5\M5\Traffic2-Mask.mp4,Data-Processing\Raw-Data\OpenCV\M5\360p\Traffic2\Traffic2-Mask.mp4,Data-Processing\Raw-Data\Otsu\M5\360p\Traffic2\Traffic2-Mask.mp4,0.7701,0.0679,0.8502,0.8089,0.0053,0.8033,10
360p,Traffic2,K3,A0.1_,T0.7,M3,Data-Processing\Raw-Data\Param-Sweep\360p\Traffic2\K3\A0.1_\T0.7\M3\Traffic2-Mask.mp4,Data-Processing\Raw-Data\OpenCV\M3\360p\Traffic2\Traffic2-Mask.mp4,Data-Processing\Raw-Data\Otsu\M3\360p\Traffic2\Traffic2-Mask.mp4,0.6996,0.0667,0.7993,0.6468,0.0197,0.6561,10
360p,Traffic2,K3,A0.1_,T0.7,M4,Data-Processing\Raw-Data\Param-Sweep\360p\Traffic2\K3\A0.1_\T0.7\M4\Traffic2-Mask.mp4,Data-Processing\Raw-Data\OpenCV\M4\360p\Traffic2\Traffic2-Mask.mp4,Data-Processing\Raw-Data\Otsu\M4\360p\Traffic2\Traffic2-Mask.mp4,0.7682,0.068,0.8456,0.7785,0.0065,0.7649,10
360p,Traffic2,K3,A0.1_,T0.7,M5,Data-Processing\Raw-Data\Param-Sweep\360p\Traffic2\K3\A0.1_\T0.7\M5\Traffic2-Mask.mp4,Data-Processing\Raw-Data\OpenCV\M5\360p\Traffic2\Traffic2-Mask.mp4,Data-Processing\Raw-Data\Otsu\M5\360p\Traffic2\Traffic2-Mask.mp4,0.7765,0.0691,0.8534,0.8225,0.0048,0.8183,10
360p,Traffic2,K3,A0.1_,T0.9,M3,Data-Processing\Raw-Data\Param-Sweep\360p\Traffic2\K3\A0.1_\T0.9\M3\Traffic2-Mask.mp4,Data-Processing\Raw-Data\OpenCV\M3\360p\Traffic2\Traffic2-Mask.mp4,Data-Processing\Raw-Data\Otsu\M3\360p\Traffic2\Traffic2-Mask.mp4,0.7551,0.0724,0.8617,0.6957,0.0138,0.6779,10
360p,Traffic2,K3,A0.1_,T0.9,M4,Data-Processing\Raw-Data\Param-Sweep\360p\Traffic2\K3\A0.1_\T0.9\M4\Traffic2-Mask.mp4,Data-Processing\Raw-Data\OpenCV\M4\360p\Traffic2\Traffic2-Mask.mp4,Data-Processing\Raw-Data\Otsu\M4\360p\Traffic2\Traffic2-Mask.mp4,0.7964,0.0727,0.8907,0.8098,0.0044,0.7869,10
360p,Traffic2,K3,A0.1_,T0.9,M5,Data-Processing\Raw-Data\Param-Sweep\360p\Traffic2\K3\A0.1_\T0.9\M5\Traffic2-Mask.mp4,Data-Processing\Raw-Data\OpenCV\M5\360p\Traffic2\Traffic2-Mask.mp4,Data-Processing\Raw-Data\Otsu\M5\360p\Traffic2\Traffic2-Mask.mp4,0.8069,0.0743,0.9,0.8568,0.0029,0.8438,10
360p,Traffic2,K4,A0.001_,T0.5,M3,Data-Processing\Raw-Data\Param-Sweep\360p\Traffic2\K4\A0.001_\T0.5\M3\Traffic2-Mask.mp4,Data-Processing\Raw-Data\OpenCV\M3\360p\Traffic2\Traffic2-Mask.mp4,Data-Processing\Raw-Data\Otsu\M3\360p\Traffic2\Traffic2-Mask.mp4,0.4076,0.0576,0.3514,0.4357,0.0532,0.3296,10
360p,Traffic2,K4,A0.001_,T0.5,M4,Data-Processing\Raw-Data\Param-Sweep\360p\Traffic2\K4\A0.001_\T0.5\M4\Traffic2-Mask.mp4,Data-Processing\Raw-Data\OpenCV\M4\360p\Traffic2\Traffic2-Mask.mp4,Data-Processing\Raw-Data\Otsu\M4\360p\Traffic2\Traffic2-Mask.mp4,0.5391,0.0574,0.5116,0.5779,0.0341,0.5081,10
360p,Traffic2,K4,A0.001_,T0.5,M5,Data-Processing\Raw-Data\Param-Sweep\360p\Traffic2\K4\A0.001_\T0.5\M5\Traffic2-Mask.mp4,Data-Processing\Raw-Data\OpenCV\M5\360p\Traffic2\Traffic2-Mask.mp4,Data-Processing\Raw-Data\Otsu\M5\360p\Traffic2\Traffic2-Mask.mp4,0.5416,0.0579,0.5141,0.5963,0.036,0.5217,10
360p,Traffic2,K4,A0.001_,T0.7,M3,Data-Processing\Raw-Data\Param-Sweep\360p\Traffic2\K4\A0.001_\T0.7\M3\Traffic2-Mask.mp4,Data-Processing\Raw-Data\OpenCV\M3\360p\Traffic2\Traffic2-Mask.mp4,Data-Processing\Raw-Data\Otsu\M3\360p\Traffic2\Traffic2-Mask.mp4,0.5476,0.0982,0.5944,0.5356,0.0514,0.5927,10
360p,Traffic2,K4,A0.001_,T0.7,M4,Data-Processing\Raw-Data\Param-Sweep\360p\Traffic2\K4\A0.001_\T0.7\M4\Traffic2-Mask.mp4,Data-Processing\Raw-Data\OpenCV\M4\360p\Traffic2\Traffic2-Mask.mp4,Data-Processing\Raw-Data\Otsu\M4\360p\Traffic2\Traffic2-Mask.mp4,0.6427,0.0787,0.7108,0.6616,0.0312,0.718,10
360p,Traffic2,K4,A0.001_,T0.7,M5,Data-Processing\Raw-Data\Param-Sweep\360p\Traffic2\K4\A0.001_\T0.7\M5\Traffic2-Mask.mp4,Data-Processing\Raw-Data\OpenCV\M5\360p\Traffic2\Traffic2-Mask.mp4,Data-Processing\Raw-Data\Otsu\M5\360p\Traffic2\Traffic2-Mask.mp4,0.6474,0.0799,0.7157,0.6892,0.0335,0.7647,10
360p,Traffic2,K4,A0.001_,T0.9,M3,Data-Processing\Raw-Data\Param-Sweep\360p\Traffic2\K4\A0.001_\T0.9\M3\Traffic2-Mask.mp4,Data-Processing\Raw-Data\OpenCV\M3\360p\Traffic2\Traffic2-Mask.mp4,Data-Processing\Raw-Data\Otsu\M3\360p\Traffic2\Traffic2-Mask.mp4,0.7369,0.0862,0.8641,0.6551,0.0264,0.6592,10
360p,Traffic2,K4,A0.001_,T0.9,M4,Data-Processing\Raw-Data\Param-Sweep\360p\Traffic2\K4\A0.001_\T0.9\M4\Traffic2-Mask.mp4,Data-Processing\Raw-Data\OpenCV\M4\360p\Traffic2\Traffic2-Mask.mp4,Data-Processing\Raw-Data\Otsu\M4\360p\Traffic2\Traffic2-Mask.mp4,0.7815,0.0767,0.8862,0.7647,0.0121,0.7722,10
360p,Traffic2,K4,A0.001_,T0.9,M5,Data-Processing\Raw-Data\Param-Sweep\360p\Traffic2\K4\A0.001_\T0.9\M5\Traffic2-Mask.mp4,Data-Processing\Raw-Data\OpenCV\M5\360p\Traffic2\Traffic2-Mask.mp4,Data-Processing\Raw-Data\Otsu\M5\360p\Traffic2\Traffic2-Mask.mp4,0.7908,0.0786,0.9018,0.8056,0.0114,0.8151,10
360p,Traffic2,K4,A0.01_,T0.5,M3,Data-Processing\Raw-Data\Param-Sweep\360p\Traffic2\K4\A0.01_\T0.5\M3\Traffic2-Mask.mp4,Data-Processing\Raw-Data\OpenCV\M3\360p\Traffic2\Traffic2-Mask.mp4,Data-Processing\Raw-Data\Otsu\M3\360p\Traffic2\Traffic2-Mask.mp4,0.7649,0.0742,0.8631,0.6661,0.0191,0.6785,10
360p,Traffic2,K4,A0.01_,T0.5,M4,Data-Processing\Raw-Data\Param-Sweep\360p\Traffic2\K4\A0.01_\T0.5\M4\Traffic2-Mask.mp4,Data-Processing\Raw-Data\OpenCV\M4\360p\Traffic2\Traffic2-Mask.mp4,Data-Processing\Raw-Data\Otsu\M4\360p\Traffic2\Traffic2-Mask.mp4,0.7979,0.0736,0.8879,0.773,0.0089,0.7735,10
360p,Traffic2,K4,A0.01_,T0.5,M5,Data-Processing\Raw-Data\Param-Sweep\360p\Traffic2\K4\A0.01_\T0.5\M5\Traffic2-Mask.mp4,Data-Processing\Raw-Data\OpenCV\M5\360p\Traffic2\Traffic2-Mask.mp4,Data-Processing\Raw-Data\Otsu\M5\360p\Traffic2\Traffic2-Mask.mp4,0.808,0.0753,0.9043,0.8157,0.0077,0.8242,10
360p,Traffic2,K4,A0.01_,T0.7,M3,Data-Processing\Raw-Data\Param-Sweep\360p\Traffic2\K4\A0.01_\T0.7\M3\Traffic2-Mask.mp4,Data-Processing\Raw-Data\OpenCV\M3\360p\Traffic2\Traffic2-Mask.mp4,Data-Processing\Raw-Data\Otsu\M3\360p\Traffic2\Traffic2-Mask.mp4,0.7946,0.0757,0.8991,0.6899,0.0134,0.6798,10
360p,Traffic2,K4,A0.01_,T0.7,M4,Data-Processing\Raw-Data\Param-Sweep\360p\Traffic2\K4\A0.01_\T0.7\M4\Traffic2-Mask.mp4,Data-Processing\Raw-Data\OpenCV\M4\360p\Traffic2\Traffic2-Mask.mp4,Data-Processing\Raw-Data\Otsu\M4\360p\Traffic2\Traffic2-Mask.mp4,0.8146,0.0756,0.9073,0.7895,0.0061,0.7777,10
360p,Traffic2,K4,A0.01_,T0.7,M5,Data-Processing\Raw-Data\Param-Sweep\360p\Traffic2\K4\A0.01_\T0.7\M5\Traffic2-Mask.mp4,Data-Processing\Raw-Data\OpenCV\M5\360p\Traffic2\Traffic2-Mask.mp4,Data-Processing\Raw-Data\Otsu\M5\360p\Traffic2\Traffic2-Mask.mp4,0.8281,0.0775,0.9226,0.8335,0.005,0.8303,10
360p,Traffic2,K4,A0.01_,T0.9,M3,Data-Processing\Raw-Data\Param-Sweep\360p\Traffic2\K4\A0.01_\T0.9\M3\Traffic2-Mask.mp4,Data-Processing\Raw-Data\OpenCV\M3\360p\Traffic2\Traffic2-Mask.mp4,Data-Processing\Raw-Data\Otsu\M3\360p\Traffic2\Traffic2-Mask.mp4,0.8166,0.0764,0.9068,0.7134,0.0099,0.6853,10
360p,Traffic2,K4,A0.01_,T0.9,M4,Data-Processing\Raw-Data\Param-Sweep\360p\Traffic2\K4\A0.01_\T0.9\M4\Traffic2-Mask.mp4,Data-Processing\Raw-Data\OpenCV\M4\360p\Traffic2\Traffic2-Mask.mp4,Data-Processing\Raw-Data\Otsu\M4\360p\Traffic2\Traffic2-Mask.mp4,0.8187,0.0761,0.9112,0.803,0.005,0.7827,10
360p,Traffic2,K4,A0.01_,T0.9,M5,Data-Processing\Raw-Data\Param-Sweep\360p\Traffic2\K4\A0.01_\T0.9\M5\Traffic2-Mask.mp4,Data-Processing\Raw-Data\OpenCV\M5\360p\Traffic2\Traffic2-Mask.mp4,Data-Processing\Raw-Data\Otsu\M5\360p\Traffic2\Traffic2-Mask.mp4,0.8343,0.0786,0.9372,0.849,0.0037,0.8384,10
360p,Traffic2,K4,A0.1_,T0.5,M3,Data-Processing\Raw-Data\Param-Sweep\360p\Traffic2\K4\A0.1_\T0.5\M3\Traffic2-Mask.mp4,Data-Processing\Raw-Data\OpenCV\M3\360p\Traffic2\Traffic2-Mask.mp4,Data-Processing\Raw-Data\Otsu\M3\360p\Traffic2\Traffic2-Mask.mp4,0.6794,0.063,0.7719,0.6319,0.0206,0.6343,10
360p,Traffic2,K4,A0.1_,T0.5,M4,Data-Processing\Raw-Data\Param-Sweep\360p\Traffic2\K4\A0.1_\T0.5\M4\Traffic2-Mask.mp4,Data-Processing\Raw-Data\OpenCV\M4\360p\Traffic2\Traffic2-Mask.mp4,Data-Processing\Raw-Data\Otsu\M4\360p\Traffic2\Traffic2-Mask.mp4,0.762,0.0667,0.8402,0.7702,0.0068,0.7574,10
360p,Traffic2,K4,A0.1_,T0.5,M5,Data-Processing\Raw-Data\Param-Sweep\360p\Traffic2\K4\A0.1_\T0.5\M5\Traffic2-Mask.mp4,Data-Processing\Raw-Data\OpenCV\M5\360p\Traffic2\Traffic2-Mask.mp4,Data-Processing\Raw-Data\Otsu\M5\360p\Traffic2\Traffic2-Mask.mp4,0.7692,0.0677,0.8443,0.8134,0.0051,0.8062,10
360p,Traffic2,K4,A0.1_,T0.7,M3,Data-Processing\Raw-Data\Param-Sweep\360p\Traffic2\K4\A0.1_\T0.7\M3\Traffic2-Mask.mp4,Data-Processing\Raw-Data\OpenCV\M3\360p\Traffic2\Traffic2-Mask.mp4,Data-Processing\Raw-Data\Otsu\M3\360p\Traffic2\Traffic2-Mask.mp4,0.6982,0.0661,0.793,0.6515,0.0192,0.6594,10
360p,Traffic2,K4,A0.1_,T0.7,M4,Data-Processing\Raw-Data\Param-Sweep\360p\Traffic2\K4\A0.1_\T0.7\M4\Traffic2-Mask.mp4,Data-Processing\Raw-Data\OpenCV\M4\360p\Traffic2\Traffic2-Mask.mp4,Data-Processing\Raw-Data\Otsu\M4\360p\Traffic2\Traffic2-Mask.mp4,0.7671,0.0678,0.8377,0.7829,0.0062,0.769,10
360p,Traffic2,K4,A0.1_,T0.7,M5,Data-Processing\Raw-Data\Param-Sweep\360p\Traffic2\K4\A0.1_\T0.7\M5\Traffic2-Mask.mp4,Data-Processing\Raw-Data\OpenCV\M5\360p\Traffic2\Traffic2-Mask.mp4,Data-Processing\Raw-Data\Otsu\M5\360p\Traffic2\Traffic2-Mask.mp4,0.776,0.069,0.8473,0.8282,0.0045,0.822,10
360p,Traffic2,K4,A0.1_,T0.9,M3,Data-Processing\Raw-Data\Param-Sweep\360p\Traffic2\K4\A0.1_\T0.9\M3\Traffic2-Mask.mp4,Data-Processing\Raw-Data\OpenCV\M3\360p\Traffic2\Traffic2-Mask.mp4,Data-Processing\Raw-Data\Otsu\M3\360p\Traffic2\Traffic2-Mask.mp4,0.7608,0.0716,0.8667,0.7022,0.0126,0.6825,10
360p,Traffic2,K4,A0.1_,T0.9,M4,Data-Processing\Raw-Data\Param-Sweep\360p\Traffic2\K4\A0.1_\T0.9\M4\Traffic2-Mask.mp4,Data-Processing\Raw-Data\OpenCV\M4\360p\Traffic2\Traffic2-Mask.mp4,Data-Processing\Raw-Data\Otsu\M4\360p\Traffic2\Traffic2-Mask.mp4,0.7973,0.0729,0.8919,0.8127,0.0043,0.7897,10
360p,Traffic2,K4,A0.1_,T0.9,M5,Data-Processing\Raw-Data\Param-Sweep\360p\Traffic2\K4\A0.1_\T0.9\M5\Traffic2-Mask.mp4,Data-Processing\Raw-Data\OpenCV\M5\360p\Traffic2\Traffic2-Mask.mp4,Data-Processing\Raw-Data\Otsu\M5\360p\Traffic2\Traffic2-Mask.mp4,0.8083,0.0745,0.9016,0.8606,0.0028,0.8483,10
480p,Traffic2,K2,A0.001_,T0.5,M3,Data-Processing\Raw-Data\Param-Sweep\480p\Traffic2\K2\A0.001_\T0.5\M3\Traffic2-Mask.mp4,Data-Processing\Raw-Data\OpenCV\M3\480p\Traffic2\Traffic2-Mask.mp4,Data-Processing\Raw-Data\Otsu\M3\480p\Traffic2\Traffic2-Mask.mp4,0.2235,0.0163,0.2738,0.3209,0.0615,0.3164,10
480p,Traffic2,K2,A0.001_,T0.5,M4,Data-Processing\Raw-Data\Param-Sweep\480p\Traffic2\K2\A0.001_\T0.5\M4\Traffic2-Mask.mp4,Data-Processing\Raw-Data\OpenCV\M4\480p\Traffic2\Traffic2-Mask.mp4,Data-Processing\Raw-Data\Otsu\M4\480p\Traffic2\Traffic2-Mask.mp4,0.3641,0.0297,0.4502,0.4499,0.0468,0.4561,10
480p,Traffic2,K2,A0.001_,T0.5,M5,Data-Processing\Raw-Data\Param-Sweep\480p\Traffic2\K2\A0.001_\T0.5\M5\Traffic2-Mask.mp4,Data-Processing\Raw-Data\OpenCV\M5\480p\Traffic2\Traffic2-Mask.mp4,Data-Processing\Raw-Data\Otsu\M5\480p\Traffic2\Traffic2-Mask.mp4,0.3647,0.0299,0.4517,0.4507,0.0471,0.4576,10
480p,Traffic2,K2,A0.001_,T0.7,M3,Data-Processing\Raw-Data\Param-Sweep\480p\Traffic2\K2\A0.001_\T0.7\M3\Traffic2-Mask.mp4,Data-Processing\Raw-Data\OpenCV\M3\480p\Traffic2\Traffic2-Mask.mp4,Data-Processing\Raw-Data\Otsu\M3\480p\Traffic2\Traffic2-Mask.mp4,0.2437,0.0218,0.2763,0.337,0.0617,0.3196,10
480p,Traffic2,K2,A0.001_,T0.7,M4,Data-Processing\Raw-Data\Param-Sweep\480p\Traffic2\K2\A0.001_\T0.7\M4\Traffic2-Mask.mp4,Data-Processing\Raw-Data\OpenCV\M4\480p\Traffic2\Traffic2-Mask.mp4,Data-Processing\Raw-Data\Otsu\M4\480p\Traffic2\Traffic2-Mask.mp4,0.3974,0.0415,0.4526,0.4751,0.0485,0.4603,10
480p,Traffic2,K2,A0.001_,T0.7,M5,Data-Processing\Raw-Data\Param-Sweep\480p\Traffic2\K2\A0.001_\T0.7\M5\Traffic2-Mask.mp4,Data-Processing\Raw-Data\OpenCV\M5\480p\Traffic2\Traffic2-Mask.mp4,Data-Processing\Raw-Data\Otsu\M5\480p\Traffic2\Traffic2-Mask.mp4,0.3981,0.0418,0.4541,0.4777,0.0493,0.4614,10
480p,Traffic2,K2,A0.001_,T0.9,M3,Data-Processing\Raw-Data\Param-Sweep\480p\Traffic2\K2\A0.001_\T0.9\M3\Traffic2-Mask.mp4,Data-Processing\Raw-Data\OpenCV\M3\480p\Traffic2\Traffic2-Mask.mp4,Data-Processing\Raw-Data\Otsu\M3\480p\Traffic2\Traffic2-Mask.mp4,0.4183,0.0516,0.4548,0.4531,0.0524,0.4243,10
480p,Traffic2,K2,A0.001_,T0.9,M4,Data-Processing\Raw-Data\Param-Sweep\480p\Traffic2\K2\A0.001_\T0.9\M4\Traffic2-Mask.mp4,Data-Processing\Raw-Data\OpenCV\M4\480p\Traffic2\Traffic2-Mask.mp4,Data-Processing\Raw-Data\Otsu\M4\480p\Traffic2\Traffic2-Mask.mp4,0.5928,0.0685,0.6928,0.6163,0.0351,0.6258,10
480p,Traffic2,K2,A0.001_,T0.9,M5,Data-Processing\Raw-Data\Param-Sweep\480p\Traffic2\K2\A0.001_\T0.9\M5\Traffic2-Mask.mp4,Data-Processing\Raw-Data\OpenCV\M5\480p\Traffic2\Traffic2-Mask.mp4,Data-Processing\Raw-Data\Otsu\M5\480p\Traffic2\Traffic2-Mask.mp4,0.5937,0.0688,0.6929,0.6358,0.0368,0.6533,10
480p,Traffic2,K2,A0.01_,T0.5,M3,Data-Processing\Raw-Data\Param-Sweep\480p\Traffic2\K2\A0.01_\T0.5\M3\Traffic2-Mask.mp4,Data-Processing\Raw-Data\OpenCV\M3\480p\Traffic2\Traffic2-Mask.mp4,Data-Processing\Raw-Data\Otsu\M3\480p\Traffic2\Traffic2-Mask.mp4,0.689,0.0697,0.7593,0.6109,0.0274,0.6386,10
480p,Traffic2,K2,A0.01_,T0.5,M4,Data-Processing\Raw-Data\Param-Sweep\480p\Traffic2\K2\A0.01_\T0.5\M4\Traffic2-Mask.mp4,Data-Processing\Raw-Data\OpenCV\M4\480p\Traffic2\Traffic2-Mask.mp4,Data-Processing\Raw-Data\Otsu\M4\480p\Traffic2\Traffic2-Mask.mp4,0.7633,0.0698,0.8379,0.7404,0.0121,0.7493,10
480p,Traffic2,K2,A0.01_,T0.5,M5,Data-Processing\Raw-Data\Param-Sweep\480p\Traffic2\K2\A0.01_\T0.5\M5\Traffic2-Mask.mp4,Data-Processing\Raw-Data\OpenCV\M5\480p\Traffic2\Traffic2-Mask.mp4,Data-Processing\Raw-Data\Otsu\M5\480p\Traffic2\Traffic2-Mask.mp4,0.7684,0.0707,0.8456,0.7774,0.011,0.7919,10
480p,Traffic2,K2,A0.01_,T0.7,M3,Data-Processing\Raw-Data\Param-Sweep\480p\Traffic2\K2\A0.01_\T0.7\M3\Traffic2-Mask.mp4,Data-Processing\Raw-Data\OpenCV\M3\480p\Traffic2\Traffic2-Mask.mp4,Data-Processing\Raw-Data\Otsu\M3\480p\Traffic2\Traffic2-Mask.mp4,0.7383,0.0719,0.8457,0.6462,0.0199,0.6486,10
480p,Traffic2,K2,A0.01_,T0.7,M4,Data-Processing\Raw-Data\Param-Sweep\480p\Traffic2\K2\A0.01_\T0.7\M4\Traffic2-Mask.mp4,Data-Processing\Raw-Data\OpenCV\M4\480p\Traffic2\Traffic2-Mask.mp4,Data-Processing\Raw-Data\Otsu\M4\480p\Traffic2\Traffic2-Mask.mp4,0.7881,0.0722,0.8792,0.7615,0.0084,0.7524,10
480p,Traffic2,K2,A0.01_,T0.7,M5,Data-Processing\Raw-Data\Param-Sweep\480p\Traffic2\K2\A0.01_\T0.7\M5\Traffic2-Mask.mp4,Data-Processing\Raw-Data\OpenCV\M5\480p\Traffic2\Traffic2-Mask.mp4,Data-Processing\Raw-Data\Otsu\M5\480p\Traffic2\Traffic2-Mask.mp4,0.7938,0.073,0.8885,0.7992,0.0073,0.7954,10
480p,Traffic2,K2,A0.01_,T0.9,M3,Data-Processing\Raw-Data\Param-Sweep\480p\Traffic2\K2\A0.01_\T0.9\M3\Traffic2-Mask.mp4,Data-Processing\Raw-Data\OpenCV\M3\480p\Traffic2\Traffic2-Mask.mp4,Data-Processing\Raw-Data\Otsu\M3\480p\Traffic2\Traffic2-Mask.mp4,0.7794,0.0746,0.89,0.6771,0.0151,0.6695,10
480p,Traffic2,K2,A0.01_,T0.9,M4,Data-Processing\Raw-Data\Param-Sweep\480p\Traffic2\K2\A0.01_\T0.9\M4\Traffic2-Mask.mp4,Data-Processing\Raw-Data\OpenCV\M4\480p\Traffic2\Traffic2-Mask.mp4,Data-Processing\Raw-Data\Otsu\M4\480p\Traffic2\Traffic2-Mask.mp4,0.8073,0.0746,0.8982,0.7774,0.007,0.7651,10
480p,Traffic2,K2,A0.01_,T0.9,M5,Data-Processing\Raw-Data\Param-Sweep\480p\Traffic2\K2\A0.01_\T0.9\M5\Traffic2-Mask.mp4,Data-Processing\Raw-Data\OpenCV\M5\480p\Traffic2\Traffic2-Mask.mp4,Data-Processing\Raw-Data\Otsu\M5\480p\Traffic2\Traffic2-Mask.mp4,0.8142,0.0756,0.9082,0.8161,0.0058,0.808,10
480p,Traffic2,K2,A0.1_,T0.5,M3,Data-Processing\Raw-Data\Param-Sweep\480p\Traffic2\K2\A0.1_\T0.5\M3\Traffic2-Mask.mp4,Data-Processing\Raw-Data\OpenCV\M3\480p\Traffic2\Traffic2-Mask.mp4,Data-Processing\Raw-Data\Otsu\M3\480p\Traffic2\Traffic2-Mask.mp4,0.6814,0.0658,0.8077,0.6142,0.0229,0.617,10
480p,Traffic2,K2,A0.1_,T0.5,M4,Data-Processing\Raw-Data\Param-Sweep\480p\Traffic2\K2\A0.1_\T0.5\M4\Traffic2-Mask.mp4,Data-Processing\Raw-Data\OpenCV\M4\480p\Traffic2\Traffic2-Mask.mp4,Data-Processing\Raw-Data\Otsu\M4\480p\Traffic2\Traffic2-Mask.mp4,0.771,0.0687,0.8622,0.7573,0.0077,0.747,10
480p,Traffic2,K2,A0.1_,T0.5,M5,Data-Processing\Raw-Data\Param-Sweep\480p\Traffic2\K2\A0.1_\T0.5\M5\Traffic2-Mask.mp4,Data-Processing\Raw-Data\OpenCV\M5\480p\Traffic2\Traffic2-Mask.mp4,Data-Processing\Raw-Data\Otsu\M5\480p\Traffic2\Traffic2-Mask.mp4,0.7764,0.0694,0.8661,0.7959,0.006,0.7926,10
480p,Traffic2,K2,A0.1_,T0.7,M3,Data-Processing\Raw-Data\Param-Sweep\480p\Traffic2\K2\A0.1_\T0.7\M3\Traffic2-Mask.mp4,Data-Processing\Raw-Data\OpenCV\M3\480p\Traffic2\Traffic2-Mask.mp4,Data-Processing\Raw-Data\Otsu\M3\480p\Traffic2\Traffic2-Mask.mp4,0.7083,0.0695,0.8222,0.6368,0.0213,0.643,10
480p,Traffic2,K2,A0.1_,T0.7,M4,Data-Processing\Raw-Data\Param-Sweep\480p\Traffic2\K2\A0.1_\T0.7\M4\Traffic2-Mask.mp4,Data-Processing\Raw-Data\OpenCV\M4\480p\Traffic2\Traffic2-Mask.mp4,Data-Processing\Raw-Data\Otsu\M4\480p\Traffic2\Traffic2-Mask.mp4,0.7808,0.0704,0.8654,0.7689,0.0071,0.7568,10
480p,Traffic2,K2,A0.1_,T0.7,M5,Data-Processing\Raw-Data\Param-Sweep\480p\Traffic2\K2\A0.1_\T0.7\M5\Traffic2-Mask.mp4,Data-Processing\Raw-Data\OpenCV\M5\480p\Traffic2\Traffic2-Mask.mp4,Data-Processing\Raw-Data\Otsu\M5\480p\Traffic2\Traffic2-Mask.mp4,0.7871,0.0712,0.8704,0.8086,0.0054,0.8032,10
480p,Traffic2,K2,A0.1_,T0.9,M3,Data-Processing\Raw-Data\Param-Sweep\480p\Traffic2\K2\A0.1_\T0.9\M3\Traffic2-Mask.mp4,Data-Processing\Raw-Data\OpenCV\M3\480p\Traffic2\Traffic2-Mask.mp4,Data-Processing\Raw-Data\Otsu\M3\480p\Traffic2\Traffic2-Mask.mp4,0.7572,0.0722,0.8606,0.6828,0.0147,0.6674,10
480p,Traffic2,K2,A0.1_,T0.9,M4,Data-Processing\Raw-Data\Param-Sweep\480p\Traffic2\K2\A0.1_\T0.9\M4\Traffic2-Mask.mp4,Data-Processing\Raw-Data\OpenCV\M4\480p\Traffic2\Traffic2-Mask.mp4,Data-Processing\Raw-Data\Otsu\M4\480p\Traffic2\Traffic2-Mask.mp4,0.8008,0.0735,0.8955,0.7981,0.0049,0.7738,10
480p,Traffic2,K2,A0.1_,T0.9,M5,Data-Processing\Raw-Data\Param-Sweep\480p\Traffic2\K2\A0.1_\T0.9\M5\Traffic2-Mask.mp4,Data-Processing\Raw-Data\OpenCV\M5\480p\Traffic2\Traffic2-Mask.mp4,Data-Processing\Raw-Data\Otsu\M5\480p\Traffic2\Traffic2-Mask.mp4,0.809,0.0746,0.9017,0.8403,0.0034,0.8232,10
480p,Traffic2,K3,A0.001_,T0.5,M3,Data-Processing\Raw-Data\Param-Sweep\480p\Traffic2\K3\A0.001_\T0.5\M3\Traffic2-Mask.mp4,Data-Processing\Raw-Data\OpenCV\M3\480p\Traffic2\Traffic2-Mask.mp4,Data-Processing\Raw-Data\Otsu\M3\480p\Traffic2\Traffic2-Mask.mp4,0.3416,0.0424,0.3037,0.3974,0.056,0.324,10
480p,Traffic2,K3,A0.001_,T0.5,M4,Data-Processing\Raw-Data\Param-Sweep\480p\Traffic2\K3\A0.001_\T0.5\M4\Traffic2-Mask.mp4,Data-Processing\Raw-Data\OpenCV\M4\480p\Traffic2\Traffic2-Mask.mp4,Data-Processing\Raw-Data\Otsu\M4\480p\Traffic2\Traffic2-Mask.mp4,0.5008,0.0517,0.5038,0.5495,0.0364,0.4861,10
480p,Traffic2,K3,A0.001_,T0.5,M5,Data-Processing\Raw-Data\Param-Sweep\480p\Traffic2\K3\A0.001_\T0.5\M5\Traffic2-Mask.mp4,Data-Processing\Raw-Data\OpenCV\M5\480p\Traffic2\Traffic2-Mask.mp4,Data-Processing\Raw-Data\Otsu\M5\480p\Traffic2\Traffic2-Mask.mp4,0.5018,0.0518,0.5043,0.5622,0.038,0.4992,10
480p,Traffic2,K3,A0.001_,T0.7,M3,Data-Processing\Raw-Data\Param-Sweep\480p\Traffic2\K3\A0.001_\T0.7\M3\Traffic2-Mask.mp4,Data-Processing\Raw-Data\OpenCV\M3\480p\Traffic2\Traffic2-Mask.mp4,Data-Processing\Raw-Data\Otsu\M3\480p\Traffic2\Traffic2-Mask.mp4,0.4891,0.0833,0.4354,0.4959,0.0525,0.505,10
480p,Traffic2,K3,A0.001_,T0.7,M4,Data-Processing\Raw-Data\Param-Sweep\480p\Traffic2\K3\A0.001_\T0.7\M4\Traffic2-Mask.mp4,Data-Processing\Raw-Data\OpenCV\M4\480p\Traffic2\Traffic2-Mask.mp4,Data-Processing\Raw-Data\Otsu\M4\480p\Traffic2\Traffic2-Mask.mp4,0.6188,0.0766,0.6497,0.6369,0.0321,0.6757,10
480p,Traffic2,K3,A0.001_,T0.7,M5,Data-Processing\Raw-Data\Param-Sweep\480p\Traffic2\K3\A0.001_\T0.7\M5\Traffic2-Mask.mp4,Data-Processing\Raw-Data\OpenCV\M5\480p\Traffic2\Traffic2-Mask.mp4,Data-Processing\Raw-Data\Otsu\M5\480p\Traffic2\Traffic2-Mask.mp4,0.6214,0.0774,0.6506,0.6607,0.0342,0.7139,10
480p,Traffic2,K3,A0.001_,T0.9,M3,Data-Processing\Raw-Data\Param-Sweep\480p\Traffic2\K3\A0.001_\T0.9\M3\Traffic2-Mask.mp4,Data-Processing\Raw-Data\OpenCV\M3\480p\Traffic2\Traffic2-Mask.mp4,Data-Processing\Raw-Data\Otsu\M3\480p\Traffic2\Traffic2-Mask.mp4,0.6651,0.0852,0.7739,0.6096,0.0334,0.6075,10
480p,Traffic2,K3,A0.001_,T0.9,M4,Data-Processing\Raw-Data\Param-Sweep\480p\Traffic2\K3\A0.001_\T0.9\M4\Traffic2-Mask.mp4,Data-Processing\Raw-Data\OpenCV\M4\480p\Traffic2\Traffic2-Mask.mp4,Data-Processing\Raw-Data\Otsu\M4\480p\Traffic2\Traffic2-Mask.mp4,0.7558,0.0777,0.8634,0.737,0.0165,0.7408,10
480p,Traffic2,K3,A0.001_,T0.9,M5,Data-Processing\Raw-Data\Param-Sweep\480p\Traffic2\K3\A0.001_\T0.9\M5\Traffic2-Mask.mp4,Data-Processing\Raw-Data\OpenCV\M5\480p\Traffic2\Traffic2-Mask.mp4,Data-Processing\Raw-Data\Otsu\M5\480p\Traffic2\Traffic2-Mask.mp4,0.7608,0.0788,0.8682,0.7725,0.016,0.7842,10
480p,Traffic2,K3,A0.01_,T0.5,M3,Data-Processing\Raw-Data\Param-Sweep\480p\Traffic2\K3\A0.01_\T0.5\M3\Traffic2-Mask.mp4,Data-Processing\Raw-Data\OpenCV\M3\480p\Traffic2\Traffic2-Mask.mp4,Data-Processing\Raw-Data\Otsu\M3\480p\Traffic2\Traffic2-Mask.mp4,0.755,0.0741,0.8524,0.6531,0.0206,0.6679,10
480p,Traffic2,K3,A0.01_,T0.5,M4,Data-Processing\Raw-Data\Param-Sweep\480p\Traffic2\K3\A0.01_\T0.5\M4\Traffic2-Mask.mp4,Data-Processing\Raw-Data\OpenCV\M4\480p\Traffic2\Traffic2-Mask.mp4,Data-Processing\Raw-Data\Otsu\M4\480p\Traffic2\Traffic2-Mask.mp4,0.7948,0.0737,0.8797,0.7623,0.01,0.7631,10
480p,Traffic2,K3,A0.01_,T0.5,M5,Data-Processing\Raw-Data\Param-Sweep\480p\Traffic2\K3\A0.01_\T0.5\M5\Traffic2-Mask.mp4,Data-Processing\Raw-Data\OpenCV\M5\480p\Traffic2\Traffic2-Mask.mp4,Data-Processing\Raw-Data\Otsu\M5\480p\Traffic2\Traffic2-Mask.mp4,0.8016,0.0749,0.8917,0.8009,0.0089,0.8102,10
480p,Traffic2,K3,A0.01_,T0.7,M3,Data-Processing\Raw-Data\Param-Sweep\480p\Traffic2\K3\A0.01_\T0.7\M3\Traffic2-Mask.mp4,Data-Processing\Raw-Data\OpenCV\M3\480p\Traffic2\Traffic2-Mask.mp4,Data-Processing\Raw-Data\Otsu\M3\480p\Traffic2\Traffic2-Mask.mp4,0.789,0.0761,0.9005,0.6797,0.0145,0.6736,10
480p,Traffic2,K3,A0.01_,T0.7,M4,Data-Processing\Raw-Data\Param-Sweep\480p\Traffic2\K3\A0.01_\T0.7\M4\Traffic2-Mask.mp4,Data-Processing\Raw-Data\OpenCV\M4\480p\Traffic2\Traffic2-Mask.mp4,Data-Processing\Raw-Data\Otsu\M4\480p\Traffic2\Traffic2-Mask.mp4,0.8149,0.0759,0.9098,0.781,0.0066,0.7661,10
480p,Traffic2,K3,A0.01_,T0.7,M5,Data-Processing\Raw-Data\Param-Sweep\480p\Traffic2\K3\A0.01_\T0.7\M5\Traffic2-Mask.mp4,Data-Processing\Raw-Data\OpenCV\M5\480p\Traffic2\Traffic2-Mask.mp4,Data-Processing\Raw-Data\Otsu\M5\480p\Traffic2\Traffic2-Mask.mp4,0.8242,0.0772,0.9219,0.8205,0.0055,0.8142,10
480p,Traffic2,K3,A0.01_,T0.9,M3,Data-Processing\Raw-Data\Param-Sweep\480p\Traffic2\K3\A0.01_\T0.9\M3\Traffic2-Mask.mp4,Data-Processing\Raw-Data\OpenCV\M3\480p\Traffic2\Traffic2-Mask.mp4,Data-Processing\Raw-Data\Otsu\M3\480p\Traffic2\Traffic2-Mask.mp4,0.8155,0.0765,0.9071,0.7017,0.0108,0.6759,10
480p,Traffic2,K3,A0.01_,T0.9,M4,Data-Processing\Raw-Data\Param-Sweep\480p\Traffic2\K3\A0.01_\T0.9\M4\Traffic2-Mask.mp4,Data-Processing\Raw-Data\OpenCV\M4\480p\Traffic2\Traffic2-Mask.mp4,Data-Processing\Raw-Data\Otsu\M4\480p\Traffic2\Traffic2-Mask.mp4,0.8244,0.0769,0.9141,0.7933,0.0055,0.7755,10
480p,Traffic2,K3,A0.01_,T0.9,M5,Data-Processing\Raw-Data\Param-Sweep\480p\Traffic2\K3\A0.01_\T0.9\M5\Traffic2-Mask.mp4,Data-Processing\Raw-Data\OpenCV\M5\480p\Traffic2\Traffic2-Mask.mp4,Data-Processing\Raw-Data\Otsu\M5\480p\Traffic2\Traffic2-Mask.mp4,0.836,0.0787,0.9318,0.834,0.0042,0.8245,10
480p,Traffic2,K3,A0.1_,T0.5,M3,Data-Processing\Raw-Data\Param-Sweep\480p\Traffic2\K3\A0.1_\T0.5\M3\Traffic2-Mask.mp4,Data-Processing\Raw-Data\OpenCV\M3\480p\Traffic2\Traffic2-Mask.mp4,Data-Processing\Raw-Data\Otsu\M3\480p\Traffic2\Traffic2-Mask.mp4,0.6859,0.0664,0.8077,0.623,0.0222,0.6283,10
480p,Traffic2,K3,A0.1_,T0.5,M4,Data-Processing\Raw-Data\Param-Sweep\480p\Traffic2\K3\A0.1_\T0.5\M4\Traffic2-Mask.mp4,Data-Processing\Raw-Data\OpenCV\M4\480p\Traffic2\Traffic2-Mask.mp4,Data-Processing\Raw-Data\Otsu\M4\480p\Traffic2\Traffic2-Mask.mp4,0.7718,0.069,0.8582,0.7648,0.0073,0.7563,10
480p,Traffic2,K3,A0.1_,T0.5,M5,Data-Processing\Raw-Data\Param-Sweep\480p\Traffic2\K3\A0.1_\T0.5\M5\Traffic2-Mask.mp4,Data-Processing\Raw-Data\OpenCV\M5\480p\Traffic2\Traffic2-Mask.mp4,Data-Processing\Raw-Data\Otsu\M5\480p\Traffic2\Traffic2-Mask.mp4,0.7784,0.0698,0.8622,0.8049,0.0055,0.804,10
480p,Traffic2,K3,A0.1_,T0.7,M3,Data-Processing\Raw-Data\Param-Sweep\480p\Traffic2\K3\A0.1_\T0.7\M3\Traffic2-Mask.mp4,Data-Processing\Raw-Data\OpenCV\M3\480p\Traffic2\Traffic2-Mask.mp4,Data-Processing\Raw-Data\Otsu\M3\480p\Traffic2\Traffic2-Mask.mp4,0.7056,0.0684,0.815,0.6422,0.0205,0.6495,10
480p,Traffic2,K3,A0.1_,T0.7,M4,Data-Processing\Raw-Data\Param-Sweep\480p\Traffic2\K3\A0.1_\T0.7\M4\Traffic2-Mask.mp4,Data-Processing\Raw-Data\OpenCV\M4\480p\Traffic2\Traffic2-Mask.mp4,Data-Processing\Raw-Data\Otsu\M4\480p\Traffic2\Traffic2-Mask.mp4,0.7782,0.0699,0.8516,0.7766,0.0065,0.7656,10
480p,Traffic2,K3,A0.1_,T0.7,M5,Data-Processing\Raw-Data\Param-Sweep\480p\Traffic2\K3\A0.1_\T0.7\M5\Traffic2-Mask.mp4,Data-Processing\Raw-Data\OpenCV\M5\480p\Traffic2\Traffic2-Mask.mp4,Data-Processing\Raw-Data\Otsu\M5\480p\Traffic2\Traffic2-Mask.mp4,0.786,0.0709,0.8573,0.8182,0.0048,0.8141,10
480p,Traffic2,K3,A0.1_,T0.9,M3,Data-Processing\Raw-Data\Param-Sweep\480p\Traffic2\K3\A0.1_\T0.9\M3\Traffic2-Mask.mp4,Data-Processing\Raw-Data\OpenCV\M3\480p\Traffic2\Traffic2-Mask.mp4,Data-Processing\Raw-Data\Otsu\M3\480p\Traffic2\Traffic2-Mask.mp4,0.7672,0.072,0.8721,0.6934,0.0129,0.6775,10
480p,Traffic2,K3,A0.1_,T0.9,M4,Data-Processing\Raw-Data\Param-Sweep\480p\Traffic2\K3\A0.1_\T0.9\M4\Traffic2-Mask.mp4,Data-Processing\Raw-Data\OpenCV\M4\480p\Traffic2\Traffic2-Mask.mp4,Data-Processing\Raw-Data\Otsu\M4\480p\Traffic2\Traffic2-Mask.mp4,0.8026,0.0737,0.8995,0.803,0.0046,0.7804,10
480p,Traffic2,K3,A0.1_,T0.9,M5,Data-Processing\Raw-Data\Param-Sweep\480p\Traffic2\K3\A0.1_\T0.9\M5\Traffic2-Mask.mp4,Data-Processing\Raw-Data\OpenCV\M5\480p\Traffic2\Traffic2-Mask.mp4,Data-Processing\Raw-Data\Otsu\M5\480p\Traffic2\Traffic2-Mask.mp4,0.8119,0.075,0.9086,0.847,0.0031,0.833,10
480p,Traffic2,K4,A0.001_,T0.5,M3,Data-Processing\Raw-Data\Param-Sweep\480p\Traffic2\K4\A0.001_\T0.5\M3\Traffic2-Mask.mp4,Data-Processing\Raw-Data\OpenCV\M3\480p\Traffic2\Traffic2-Mask.mp4,Data-Processing\Raw-Data\Otsu\M3\480p\Traffic2\Traffic2-Mask.mp4,0.4028,0.0549,0.3479,0.4339,0.0519,0.3464,10
480p,Traffic2,K4,A0.001_,T0.5,M4,Data-Processing\Raw-Data\Param-Sweep\480p\Traffic2\K4\A0.001_\T0.5\M4\Traffic2-Mask.mp4,Data-Processing\Raw-Data\OpenCV\M4\480p\Traffic2\Traffic2-Mask.mp4,Data-Processing\Raw-Data\Otsu\M4\480p\Traffic2\Traffic2-Mask.mp4,0.5423,0.0575,0.5224,0.5791,0.0325,0.5156,10
480p,Traffic2,K4,A0.001_,T0.5,M5,Data-Processing\Raw-Data\Param-Sweep\480p\Traffic2\K4\A0.001_\T0.5\M5\Traffic2-Mask.mp4,Data-Processing\Raw-Data\OpenCV\M5\480p\Traffic2\Traffic2-Mask.mp4,Data-Processing\Raw-Data\Otsu\M5\480p\Traffic2\Traffic2-Mask.mp4,0.5437,0.0578,0.5233,0.5965,0.034,0.5327,10
480p,Traffic2,K4,A0.001_,T0.7,M3,Data-Processing\Raw-Data\Param-Sweep\480p\Traffic2\K4\A0.001_\T0.7\M3\Traffic2-Mask.mp4,Data-Processing\Raw-Data\OpenCV\M3\480p\Traffic2\Traffic2-Mask.mp4,Data-Processing\Raw-Data\Otsu\M3\480p\Traffic2\Traffic2-Mask.mp4,0.5491,0.0961,0.6044,0.5339,0.0496,0.5933,10
480p,Traffic2,K4,A0.001_,T0.7,M4,Data-Processing\Raw-Data\Param-Sweep\480p\Traffic2\K4\A0.001_\T0.7\M4\Traffic2-Mask.mp4,Data-Processing\Raw-Data\OpenCV\M4\480p\Traffic2\Traffic2-Mask.mp4,Data-Processing\Raw-Data\Otsu\M4\480p\Traffic2\Traffic2-Mask.mp4,0.6477,0.0803,0.7288,0.6612,0.0302,0.7178,10
480p,Traffic2,K4,A0.001_,T0.7,M5,Data-Processing\Raw-Data\Param-Sweep\480p\Traffic2\K4\A0.001_\T0.7\M5\Traffic2-Mask.mp4,Data-Processing\Raw-Data\OpenCV\M5\480p\Traffic2\Traffic2-Mask.mp4,Data-Processing\Raw-Data\Otsu\M5\480p\Traffic2\Traffic2-Mask.mp4,0.6513,0.0814,0.7327,0.6861,0.0323,0.7614,10
480p,Traffic2,K4,A0.001_,T0.9,M3,Data-Processing\Raw-Data\Param-Sweep\480p\Traffic2\K4\A0.001_\T0.9\M3\Traffic2-Mask.mp4,Data-Processing\Raw-Data\OpenCV\M3\480p\Traffic2\Traffic2-Mask.mp4,Data-Processing\Raw-Data\Otsu\M3\480p\Traffic2\Traffic2-Mask.mp4,0.7374,0.0834,0.8582,0.6515,0.0247,0.6516,10
480p,Traffic2,K4,A0.001_,T0.9,M4,Data-Processing\Raw-Data\Param-Sweep\480p\Traffic2\K4\A0.001_\T0.9\M4\Traffic2-Mask.mp4,Data-Processing\Raw-Data\OpenCV\M4\480p\Traffic2\Traffic2-Mask.mp4,Data-Processing\Raw-Data\Otsu\M4\480p\Traffic2\Traffic2-Mask.mp4,0.7881,0.0775,0.8953,0.7616,0.0116,0.7658,10
480p,Traffic2,K4,A0.001_,T0.9,M5,Data-Processing\Raw-Data\Param-Sweep\480p\Traffic2\K4\A0.001_\T0.9\M5\Traffic2-Mask.mp4,Data-Processing\Raw-Data\OpenCV\M5\480p\Traffic2\Traffic2-Mask.mp4,Data-Processing\Raw-Data\Otsu\M5\480p\Traffic2\Traffic2-Mask.mp4,0.7952,0.0788,0.9074,0.7993,0.0108,0.809,10
480p,Traffic2,K4,A0.01_,T0.5,M3,Data-Processing\Raw-Data\Param-Sweep\480p\Traffic2\K4\A0.01_\T0.5\M3\Traffic2-Mask.mp4,Data-Processing\Raw-Data\OpenCV\M3\480p\Traffic2\Traffic2-Mask.mp4,Data-Processing\Raw-Data\Otsu\M3\480p\Traffic2\Traffic2-Mask.mp4,0.7707,0.075,0.8699,0.6638,0.0189,0.6741,10
480p,Traffic2,K4,A0.01_,T0.5,M4,Data-Processing\Raw-Data\Param-Sweep\480p\Traffic2\K4\A0.01_\T0.5\M4\Traffic2-Mask.mp4,Data-Processing\Raw-Data\OpenCV\M4\480p\Traffic2\Traffic2-Mask.mp4,Data-Processing\Raw-Data\Otsu\M4\480p\Traffic2\Traffic2-Mask.mp4,0.8013,0.0746,0.8942,0.7666,0.0096,0.767,10
480p,Traffic2,K4,A0.01_,T0.5,M5,Data-Processing\Raw-Data\Param-Sweep\480p\Traffic2\K4\A0.01_\T0.5\M5\Traffic2-Mask.mp4,Data-Processing\Raw-Data\OpenCV\M5\480p\Traffic2\Traffic2-Mask.mp4,Data-Processing\Raw-Data\Otsu\M5\480p\Traffic2\Traffic2-Mask.mp4,0.8091,0.0759,0.9079,0.8057,0.0085,0.8145,10
480p,Traffic2,K4,A0.01_,T0.7,M3,Data-Processing\Raw-Data\Param-Sweep\480p\Traffic2\K4\A0.01_\T0.7\M3\Traffic2-Mask.mp4,Data-Processing\Raw-Data\OpenCV\M3\480p\Traffic2\Traffic2-Mask.mp4,Data-Processing\Raw-Data\Otsu\M3\480p\Traffic2\Traffic2-Mask.mp4,0.802,0.0766,0.906,0.688,0.013,0.6767,10
480p,Traffic2,K4,A0.01_,T0.7,M4,Data-Processing\Raw-Data\Param-Sweep\480p\Traffic2\K4\A0.01_\T0.7\M4\Traffic2-Mask.mp4,Data-Processing\Raw-Data\OpenCV\M4\480p\Traffic2\Traffic2-Mask.mp4,Data-Processing\Raw-Data\Otsu\M4\480p\Traffic2\Traffic2-Mask.mp4,0.8202,0.0765,0.9143,0.7846,0.0063,0.7703,10
480p,Traffic2,K4,A0.01_,T0.7,M5,Data-Processing\Raw-Data\Param-Sweep\480p\Traffic2\K4\A0.01_\T0.7\M5\Traffic2-Mask.mp4,Data-Processing\Raw-Data\OpenCV\M5\480p\Traffic2\Traffic2-Mask.mp4,Data-Processing\Raw-Data\Otsu\M5\480p\Traffic2\Traffic2-Mask.mp4,0.8305,0.0781,0.9278,0.8244,0.0052,0.8189,10
480p,Traffic2,K4,A0.01_,T0.9,M3,Data-Processing\Raw-Data\Param-Sweep\480p\Traffic2\K4\A0.01_\T0.9\M3\Traffic2-Mask.mp4,Data-Processing\Raw-Data\OpenCV\M3\480p\Traffic2\Traffic2-Mask.mp4,Data-Processing\Raw-Data\Otsu\M3\480p\Traffic2\Traffic2-Mask.mp4,0.8201,0.0774,0.912,0.7072,0.0103,0.6784,10
480p,Traffic2,K4,A0.01_,T0.9,M4,Data-Processing\Raw-Data\Param-Sweep\480p\Traffic2\K4\A0.01_\T0.9\M4\Traffic2-Mask.mp4,Data-Processing\Raw-Data\OpenCV\M4\480p\Traffic2\Traffic2-Mask.mp4,Data-Processing\Raw-Data\Otsu\M4\480p\Traffic2\Traffic2-Mask.mp4,0.8228,0.077,0.9167,0.7964,0.0053,0.7772,10
480p,Traffic2,K4,A0.01_,T0.9,M5,Data-Processing\Raw-Data\Param-Sweep\480p\Traffic2\K4\A0.01_\T0.9\M5\Traffic2-Mask.mp4,Data-Processing\Raw-Data\OpenCV\M5\480p\Traffic2\Traffic2-Mask.mp4,Data-Processing\Raw-Data\Otsu\M5\480p\Traffic2\Traffic2-Mask.mp4,0.8366,0.0791,0.9365,0.8382,0.004,0.8269,10
480p,Traffic2,K4,A0.1_,T0.5,M3,Data-Processing\Raw-Data\Param-Sweep\480p\Traffic2\K4\A0.1_\T0.5\M3\Traffic2-Mask.mp4,Data-Processing\Raw-Data\OpenCV\M3\480p\Traffic2\Traffic2-Mask.mp4,Data-Processing\Raw-Data\Otsu\M3\480p\Traffic2\Traffic2-Mask.mp4,0.683,0.0656,0.8056,0.6243,0.022,0.631,10
480p,Traffic2,K4,A0.1_,T0.5,M4,Data-Processing\Raw-Data\Param-Sweep\480p\Traffic2\K4\A0.1_\T0.5\M4\Traffic2-Mask.mp4,Data-Processing\Raw-Data\OpenCV\M4\480p\Traffic2\Traffic2-Mask.mp4,Data-Processing\Raw-Data\Otsu\M4\480p\Traffic2\Traffic2-Mask.mp4,0.7697,0.0684,0.8479,0.7675,0.0071,0.7576,10
480p,Traffic2,K4,A0.1_,T0.5,M5,Data-Processing\Raw-Data\Param-Sweep\480p\Traffic2\K4\A0.1_\T0.5\M5\Traffic2-Mask.mp4,Data-Processing\Raw-Data\OpenCV\M5\480p\Traffic2\Traffic2-Mask.mp4,Data-Processing\Raw-Data\Otsu\M5\480p\Traffic2\Traffic2-Mask.mp4,0.7766,0.0693,0.8519,0.8083,0.0053,0.806,10
480p,Traffic2,K4,A0.1_,T0.7,M3,Data-Processing\Raw-Data\Param-Sweep\480p\Traffic2\K4\A0.1_\T0.7\M3\Traffic2-Mask.mp4,Data-Processing\Raw-Data\OpenCV\M3\480p\Traffic2\Traffic2-Mask.mp4,Data-Processing\Raw-Data\Otsu\M3\480p\Traffic2\Traffic2-Mask.mp4,0.7041,0.0679,0.8044,0.6464,0.02,0.6534,10
480p,Traffic2,K4,A0.1_,T0.7,M4,Data-Processing\Raw-Data\Param-Sweep\480p\Traffic2\K4\A0.1_\T0.7\M4\Traffic2-Mask.mp4,Data-Processing\Raw-Data\OpenCV\M4\480p\Traffic2\Traffic2-Mask.mp4,Data-Processing\Raw-Data\Otsu\M4\480p\Traffic2\Traffic2-Mask.mp4,0.7767,0.0696,0.8417,0.7806,0.0063,0.7697,10
480p,Traffic2,K4,A0.1_,T0.7,M5,Data-Processing\Raw-Data\Param-Sweep\480p\Traffic2\K4\A0.1_\T0.7\M5\Traffic2-Mask.mp4,Data-Processing\Raw-Data\OpenCV\M5\480p\Traffic2\Traffic2-Mask.mp4,Data-Processing\Raw-Data\Otsu\M5\480p\Traffic2\Traffic2-Mask.mp4,0.7851,0.0707,0.8496,0.8234,0.0046,0.8181,10
480p,Traffic2,K4,A0.1_,T0.9,M3,Data-Processing\Raw-Data\Param-Sweep\480p\Traffic2\K4\A0.1_\T0.9\M3\Traffic2-Mask.mp4,Data-Processing\Raw-Data\OpenCV\M3\480p\Traffic2\Traffic2-Mask.mp4,Data-Processing\Raw-Data\Otsu\M3\480p\Traffic2\Traffic2-Mask.mp4,0.772,0.0715,0.8766,0.6996,0.0118,0.6819,10
480p,Traffic2,K4,A0.1_,T0.9,M4,Data-Processing\Raw-Data\Param-Sweep\480p\Traffic2\K4\A0.1_\T0.9\M4\Traffic2-Mask.mp4,Data-Processing\Raw-Data\OpenCV\M4\480p\Traffic2\Traffic2-Mask.mp4,Data-Processing\Raw-Data\Otsu\M4\480p\Traffic2\Traffic2-Mask.mp4,0.8023,0.0737,0.8996,0.8053,0.0045,0.7835,10
480p,Traffic2,K4,A0.1_,T0.9,M5,Data-Processing\Raw-Data\Param-Sweep\480p\Traffic2\K4\A0.1_\T0.9\M5\Traffic2-Mask.mp4,Data-Processing\Raw-Data\OpenCV\M5\480p\Traffic2\Traffic2-Mask.mp4,Data-Processing\Raw-Data\Otsu\M5\480p\Traffic2\Traffic2-Mask.mp4,0.8123,0.0752,0.9087,0.8501,0.003,0.8369,10
120p,Traffic2,K2,A0.001_,T0.5,M3,Data-Processing\Raw-Data\Param-Sweep\120p\Traffic2\K2\A0.001_\T0.5\M3\Traffic2-Mask.mp4,Data-Processing\Raw-Data\OpenCV\M3\120p\Traffic2\Traffic2-Mask.mp4,Data-Processing\Raw-Data\Otsu\M3\120p\Traffic2\Traffic2-Mask.mp4,0.2122,0.0168,0.2749,0.2334,0.0397,0.2593,25
120p,Traffic2,K2,A0.001_,T0.5,M4,Data-Processing\Raw-Data\Param-Sweep\120p\Traffic2\K2\A0.001_\T0.5\M4\Traffic2-Mask.mp4,Data-Processing\Raw-Data\OpenCV\M4\120p\Traffic2\Traffic2-Mask.mp4,Data-Processing\Raw-Data\Otsu\M4\120p\Traffic2\Traffic2-Mask.mp4,0.4637,0.048,0.5733,0.4886,0.0552,0.5791,25
120p,Traffic2,K2,A0.001_,T0.5,M5,Data-Processing\Raw-Data\Param-Sweep\120p\Traffic2\K2\A0.001_\T0.5\M5\Traffic2-Mask.mp4,Data-Processing\Raw-Data\OpenCV\M5\120p\Traffic2\Traffic2-Mask.mp4,Data-Processing\Raw-Data\Otsu\M5\120p\Traffic2\Traffic2-Mask.mp4,0.4732,0.0505,0.5986,0.4919,0.0563,0.5875,25
120p,Traffic2,K2,A0.001_,T0.7,M3,Data-Processing\Raw-Data\Param-Sweep\120p\Traffic2\K2\A0.001_\T0.7\M3\Traffic2-Mask.mp4,Data-Processing\Raw-Data\OpenCV\M3\120p\Traffic2\Traffic2-Mask.mp4,Data-Processing\Raw-Data\Otsu\M3\120p\Traffic2\Traffic2-Mask.mp4,0.259,0.035,0.2788,0.2774,0.0529,0.262,25
120p,Traffic2,K2,A0.001_,T0.7,M4,Data-Processing\Raw-Data\Param-Sweep\120p\Traffic2\K2\A0.001_\T0.7\M4\Traffic2-Mask.mp4,Data-Processing\Raw-Data\OpenCV\M4\120p\Traffic2\Traffic2-Mask.mp4,Data-Processing\Raw-Data\Otsu\M4\120p\Traffic2\Traffic2-Mask.mp4,0.5022,0.064,0.5733,0.5259,0.0677,0.5791,25
120p,Traffic2,K2,A0.001_,T0.7,M5,Data-Processing\Raw-Data\Param-Sweep\120p\Traffic2\K2\A0.001_\T0.7\M5\Traffic2-Mask.mp4,Data-Processing\Raw-Data\OpenCV\M5\120p\Traffic2\Traffic2-Mask.mp4,Data-Processing\Raw-Data\Otsu\M5\120p\Traffic2\Traffic2-Mask.mp4,0.5118,0.0671,0.5986,0.5301,0.0696,0.5875,25
120p,Traffic2,K2,A0.001_,T0.9,M3,Data-Processing\Raw-Data\Param-Sweep\120p\Traffic2\K2\A0.001_\T0.9\M3\Traffic2-Mask.mp4,Data-Processing\Raw-Data\OpenCV\M3\120p\Traffic2\Traffic2-Mask.mp4,Data-Processing\Raw-Data\Otsu\M3\120p\Traffic2\Traffic2-Mask.mp4,0.4557,0.0738,0.5075,0.4448,0.072,0.4745,25
120p,Traffic2,K2,A0.001_,T0.9,M4,Data-Processing\Raw-Data\Param-Sweep\120p\Traffic2\K2\A0.001_\T0.9\M4\Traffic2-Mask.mp4,Data-Processing\Raw-Data\OpenCV\M4\120p\Traffic2\Traffic2-Mask.mp4,Data-Processing\Raw-Data\Otsu\M4\120p\Traffic2\Traffic2-Mask.mp4,0.5894,0.0705,0.6815,0.6076,0.0676,0.6829,25
120p,Traffic2,K2,A0.001_,T0.9,M5,Data-Processing\Raw-Data\Param-Sweep\120p\Traffic2\K2\A0.001_\T0.9\M5\Traffic2-Mask.mp4,Data-Processing\Raw-Data\OpenCV\M5\120p\Traffic2\Traffic2-Mask.mp4,Data-Processing\Raw-Data\Otsu\M5\120p\Traffic2\Traffic2-Mask.mp4,0.5998,0.0738,0.6913,0.6158,0.0706,0.6905,25
120p,Traffic2,K2,A0.01_,T0.5,M3,Data-Processing\Raw-Data\Param-Sweep\120p\Traffic2\K2\A0.01_\T0.5\M3\Traffic2-Mask.mp4,Data-Processing\Raw-Data\OpenCV\M3\120p\Traffic2\Traffic2-Mask.mp4,Data-Processing\Raw-Data\Otsu\M3\120p\Traffic2\Traffic2-Mask.mp4,0.6622,0.0643,0.7902,0.6176,0.0538,0.7,25
120p,Traffic2,K2,A0.01_,T0.5,M4,Data-Processing\Raw-Data\Param-Sweep\120p\Traffic2\K2\A0.01_\T0.5\M4\Traffic2-Mask.mp4,Data-Processing\Raw-Data\OpenCV\M4\120p\Traffic2\Traffic2-Mask.mp4,Data-Processing\Raw-Data\Otsu\M4\120p\Traffic2\Traffic2-Mask.mp4,0.7334,0.057,0.8261,0.7402,0.048,0.7967,25
120p,Traffic2,K2,A0.01_,T0.5,M5,Data-Processing\Raw-Data\Param-Sweep\120p\Traffic2\K2\A0.01_\T0.5\M5\Traffic2-Mask.mp4,Data-Processing\Raw-Data\OpenCV\M5\120p\Traffic2\Traffic2-Mask.mp4,Data-Processing\Raw-Data\Otsu\M5\120p\Traffic2\Traffic2-Mask.mp4,0.7512,0.0607,0.8688,0.7588,0.0508,0.8204,25
120p,Traffic2,K2,A0.01_,T0.7,M3,Data-Processing\Raw-Data\Param-Sweep\120p\Traffic2\K2\A0.01_\T0.7\M3\Traffic2-Mask.mp4,Data-Processing\Raw-Data\OpenCV\M3\120p\Traffic2\Traffic2-Mask.mp4,Data-Processing\Raw-Data\Otsu\M3\120p\Traffic2\Traffic2-Mask.mp4,0.6988,0.0606,0.8091,0.6473,0.0506,0.7129,25
120p,Traffic2,K2,A0.01_,T0.7,M4,Data-Processing\Raw-Data\Param-Sweep\120p\Traffic2\K2\A0.01_\T0.7\M4\Traffic2-Mask.mp4,Data-Processing\Raw-Data\OpenCV\M4\120p\Traffic2\Traffic2-Mask.mp4,Data-Processing\Raw-Data\Otsu\M4\120p\Traffic2\Traffic2-Mask.mp4,0.7465,0.0548,0.827,0.7518,0.0454,0.806,25
120p,Traffic2,K2,A0.01_,T0.7,M5,Data-Processing\Raw-Data\Param-Sweep\120p\Traffic2\K2\A0.01_\T0.7\M5\Traffic2-Mask.mp4,Data-Processing\Raw-Data\OpenCV\M5\120p\Traffic2\Traffic2-Mask.mp4,Data-Processing\Raw-Data\Otsu\M5\120p\Traffic2\Traffic2-Mask.mp4,0.7651,0.0584,0.87,0.7709,0.048,0.8209,25
120p,Traffic2,K2,A0.01_,T0.9,M3,Data-Processing\Raw-Data\Param-Sweep\120p\Traffic2\K2\A0.01_\T0.9\M3\Traffic2-Mask.mp4,Data-Processing\Raw-Data\OpenCV\M3\120p\Traffic2\Traffic2-Mask.mp4,Data-Processing\Raw-Data\Otsu\M3\120p\Traffic2\Traffic2-Mask.mp4,0.7836,0.0383,0.8431,0.7195,0.0271,0.7493,25
120p,Traffic2,K2,A0.01_,T0.9,M4,Data-Processing\Raw-Data\Param-Sweep\120p\Traffic2\K2\A0.01_\T0.9\M4\Traffic2-Mask.mp4,Data-Processing\Raw-Data\OpenCV\M4\120p\Traffic2\Traffic2-Mask.mp4,Data-Processing\Raw-Data\Otsu\M4\120p\Traffic2\Traffic2-Mask.mp4,0.8088,0.0413,0.8674,0.811,0.0275,0.8387,25
120p,Traffic2,K2,A0.01_,T0.9,M5,Data-Processing\Raw-Data\Param-Sweep\120p\Traffic2\K2\A0.01_\T0.9\M5\Traffic2-Mask.mp4,Data-Processing\Raw-Data\OpenCV\M5\120p\Traffic2\Traffic2-Mask.mp4,Data-Processing\Raw-Data\Otsu\M5\120p\Traffic2\Traffic2-Mask.mp4,0.8301,0.0446,0.8923,0.8303,0.0296,0.8561,25
120p,Traffic2,K2,A0.1_,T0.5,M3,Data-Processing\Raw-Data\Param-Sweep\120p\Traffic2\K2\A0.1_\T0.5\M3\Traffic2-Mask.mp4,Data-Processing\Raw-Data\OpenCV\M3\120p\Traffic2\Traffic2-Mask.mp4,Data-Processing\Raw-Data\Otsu\M3\120p\Traffic2\Traffic2-Mask.mp4,0.6878,0.0628,0.7874,0.6753,0.0252,0.7069,25
120p,Traffic2,K2,A0.1_,T0.5,M4,Data-Processing\Raw-Data\Param-Sweep\120p\Traffic2\K2\A0.1_\T0.5\M4\Traffic2-Mask.mp4,Data-Processing\Raw-Data\OpenCV\M4\120p\Traffic2\Traffic2-Mask.mp4,Data-Processing\Raw-Data\Otsu\M4\120p\Traffic2\Traffic2-Mask.mp4,0.7497,0.0553,0.8411,0.7918,0.017,0.8204,25
120p,Traffic2,K2,A0.1_,T0.5,M5,Data-Processing\Raw-Data\Param-Sweep\120p\Traffic2\K2\A0.1_\T0.5\M5\Traffic2-Mask.mp4,Data-Processing\Raw-Data\OpenCV\M5\120p\Traffic2\Traffic2-Mask.mp4,Data-Processing\Raw-Data\Otsu\M5\120p\Traffic2\Traffic2-Mask.mp4,0.773,0.053,0.8729,0.8157,0.0186,0.8437,25
120p,Traffic2,K2,A0.1_,T0.7,M3,Data-Processing\Raw-Data\Param-Sweep\120p\Traffic2\K2\A0.1_\T0.7\M3\Traffic2-Mask.mp4,Data-Processing\Raw-Data\OpenCV\M3\120p\Traffic2\Traffic2-Mask.mp4,Data-Processing\Raw-Data\Otsu\M3\120p\Traffic2\Traffic2-Mask.mp4,0.7098,0.0649,0.8193,0.6995,0.0238,0.7387,25
120p,Traffic2,K2,A0.1_,T0.7,M4,Data-Processing\Raw-Data\Param-Sweep\120p\Traffic2\K2\A0.1_\T0.7\M4\Traffic2-Mask.mp4,Data-Processing\Raw-Data\OpenCV\M4\120p\Traffic2\Traffic2-Mask.mp4,Data-Processing\Raw-Data\Otsu\M4\120p\Traffic2\Traffic2-Mask.mp4,0.767,0.0571,0.8693,0.8135,0.0158,0.8523,25
120p,Traffic2,K2,A0.1_,T0.7,M5,Data-Processing\Raw-Data\Param-Sweep\120p\Traffic2\K2\A0.1_\T0.7\M5\Traffic2-Mask.mp4,Data-Processing\Raw-Data\OpenCV\M5\120p\Traffic2\Traffic2-Mask.mp4,Data-Processing\Raw-Data\Otsu\M5\120p\Traffic2\Traffic2-Mask.mp4,0.7932,0.0546,0.9053,0.8397,0.0176,0.8893,25
120p,Traffic2,K2,A0.1_,T0.9,M3,Data-Processing\Raw-Data\Param-Sweep\120p\Traffic2\K2\A0.1_\T0.9\M3\Traffic2-Mask.mp4,Data-Processing\Raw-Data\OpenCV\M3\120p\Traffic2\Traffic2-Mask.mp4,Data-Processing\Raw-Data\Otsu\M3\120p\Traffic2\Traffic2-Mask.mp4,0.7467,0.0618,0.8377,0.743,0.0161,0.7806,25
120p,Traffic2,K2,A0.1_,T0.9,M4,Data-Processing\Raw-Data\Param-Sweep\120p\Traffic2\K2\A0.1_\T0.9\M4\Traffic2-Mask.mp4,Data-Processing\Raw-Data\OpenCV\M4\120p\Traffic2\Traffic2-Mask.mp4,Data-Processing\Raw-Data\Otsu\M4\120p\Traffic2\Traffic2-Mask.mp4,0.8053,0.0525,0.8899,0.8605,0.0068,0.879,25
120p,Traffic2,K2,A0.1_,T0.9,M5,Data-Processing\Raw-Data\Param-Sweep\120p\Traffic2\K2\A0.1_\T0.9\M5\Traffic2-Mask.mp4,Data-Processing\Raw-Data\OpenCV\M5\120p\Traffic2\Traffic2-Mask.mp4,Data-Processing\Raw-Data\Otsu\M5\120p\Traffic2\Traffic2-Mask.mp4,0.831,0.0489,0.907,0.8947,0.0073,0.92,25
120p,Traffic2,K3,A0.001_,T0.5,M3,Data-Processing\Raw-Data\Param-Sweep\120p\Traffic2\K3\A0.001_\T0.5\M3\Traffic2-Mask.mp4,Data-Processing\Raw-Data\OpenCV\M3\120p\Traffic2\Traffic2-Mask.mp4,Data-Processing\Raw-Data\Otsu\M3\120p\Traffic2\Traffic2-Mask.mp4,0.3211,0.0432,0.2864,0.3239,0.0559,0.2652,25
120p,Traffic2,K3,A0.001_,T0.5,M4,Data-Processing\Raw-Data\Param-Sweep\120p\Traffic2\K3\A0.001_\T0.5\M4\Traffic2-Mask.mp4,Data-Processing\Raw-Data\OpenCV\M4\120p\Traffic2\Traffic2-Mask.mp4,Data-Processing\Raw-Data\Otsu\M4\120p\Traffic2\Traffic2-Mask.mp4,0.5159,0.0459,0.5733,0.5404,0.0497,0.5791,25
120p,Traffic2,K3,A0.001_,T0.5,M5,Data-Processing\Raw-Data\Param-Sweep\120p\Traffic2\K3\A0.001_\T0.5\M5\Traffic2-Mask.mp4,Data-Processing\Raw-Data\OpenCV\M5\120p\Traffic2\Traffic2-Mask.mp4,Data-Processing\Raw-Data\Otsu\M5\120p\Traffic2\Traffic2-Mask.mp4,0.5262,0.0479,0.6002,0.5455,0.051,0.5875,25
120p,Traffic2,K3,A0.001_,T0.7,M3,Data-Processing\Raw-Data\Param-Sweep\120p\Traffic2\K3\A0.001_\T0.7\M3\Traffic2-Mask.mp4,Data-Processing\Raw-Data\OpenCV\M3\120p\Traffic2\Traffic2-Mask.mp4,Data-Processing\Raw-Data\Otsu\M3\120p\Traffic2\Traffic2-Mask.mp4,0.4599,0.0823,0.388,0.4437,0.0792,0.4469,25
120p,Traffic2,K3,A0.001_,T0.7,M4,Data-Processing\Raw-Data\Param-Sweep\120p\Traffic2\K3\A0.001_\T0.7\M4\Traffic2-Mask.mp4,Data-Processing\Raw-Data\OpenCV\M4\120p\Traffic2\Traffic2-Mask.mp4,Data-Processing\Raw-Data\Otsu\M4\120p\Traffic2\Traffic2-Mask.mp4,0.5919,0.0628,0.6204,0.6132,0.0603,0.6166,25
120p,Traffic2,K3,A0.001_,T0.7,M5,Data-Processing\Raw-Data\Param-Sweep\120p\Traffic2\K3\A0.001_\T0.7\M5\Traffic2-Mask.mp4,Data-Processing\Raw-Data\OpenCV\M5\120p\Traffic2\Traffic2-Mask.mp4,Data-Processing\Raw-Data\Otsu\M5\120p\Traffic2\Traffic2-Mask.mp4,0.6059,0.0656,0.6245,0.6237,0.0628,0.6295,25
120p,Traffic2,K3,A0.001_,T0.9,M3,Data-Processing\Raw-Data\Param-Sweep\120p\Traffic2\K3\A0.001_\T0.9\M3\Traffic2-Mask.mp4,Data-Processing\Raw-Data\OpenCV\M3\120p\Traffic2\Traffic2-Mask.mp4,Data-Processing\Raw-Data\Otsu\M3\120p\Traffic2\Traffic2-Mask.mp4,0.6173,0.0898,0.7382,0.5768,0.0748,0.6971,25
120p,Traffic2,K3,A0.001_,T0.9,M4,Data-Processing\Raw-Data\Param-Sweep\120p\Traffic2\K3\A0.001_\T0.9\M4\Traffic2-Mask.mp4,Data-Processing\Raw-Data\OpenCV\M4\120p\Traffic2\Traffic2-Mask.mp4,Data-Processing\Raw-Data\Otsu\M4\120p\Traffic2\Traffic2-Mask.mp4,0.7091,0.0575,0.7893,0.723,0.0469,0.7762,25
120p,Traffic2,K3,A0.001_,T0.9,M5,Data-Processing\Raw-Data\Param-Sweep\120p\Traffic2\K3\A0.001_\T0.9\M5\Traffic2-Mask.mp4,Data-Processing\Raw-Data\OpenCV\M5\120p\Traffic2\Traffic2-Mask.mp4,Data-Processing\Raw-Data\Otsu\M5\120p\Traffic2\Traffic2-Mask.mp4,0.7309,0.0599,0.8132,0.7418,0.0498,0.8036,25
120p,Traffic2,K3,A0.01_,T0.5,M3,Data-Processing\Raw-Data\Param-Sweep\120p\Traffic2\K3\A0.01_\T0.5\M3\Traffic2-Mask.mp4,Data-Processing\Raw-Data\OpenCV\M3\120p\Traffic2\Traffic2-Mask.mp4,Data-Processing\Raw-Data\Otsu\M3\120p\Traffic2\Traffic2-Mask.mp4,0.7136,0.0658,0.8568,0.6547,0.0519,0.7451,25
120p,Traffic2,K3,A0.01_,T0.5,M4,Data-Processing\Raw-Data\Param-Sweep\120p\Traffic2\K3\A0.01_\T0.5\M4\Traffic2-Mask.mp4,Data-Processing\Raw-Data\OpenCV\M4\120p\Traffic2\Traffic2-Mask.mp4,Data-Processing\Raw-Data\Otsu\M4\120p\Traffic2\Traffic2-Mask.mp4,0.7697,0.0567,0.8675,0.7731,0.0449,0.839,25
120p,Traffic2,K3,A0.01_,T0.5,M5,Data-Processing\Raw-Data\Param-Sweep\120p\Traffic2\K3\A0.01_\T0.5\M5\Traffic2-Mask.mp4,Data-Processing\Raw-Data\OpenCV\M5\120p\Traffic2\Traffic2-Mask.mp4,Data-Processing\Raw-Data\Otsu\M5\120p\Traffic2\Traffic2-Mask.mp4,0.793,0.0606,0.8917,0.794,0.0473,0.8569,25
120p,Traffic2,K3,A0.01_,T0.7,M3,Data-Processing\Raw-Data\Param-Sweep\120p\Traffic2\K3\A0.01_\T0.7\M3\Traffic2-Mask.mp4,Data-Processing\Raw-Data\OpenCV\M3\120p\Traffic2\Traffic2-Mask.mp4,Data-Processing\Raw-Data\Otsu\M3\120p\Traffic2\Traffic2-Mask.mp4,0.7632,0.0542,0.8653,0.6938,0.0422,0.7539,25
120p,Traffic2,K3,A0.01_,T0.7,M4,Data-Processing\Raw-Data\Param-Sweep\120p\Traffic2\K3\A0.01_\T0.7\M4\Traffic2-Mask.mp4,Data-Processing\Raw-Data\OpenCV\M4\120p\Traffic2\Traffic2-Mask.mp4,Data-Processing\Raw-Data\Otsu\M4\120p\Traffic2\Traffic2-Mask.mp4,0.7958,0.0493,0.8732,0.7969,0.0366,0.8447,25
120p,Traffic2,K3,A0.01_,T0.7,M5,Data-Processing\Raw-Data\Param-Sweep\120p\Traffic2\K3\A0.01_\T0.7\M5\Traffic2-Mask.mp4,Data-Processing\Raw-Data\OpenCV\M5\120p\Traffic2\Traffic2-Mask.mp4,Data-Processing\Raw-Data\Otsu\M5\120p\Traffic2\Traffic2-Mask.mp4,0.8221,0.0534,0.9006,0.8195,0.039,0.8681,25
120p,Traffic2,K3,A0.01_,T0.9,M3,Data-Processing\Raw-Data\Param-Sweep\120p\Traffic2\K3\A0.01_\T0.9\M3\Traffic2-Mask.mp4,Data-Processing\Raw-Data\OpenCV\M3\120p\Traffic2\Traffic2-Mask.mp4,Data-Processing\Raw-Data\Otsu\M3\120p\Traffic2\Traffic2-Mask.mp4,0.827,0.0401,0.8934,0.7499,0.0265,0.7803,25
120p,Traffic2,K3,A0.01_,T0.9,M4,Data-Processing\Raw-Data\Param-Sweep\120p\Traffic2\K3\A0.01_\T0.9\M4\Traffic2-Mask.mp4,Data-Processing\Raw-Data\OpenCV\M4\120p\Traffic2\Traffic2-Mask.mp4,Data-Processing\Raw-Data\Otsu\M4\120p\Traffic2\Traffic2-Mask.mp4,0.832,0.0418,0.8904,0.8357,0.0246,0.8663,25
120p,Traffic2,K3,A0.01_,T0.9,M5,Data-Processing\Raw-Data\Param-Sweep\120p\Traffic2\K3\A0.01_\T0.9\M5\Traffic2-Mask.mp4,Data-Processing\Raw-Data\OpenCV\M5\120p\Traffic2\Traffic2-Mask.mp4,Data-Processing\Raw-Data\Otsu\M5\120p\Traffic2\Traffic2-Mask.mp4,0.8644,0.0457,0.9266,0.8621,0.026,0.8858,25
120p,Traffic2,K3,A0.1_,T0.5,M3,Data-Processing\Raw-Data\Param-Sweep\120p\Traffic2\K3\A0.1_\T0.5\M3\Traffic2-Mask.mp4,Data-Processing\Raw-Data\OpenCV\M3\120p\Traffic2\Traffic2-Mask.mp4,Data-Processing\Raw-Data\Otsu\M3\120p\Traffic2\Traffic2-Mask.mp4,0.6961,0.0645,0.7907,0.6869,0.0251,0.7168,25
120p,Traffic2,K3,A0.1_,T0.5,M4,Data-Processing\Raw-Data\Param-Sweep\120p\Traffic2\K3\A0.1_\T0.5\M4\Traffic2-Mask.mp4,Data-Processing\Raw-Data\OpenCV\M4\120p\Traffic2\Traffic2-Mask.mp4,Data-Processing\Raw-Data\Otsu\M4\120p\Traffic2\Traffic2-Mask.mp4,0.7599,0.0559,0.8572,0.8084,0.016,0.8424,25
120p,Traffic2,K3,A0.1_,T0.5,M5,Data-Processing\Raw-Data\Param-Sweep\120p\Traffic2\K3\A0.1_\T0.5\M5\Traffic2-Mask.mp4,Data-Processing\Raw-Data\OpenCV\M5\120p\Traffic2\Traffic2-Mask.mp4,Data-Processing\Raw-Data\Otsu\M5\120p\Traffic2\Traffic2-Mask.mp4,0.7848,0.0531,0.8823,0.8361,0.0177,0.866,25
120p,Traffic2,K3,A0.1_,T0.7,M3,Data-Processing\Raw-Data\Param-Sweep\120p\Traffic2\K3\A0.1_\T0.7\M3\Traffic2-Mask.mp4,Data-Processing\Raw-Data\OpenCV\M3\120p\Traffic2\Traffic2-Mask.mp4,Data-Processing\Raw-Data\Otsu\M3\120p\Traffic2\Traffic2-Mask.mp4,0.7152,0.0657,0.8273,0.7105,0.023,0.7484,25
120p,Traffic2,K3,A0.1_,T0.7,M4,Data-Processing\Raw-Data\Param-Sweep\120p\Traffic2\K3\A0.1_\T0.7\M4\Traffic2-Mask.mp4,Data-Processing\Raw-Data\OpenCV\M4\120p\Traffic2\Traffic2-Mask.mp4,Data-Processing\Raw-Data\Otsu\M4\120p\Traffic2\Traffic2-Mask.mp4,0.7737,0.0574,0.8733,0.8265,0.015,0.8724,25
120p,Traffic2,K3,A0.1_,T0.7,M5,Data-Processing\Raw-Data\Param-Sweep\120p\Traffic2\K3\A0.1_\T0.7\M5\Traffic2-Mask.mp4,Data-Processing\Raw-Data\OpenCV\M5\120p\Traffic2\Traffic2-Mask.mp4,Data-Processing\Raw-Data\Otsu\M5\120p\Traffic2\Traffic2-Mask.mp4,0.8002,0.0543,0.9144,0.8582,0.0167,0.9076,25
120p,Traffic2,K3,A0.1_,T0.9,M3,Data-Processing\Raw-Data\Param-Sweep\120p\Traffic2\K3\A0.1_\T0.9\M3\Traffic2-Mask.mp4,Data-Processing\Raw-Data\OpenCV\M3\120p\Traffic2\Traffic2-Mask.mp4,Data-Processing\Raw-Data\Otsu\M3\120p\Traffic2\Traffic2-Mask.mp4,0.7524,0.0602,0.8387,0.7515,0.0137,0.7826,25
120p,Traffic2,K3,A0.1_,T0.9,M4,Data-Processing\Raw-Data\Param-Sweep\120p\Traffic2\K3\A0.1_\T0.9\M4\Traffic2-Mask.mp4,Data-Processing\Raw-Data\OpenCV\M4\120p\Traffic2\Traffic2-Mask.mp4,Data-Processing\Raw-Data\Otsu\M4\120p\Traffic2\Traffic2-Mask.mp4,0.8128,0.0505,0.8899,0.8694,0.0041,0.8864,25
120p,Traffic2,K3,A0.1_,T0.9,M5,Data-Processing\Raw-Data\Param-Sweep\120p\Traffic2\K3\A0.1_\T0.9\M5\Traffic2-Mask.mp4,Data-Processing\Raw-Data\OpenCV\M5\120p\Traffic2\Traffic2-Mask.mp4,Data-Processing\Raw-Data\Otsu\M5\120p\Traffic2\Traffic2-Mask.mp4,0.8397,0.0471,0.9082,0.9049,0.0045,0.9252,25
120p,Traffic2,K4,A0.001_,T0.5,M3,Data-Processing\Raw-Data\Param-Sweep\120p\Traffic2\K4\A0.001_\T0.5\M3\Traffic2-Mask.mp4,Data-Processing\Raw-Data\OpenCV\M3\120p\Traffic2\Traffic2-Mask.mp4,Data-Processing\Raw-Data\Otsu\M3\120p\Traffic2\Traffic2-Mask.mp4,0.3532,0.0477,0.3071,0.3538,0.0584,0.2821,25
120p,Traffic2,K4,A0.001_,T0.5,M4,Data-Processing\Raw-Data\Param-Sweep\120p\Traffic2\K4\A0.001_\T0.5\M4\Traffic2-Mask.mp4,Data-Processing\Raw-Data\OpenCV\M4\120p\Traffic2\Traffic2-Mask.mp4,Data-Processing\Raw-Data\Otsu\M4\120p\Traffic2\Traffic2-Mask.mp4,0.5357,0.0457,0.5733,0.5585,0.0484,0.5791,25
120p,Traffic2,K4,A0.001_,T0.5,M5,Data-Processing\Raw-Data\Param-Sweep\120p\Traffic2\K4\A0.001_\T0.5\M5\Traffic2-Mask.mp4,Data-Processing\Raw-Data\OpenCV\M5\120p\Traffic2\Traffic2-Mask.mp4,Data-Processing\Raw-Data\Otsu\M5\120p\Traffic2\Traffic2-Mask.mp4,0.5469,0.0477,0.6002,0.5656,0.0499,0.5875,25
120p,Traffic2,K4,A0.001_,T0.7,M3,Data-Processing\Raw-Data\Param-Sweep\120p\Traffic2\K4\A0.001_\T0.7\M3\Traffic2-Mask.mp4,Data-Processing\Raw-Data\OpenCV\M3\120p\Traffic2\Traffic2-Mask.mp4,Data-Processing\Raw-Data\Otsu\M3\120p\Traffic2\Traffic2-Mask.mp4,0.5022,0.0915,0.6186,0.4806,0.0833,0.6089,25
120p,Traffic2,K4,A0.001_,T0.7,M4,Data-Processing\Raw-Data\Param-Sweep\120p\Traffic2\K4\A0.001_\T0.7\M4\Traffic2-Mask.mp4,Data-Processing\Raw-Data\OpenCV\M4\120p\Traffic2\Traffic2-Mask.mp4,Data-Processing\Raw-Data\Otsu\M4\120p\Traffic2\Traffic2-Mask.mp4,0.6186,0.0635,0.7,0.6371,0.0589,0.7059,25
120p,Traffic2,K4,A0.001_,T0.7,M5,Data-Processing\Raw-Data\Param-Sweep\120p\Traffic2\K4\A0.001_\T0.7\M5\Traffic2-Mask.mp4,Data-Processing\Raw-Data\OpenCV\M5\120p\Traffic2\Traffic2-Mask.mp4,Data-Processing\Raw-Data\Otsu\M5\120p\Traffic2\Traffic2-Mask.mp4,0.6349,0.0665,0.7092,0.6509,0.062,0.7179,25
120p,Traffic2,K4,A0.001_,T0.9,M3,Data-Processing\Raw-Data\Param-Sweep\120p\Traffic2\K4\A0.001_\T0.9\M3\Traffic2-Mask.mp4,Data-Processing\Raw-Data\OpenCV\M3\120p\Traffic2\Traffic2-Mask.mp4,Data-Processing\Raw-Data\Otsu\M3\120p\Traffic2\Traffic2-Mask.mp4,0.6885,0.0725,0.8032,0.6376,0.0578,0.7352,25
120p,Traffic2,K4,A0.001_,T0.9,M4,Data-Processing\Raw-Data\Param-Sweep\120p\Traffic2\K4\A0.001_\T0.9\M4\Traffic2-Mask.mp4,Data-Processing\Raw-Data\OpenCV\M4\120p\Traffic2\Traffic2-Mask.mp4,Data-Processing\Raw-Data\Otsu\M4\120p\Traffic2\Traffic2-Mask.mp4,0.756,0.0463,0.8315,0.7655,0.0333,0.8187,25
120p,Traffic2,K4,A0.001_,T0.9,M5,Data-Processing\Raw-Data\Param-Sweep\120p\Traffic2\K4\A0.001_\T0.9\M5\Traffic2-Mask.mp4,Data-Processing\Raw-Data\OpenCV\M5\120p\Traffic2\Traffic2-Mask.mp4,Data-Processing\Raw-Data\Otsu\M5\120p\Traffic2\Traffic2-Mask.mp4,0.7812,0.0479,0.8557,0.7864,0.036,0.8424,25
120p,Traffic2,K4,A0.01_,T0.5,M3,Data-Processing\Raw-Data\Param-Sweep\120p\Traffic2\K4\A0.01_\T0.5\M3\Traffic2-Mask.mp4,Data-Processing\Raw-Data\OpenCV\M3\120p\Traffic2\Traffic2-Mask.mp4,Data-Processing\Raw-Data\Otsu\M3\120p\Traffic2\Traffic2-Mask.mp4,0.7332,0.0631,0.8618,0.6692,0.049,0.7433,25
120p,Traffic2,K4,A0.01_,T0.5,M4,Data-Processing\Raw-Data\Param-Sweep\120p\Traffic2\K4\A0.01_\T0.5\M4\Traffic2-Mask.mp4,Data-Processing\Raw-Data\OpenCV\M4\120p\Traffic2\Traffic2-Mask.mp4,Data-Processing\Raw-Data\Otsu\M4\120p\Traffic2\Traffic2-Mask.mp4,0.7819,0.0551,0.874,0.7819,0.0419,0.8404,25
120p,Traffic2,K4,A0.01_,T0.5,M5,Data-Processing\Raw-Data\Param-Sweep\120p\Traffic2\K4\A0.01_\T0.5\M5\Traffic2-Mask.mp4,Data-Processing\Raw-Data\OpenCV\M5\120p\Traffic2\Traffic2-Mask.mp4,Data-Processing\Raw-Data\Otsu\M5\120p\Traffic2\Traffic2-Mask.mp4,0.8075,0.059,0.8959,0.804,0.0445,0.863,25
120p,Traffic2,K4,A0.01_,T0.7,M3,Data-Processing\Raw-Data\Param-Sweep\120p\Traffic2\K4\A0.01_\T0.7\M3\Traffic2-Mask.mp4,Data-Processing\Raw-Data\OpenCV\M3\120p\Traffic2\Traffic2-Mask.mp4,Data-Processing\Raw-Data\Otsu\M3\120p\Traffic2\Traffic2-Mask.mp4,0.7862,0.0513,0.8707,0.7103,0.0383,0.7581,25
120p,Traffic2,K4,A0.01_,T0.7,M4,Data-Processing\Raw-Data\Param-Sweep\120p\Traffic2\K4\A0.01_\T0.7\M4\Traffic2-Mask.mp4,Data-Processing\Raw-Data\OpenCV\M4\120p\Traffic2\Traffic2-Mask.mp4,Data-Processing\Raw-Data\Otsu\M4\120p\Traffic2\Traffic2-Mask.mp4,0.8105,0.0492,0.8844,0.8084,0.0349,0.8566,25
120p,Traffic2,K4,A0.01_,T0.7,M5,Data-Processing\Raw-Data\Param-Sweep\120p\Traffic2\K4\A0.01_\T0.7\M5\Traffic2-Mask.mp4,Data-Processing\Raw-Data\OpenCV\M5\120p\Traffic2\Traffic2-Mask.mp4,Data-Processing\Raw-Data\Otsu\M5\120p\Traffic2\Traffic2-Mask.mp4,0.8391,0.053,0.9104,0.8324,0.0373,0.8797,25
120p,Traffic2,K4,A0.01_,T0.9,M3,Data-Processing\Raw-Data\Param-Sweep\120p\Traffic2\K4\A0.01_\T0.9\M3\Traffic2-Mask.mp4,Data-Processing\Raw-Data\OpenCV\M3\120p\Traffic2\Traffic2-Mask.mp4,Data-Processing\Raw-Data\Otsu\M3\120p\Traffic2\Traffic2-Mask.mp4,0.8351,0.0415,0.8908,0.7605,0.0254,0.7797,25
120p,Traffic2,K4,A0.01_,T0.9,M4,Data-Processing\Raw-Data\Param-Sweep\120p\Traffic2\K4\A0.01_\T0.9\M4\Traffic2-Mask.mp4,Data-Processing\Raw-Data\OpenCV\M4\120p\Traffic2\Traffic2-Mask.mp4,Data-Processing\Raw-Data\Otsu\M4\120p\Traffic2\Traffic2-Mask.mp4,0.8381,0.0437,0.8975,0.8499,0.0187,0.87,25
120p,Traffic2,K4,A0.01_,T0.9,M5,Data-Processing\Raw-Data\Param-Sweep\120p\Traffic2\K4\A0.01_\T0.9\M5\Traffic2-Mask.mp4,Data-Processing\Raw-Data\OpenCV\M5\120p\Traffic2\Traffic2-Mask.mp4,Data-Processing\Raw-Data\Otsu\M5\120p\Traffic2\Traffic2-Mask.mp4,0.8738,0.0457,0.933,0.8773,0.0193,0.8965,25
120p,Traffic2,K4,A0.1_,T0.5,M3,Data-Processing\Raw-Data\Param-Sweep\120p\Traffic2\K4\A0.1_\T0.5\M3\Traffic2-Mask.mp4,Data-Processing\Raw-Data\OpenCV\M3\120p\Traffic2\Traffic2-Mask.mp4,Data-Processing\Raw-Data\Otsu\M3\120p\Traffic2\Traffic2-Mask.mp4,0.6967,0.0644,0.7872,0.6919,0.0244,0.7238,25
120p,Traffic2,K4,A0.1_,T0.5,M4,Data-Processing\Raw-Data\Param-Sweep\120p\Traffic2\K4\A0.1_\T0.5\M4\Traffic2-Mask.mp4,Data-Processing\Raw-Data\OpenCV\M4\120p\Traffic2\Traffic2-Mask.mp4,Data-Processing\Raw-Data\Otsu\M4\120p\Traffic2\Traffic2-Mask.mp4,0.7645,0.056,0.8572,0.816,0.0152,0.8457,25
120p,Traffic2,K4,A0.1_,T0.5,M5,Data-Processing\Raw-Data\Param-Sweep\120p\Traffic2\K4\A0.1_\T0.5\M5\Traffic2-Mask.mp4,Data-Processing\Raw-Data\OpenCV\M5\120p\Traffic2\Traffic2-Mask.mp4,Data-Processing\Raw-Data\Otsu\M5\120p\Traffic2\Traffic2-Mask.mp4,0.7873,0.0528,0.8839,0.8446,0.0168,0.8826,25
120p,Traffic2,K4,A0.1_,T0.7,M3,Data-Processing\Raw-Data\Param-Sweep\120p\Traffic2\K4\A0.1_\T0.7\M3\Traffic2-Mask.mp4,Data-Processing\Raw-Data\OpenCV\M3\120p\Traffic2\Traffic2-Mask.mp4,Data-Processing\Raw-Data\Otsu\M3\120p\Traffic2\Traffic2-Mask.mp4,0.7145,0.0657,0.8191,0.7163,0.0223,0.7598,25
120p,Traffic2,K4,A0.1_,T0.7,M4,Data-Processing\Raw-Data\Param-Sweep\120p\Traffic2\K4\A0.1_\T0.7\M4\Traffic2-Mask.mp4,Data-Processing\Raw-Data\OpenCV\M4\120p\Traffic2\Traffic2-Mask.mp4,Data-Processing\Raw-Data\Otsu\M4\120p\Traffic2\Traffic2-Mask.mp4,0.7769,0.0573,0.8752,0.833,0.0145,0.8777,25
120p,Traffic2,K4,A0.1_,T0.7,M5,Data-Processing\Raw-Data\Param-Sweep\120p\Traffic2\K4\A0.1_\T0.7\M5\Traffic2-Mask.mp4,Data-Processing\Raw-Data\OpenCV\M5\120p\Traffic2\Traffic2-Mask.mp4,Data-Processing\Raw-Data\Otsu\M5\120p\Traffic2\Traffic2-Mask.mp4,0.8019,0.0541,0.9083,0.8665,0.016,0.911,25
120p,Traffic2,K4,A0.1_,T0.9,M3,Data-Processing\Raw-Data\Param-Sweep\120p\Traffic2\K4\A0.1_\T0.9\M3\Traffic2-Mask.mp4,Data-Processing\Raw-Data\OpenCV\M3\120p\Traffic2\Traffic2-Mask.mp4,Data-Processing\Raw-Data\Otsu\M3\120p\Traffic2\Traffic2-Mask.mp4,0.7566,0.0587,0.8401,0.7584,0.0118,0.7892,25
120p,Traffic2,K4,A0.1_,T0.9,M4,Data-Processing\Raw-Data\Param-Sweep\120p\Traffic2\K4\A0.1_\T0.9\M4\Traffic2-Mask.mp4,Data-Processing\Raw-Data\OpenCV\M4\120p\Traffic2\Traffic2-Mask.mp4,Data-Processing\Raw-Data\Otsu\M4\120p\Traffic2\Traffic2-Mask.mp4,0.8201,0.0496,0.891,0.8775,0.0024,0.8865,25
120p,Traffic2,K4,A0.1_,T0.9,M5,Data-Processing\Raw-Data\Param-Sweep\120p\Traffic2\K4\A0.1_\T0.9\M5\Traffic2-Mask.mp4,Data-Processing\Raw-Data\OpenCV\M5\120p\Traffic2\Traffic2-Mask.mp4,Data-Processing\Raw-Data\Otsu\M5\120p\Traffic2\Traffic2-Mask.mp4,0.8469,0.0462,0.9082,0.9134,0.0024,0.9254,25
240p,Traffic2,K2,A0.001_,T0.5,M3,Data-Processing\Raw-Data\Param-Sweep\240p\Traffic2\K2\A0.001_\T0.5\M3\Traffic2-Mask.mp4,Data-Processing\Raw-Data\OpenCV\M3\240p\Traffic2\Traffic2-Mask.mp4,Data-Processing\Raw-Data\Otsu\M3\240p\Traffic2\Traffic2-Mask.mp4,0.2137,0.0159,0.2694,0.2404,0.0384,0.2688,25
240p,Traffic2,K2,A0.001_,T0.5,M4,Data-Processing\Raw-Data\Param-Sweep\240p\Traffic2\K2\A0.001_\T0.5\M4\Traffic2-Mask.mp4,Data-Processing\Raw-Data\OpenCV\M4\240p\Traffic2\Traffic2-Mask.mp4,Data-Processing\Raw-Data\Otsu\M4\240p\Traffic2\Traffic2-Mask.mp4,0.3986,0.0369,0.4851,0.4182,0.0481,0.4826,25
240p,Traffic2,K2,A0.001_,T0.5,M5,Data-Processing\Raw-Data\Param-Sweep\240p\Traffic2\K2\A0.001_\T0.5\M5\Traffic2-Mask.mp4,Data-Processing\Raw-Data\OpenCV\M5\240p\Traffic2\Traffic2-Mask.mp4,Data-Processing\Raw-Data\Otsu\M5\240p\Traffic2\Traffic2-Mask.mp4,0.4021,0.0377,0.495,0.4184,0.0488,0.4787,25
240p,Traffic2,K2,A0.001_,T0.7,M3,Data-Processing\Raw-Data\Param-Sweep\240p\Traffic2\K2\A0.001_\T0.7\M3\Traffic2-Mask.mp4,Data-Processing\Raw-Data\OpenCV\M3\240p\Traffic2\Traffic2-Mask.mp4,Data-Processing\Raw-Data\Otsu\M3\240p\Traffic2\Traffic2-Mask.mp4,0.2514,0.0299,0.2694,0.2708,0.0462,0.2688,25
240p,Traffic2,K2,A0.001_,T0.7,M4,Data-Processing\Raw-Data\Param-Sweep\240p\Traffic2\K2\A0.001_\T0.7\M4\Traffic2-Mask.mp4,Data-Processing\Raw-Data\OpenCV\M4\240p\Traffic2\Traffic2-Mask.mp4,Data-Processing\Raw-Data\Otsu\M4\240p\Traffic2\Traffic2-Mask.mp4,0.4425,0.0554,0.4856,0.4533,0.0589,0.4826,25
240p,Traffic2,K2,A0.001_,T0.7,M5,Data-Processing\Raw-Data\Param-Sweep\240p\Traffic2\K2\A0.001_\T0.7\M5\Traffic2-Mask.mp4,Data-Processing\Raw-Data\OpenCV\M5\240p\Traffic2\Traffic2-Mask.mp4,Data-Processing\Raw-Data\Otsu\M5\240p\Traffic2\Traffic2-Mask.mp4,0.4461,0.0563,0.495,0.4589,0.0624,0.4787,25
240p,Traffic2,K2,A0.001_,T0.9,M3,Data-Processing\Raw-Data\Param-Sweep\240p\Traffic2\K2\A0.001_\T0.9\M3\Traffic2-Mask.mp4,Data-Processing\Raw-Data\OpenCV\M3\240p\Traffic2\Traffic2-Mask.mp4,Data-Processing\Raw-Data\Otsu\M3\240p\Traffic2\Traffic2-Mask.mp4,0.4615,0.0734,0.5255,0.4201,0.0593,0.4687,25
240p,Traffic2,K2,A0.001_,T0.9,M4,Data-Processing\Raw-Data\Param-Sweep\240p\Traffic2\K2\A0.001_\T0.9\M4\Traffic2-Mask.mp4,Data-Processing\Raw-Data\OpenCV\M4\240p\Traffic2\Traffic2-Mask.mp4,Data-Processing\Raw-Data\Otsu\M4\240p\Traffic2\Traffic2-Mask.mp4,0.5877,0.073,0.6828,0.5668,0.0618,0.6571,25
240p,Traffic2,K2,A0.001_,T0.9,M5,Data-Processing\Raw-Data\Param-Sweep\240p\Traffic2\K2\A0.001_\T0.9\M5\Traffic2-Mask.mp4,Data-Processing\Raw-Data\OpenCV\M5\240p\Traffic2\Traffic2-Mask.mp4,Data-Processing\Raw-Data\Otsu\M5\240p\Traffic2\Traffic2-Mask.mp4,0.5917,0.0741,0.6841,0.5895,0.0688,0.6838,25
240p,Traffic2,K2,A0.01_,T0.5,M3,Data-Processing\Raw-Data\Param-Sweep\240p\Traffic2\K2\A0.01_\T0.5\M3\Traffic2-Mask.mp4,Data-Processing\Raw-Data\OpenCV\M3\240p\Traffic2\Traffic2-Mask.mp4,Data-Processing\Raw-Data\Otsu\M3\240p\Traffic2\Traffic2-Mask.mp4,0.6898,0.0644,0.8179,0.5797,0.0421,0.6571,25
240p,Traffic2,K2,A0.01_,T0.5,M4,Data-Processing\Raw-Data\Param-Sweep\240p\Traffic2\K2\A0.01_\T0.5\M4\Traffic2-Mask.mp4,Data-Processing\Raw-Data\OpenCV\M4\240p\Traffic2\Traffic2-Mask.mp4,Data-Processing\Raw-Data\Otsu\M4\240p\Traffic2\Traffic2-Mask.mp4,0.7586,0.0513,0.8429,0.7107,0.0376,0.7566,25
240p,Traffic2,K2,A0.01_,T0.5,M5,Data-Processing\Raw-Data\Param-Sweep\240p\Traffic2\K2\A0.01_\T0.5\M5\Traffic2-Mask.mp4,Data-Processing\Raw-Data\OpenCV\M5\240p\Traffic2\Traffic2-Mask.mp4,Data-Processing\Raw-Data\Otsu\M5\240p\Traffic2\Traffic2-Mask.mp4,0.7667,0.053,0.8522,0.7484,0.0416,0.804,25
240p,Traffic2,K2,A0.01_,T0.7,M3,Data-Processing\Raw-Data\Param-Sweep\240p\Traffic2\K2\A0.01_\T0.7\M3\Traffic2-Mask.mp4,Data-Processing\Raw-Data\OpenCV\M3\240p\Traffic2\Traffic2-Mask.mp4,Data-Processing\Raw-Data\Otsu\M3\240p\Traffic2\Traffic2-Mask.mp4,0.7269,0.0604,0.8318,0.6049,0.0397,0.665,25
240p,Traffic2,K2,A0.01_,T0.7,M4,Data-Processing\Raw-Data\Param-Sweep\240p\Traffic2\K2\A0.01_\T0.7\M4\Traffic2-Mask.mp4,Data-Processing\Raw-Data\OpenCV\M4\240p\Traffic2\Traffic2-Mask.mp4,Data-Processing\Raw-Data\Otsu\M4\240p\Traffic2\Traffic2-Mask.mp4,0.7772,0.0498,0.8546,0.7249,0.0356,0.7686,25
240p,Traffic2,K2,A0.01_,T0.7,M5,Data-Processing\Raw-Data\Param-Sweep\240p\Traffic2\K2\A0.01_\T0.7\M5\Traffic2-Mask.mp4,Data-Processing\Raw-Data\OpenCV\M5\240p\Traffic2\Traffic2-Mask.mp4,Data-Processing\Raw-Data\Otsu\M5\240p\Traffic2\Traffic2-Mask.mp4,0.7857,0.0515,0.8727,0.7638,0.0392,0.8066,25
240p,Traffic2,K2,A0.01_,T0.9,M3,Data-Processing\Raw-Data\Param-Sweep\240p\Traffic2\K2\A0.01_\T0.9\M3\Traffic2-Mask.mp4,Data-Processing\Raw-Data\OpenCV\M3\240p\Traffic2\Traffic2-Mask.mp4,Data-Processing\Raw-Data\Otsu\M3\240p\Traffic2\Traffic2-Mask.mp4,0.814,0.0401,0.8747,0.6717,0.0228,0.6869,25
240p,Traffic2,K2,A0.01_,T0.9,M4,Data-Processing\Raw-Data\Param-Sweep\240p\Traffic2\K2\A0.01_\T0.9\M4\Traffic2-Mask.mp4,Data-Processing\Raw-Data\OpenCV\M4\240p\Traffic2\Traffic2-Mask.mp4,Data-Processing\Raw-Data\Otsu\M4\240p\Traffic2\Traffic2-Mask.mp4,0.8351,0.0384,0.89,0.775,0.0216,0.7948,25
240p,Traffic2,K2,A0.01_,T0.9,M5,Data-Processing\Raw-Data\Param-Sweep\240p\Traffic2\K2\A0.01_\T0.9\M5\Traffic2-Mask.mp4,Data-Processing\Raw-Data\OpenCV\M5\240p\Traffic2\Traffic2-Mask.mp4,Data-Processing\Raw-Data\Otsu\M5\240p\Traffic2\Traffic2-Mask.mp4,0.8463,0.0401,0.9013,0.8166,0.0235,0.8399,25
240p,Traffic2,K2,A0.1_,T0.5,M3,Data-Processing\Raw-Data\Param-Sweep\240p\Traffic2\K2\A0.1_\T0.5\M3\Traffic2-Mask.mp4,Data-Processing\Raw-Data\OpenCV\M3\240p\Traffic2\Traffic2-Mask.mp4,Data-Processing\Raw-Data\Otsu\M3\240p\Traffic2\Traffic2-Mask.mp4,0.7305,0.0467,0.7924,0.6437,0.0115,0.6508,25
240p,Traffic2,K2,A0.1_,T0.5,M4,Data-Processing\Raw-Data\Param-Sweep\240p\Traffic2\K2\A0.1_\T0.5\M4\Traffic2-Mask.mp4,Data-Processing\Raw-Data\OpenCV\M4\240p\Traffic2\Traffic2-Mask.mp4,Data-Processing\Raw-Data\Otsu\M4\240p\Traffic2\Traffic2-Mask.mp4,0.7974,0.0435,0.8601,0.779,0.0052,0.7752,25
240p,Traffic2,K2,A0.1_,T0.5,M5,Data-Processing\Raw-Data\Param-Sweep\240p\Traffic2\K2\A0.1_\T0.5\M5\Traffic2-Mask.mp4,Data-Processing\Raw-Data\OpenCV\M5\240p\Traffic2\Traffic2-Mask.mp4,Data-Processing\Raw-Data\Otsu\M5\240p\Traffic2\Traffic2-Mask.mp4,0.81,0.042,0.8686,0.8233,0.0049,0.8256,25
240p,Traffic2,K2,A0.1_,T0.7,M3,Data-Processing\Raw-Data\Param-Sweep\240p\Traffic2\K2\A0.1_\T0.7\M3\Traffic2-Mask.mp4,Data-Processing\Raw-Data\OpenCV\M3\240p\Traffic2\Traffic2-Mask.mp4,Data-Processing\Raw-Data\Otsu\M3\240p\Traffic2\Traffic2-Mask.mp4,0.7532,0.0489,0.822,0.6662,0.0104,0.6701,25
240p,Traffic2,K2,A0.1_,T0.7,M4,Data-Processing\Raw-Data\Param-Sweep\240p\Traffic2\K2\A0.1_\T0.7\M4\Traffic2-Mask.mp4,Data-Processing\Raw-Data\OpenCV\M4\240p\Traffic2\Traffic2-Mask.mp4,Data-Processing\Raw-Data\Otsu\M4\240p\Traffic2\Traffic2-Mask.mp4,0.8119,0.045,0.8694,0.7961,0.0045,0.7934,25
240p,Traffic2,K2,A0.1_,T0.7,M5,Data-Processing\Raw-Data\Param-Sweep\240p\Traffic2\K2\A0.1_\T0.7\M5\Traffic2-Mask.mp4,Data-Processing\Raw-Data\OpenCV\M5\240p\Traffic2\Traffic2-Mask.mp4,Data-Processing\Raw-Data\Otsu\M5\240p\Traffic2\Traffic2-Mask.mp4,0.8252,0.0434,0.8877,0.842,0.0042,0.8426,25
240p,Traffic2,K2,A0.1_,T0.9,M3,Data-Processing\Raw-Data\Param-Sweep\240p\Traffic2\K2\A0.1_\T0.9\M3\Traffic2-Mask.mp4,Data-Processing\Raw-Data\OpenCV\M3\240p\Traffic2\Traffic2-Mask.mp4,Data-Processing\Raw-Data\Otsu\M3\240p\Traffic2\Traffic2-Mask.mp4,0.7917,0.049,0.8525,0.7085,0.0057,0.7029,25
240p,Traffic2,K2,A0.1_,T0.9,M4,Data-Processing\Raw-Data\Param-Sweep\240p\Traffic2\K2\A0.1_\T0.9\M4\Traffic2-Mask.mp4,Data-Processing\Raw-Data\OpenCV\M4\240p\Traffic2\Traffic2-Mask.mp4,Data-Processing\Raw-Data\Otsu\M4\240p\Traffic2\Traffic2-Mask.mp4,0.8308,0.0455,0.8845,0.8265,0.0021,0.8184,25
240p,Traffic2,K2,A0.1_,T0.9,M5,Data-Processing\Raw-Data\Param-Sweep\240p\Traffic2\K2\A0.1_\T0.9\M5\Traffic2-Mask.mp4,Data-Processing\Raw-Data\OpenCV\M5\240p\Traffic2\Traffic2-Mask.mp4,Data-Processing\Raw-Data\Otsu\M5\240p\Traffic2\Traffic2-Mask.mp4,0.847,0.0438,0.9009,0.8782,0.0014,0.8762,25
240p,Traffic2,K3,A0.001_,T0.5,M3,Data-Processing\Raw-Data\Param-Sweep\240p\Traffic2\K3\A0.001_\T0.5\M3\Traffic2-Mask.mp4,Data-Processing\Raw-Data\OpenCV\M3\240p\Traffic2\Traffic2-Mask.mp4,Data-Processing\Raw-Data\Otsu\M3\240p\Traffic2\Traffic2-Mask.mp4,0.3335,0.0462,0.2989,0.3239,0.0492,0.2882,25
240p,Traffic2,K3,A0.001_,T0.5,M4,Data-Processing\Raw-Data\Param-Sweep\240p\Traffic2\K3\A0.001_\T0.5\M4\Traffic2-Mask.mp4,Data-Processing\Raw-Data\OpenCV\M4\240p\Traffic2\Traffic2-Mask.mp4,Data-Processing\Raw-Data\Otsu\M4\240p\Traffic2\Traffic2-Mask.mp4,0.4923,0.0422,0.4987,0.4913,0.0445,0.4826,25
240p,Traffic2,K3,A0.001_,T0.5,M5,Data-Processing\Raw-Data\Param-Sweep\240p\Traffic2\K3\A0.001_\T0.5\M5\Traffic2-Mask.mp4,Data-Processing\Raw-Data\OpenCV\M5\240p\Traffic2\Traffic2-Mask.mp4,Data-Processing\Raw-Data\Otsu\M5\240p\Traffic2\Traffic2-Mask.mp4,0.4962,0.0427,0.501,0.5032,0.0472,0.498,25
240p,Traffic2,K3,A0.001_,T0.7,M3,Data-Processing\Raw-Data\Param-Sweep\240p\Traffic2\K3\A0.001_\T0.7\M3\Traffic2-Mask.mp4,Data-Processing\Raw-Data\OpenCV\M3\240p\Traffic2\Traffic2-Mask.mp4,Data-Processing\Raw-Data\Otsu\M3\240p\Traffic2\Traffic2-Mask.mp4,0.4764,0.086,0.4268,0.4281,0.0646,0.4307,25
240p,Traffic2,K3,A0.001_,T0.7,M4,Data-Processing\Raw-Data\Param-Sweep\240p\Traffic2\K3\A0.001_\T0.7\M4\Traffic2-Mask.mp4,Data-Processing\Raw-Data\OpenCV\M4\240p\Traffic2\Traffic2-Mask.mp4,Data-Processing\Raw-Data\Otsu\M4\240p\Traffic2\Traffic2-Mask.mp4,0.598,0.0649,0.6023,0.5767,0.0531,0.6014,25
240p,Traffic2,K3,A0.001_,T0.7,M5,Data-Processing\Raw-Data\Param-Sweep\240p\Traffic2\K3\A0.001_\T0.7\M5\Traffic2-Mask.mp4,Data-Processing\Raw-Data\OpenCV\M5\240p\Traffic2\Traffic2-Mask.mp4,Data-Processing\Raw-Data\Otsu\M5\240p\Traffic2\Traffic2-Mask.mp4,0.6043,0.0657,0.6159,0.6006,0.059,0.6353,25
240p,Traffic2,K3,A0.001_,T0.9,M3,Data-Processing\Raw-Data\Param-Sweep\240p\Traffic2\K3\A0.001_\T0.9\M3\Traffic2-Mask.mp4,Data-Processing\Raw-Data\OpenCV\M3\240p\Traffic2\Traffic2-Mask.mp4,Data-Processing\Raw-Data\Otsu\M3\240p\Traffic2\Traffic2-Mask.mp4,0.6446,0.0922,0.7792,0.5473,0.0588,0.6486,25
240p,Traffic2,K3,A0.001_,T0.9,M4,Data-Processing\Raw-Data\Param-Sweep\240p\Traffic2\K3\A0.001_\T0.9\M4\Traffic2-Mask.mp4,Data-Processing\Raw-Data\OpenCV\M4\240p\Traffic2\Traffic2-Mask.mp4,Data-Processing\Raw-Data\Otsu\M4\240p\Traffic2\Traffic2-Mask.mp4,0.7259,0.0577,0.8189,0.6841,0.0401,0.7526,25
240p,Traffic2,K3,A0.001_,T0.9,M5,Data-Processing\Raw-Data\Param-Sweep\240p\Traffic2\K3\A0.001_\T0.9\M5\Traffic2-Mask.mp4,Data-Processing\Raw-Data\OpenCV\M5\240p\Traffic2\Traffic2-Mask.mp4,Data-Processing\Raw-Data\Otsu\M5\240p\Traffic2\Traffic2-Mask.mp4,0.7363,0.0588,0.83,0.7187,0.045,0.7999,25
240p,Traffic2,K3,A0.01_,T0.5,M3,Data-Processing\Raw-Data\Param-Sweep\240p\Traffic2\K3\A0.01_\T0.5\M3\Traffic2-Mask.mp4,Data-Processing\Raw-Data\OpenCV\M3\240p\Traffic2\Traffic2-Mask.mp4,Data-Processing\Raw-Data\Otsu\M3\240p\Traffic2\Traffic2-Mask.mp4,0.7447,0.0638,0.8695,0.6164,0.0399,0.688,25
240p,Traffic2,K3,A0.01_,T0.5,M4,Data-Processing\Raw-Data\Param-Sweep\240p\Traffic2\K3\A0.01_\T0.5\M4\Traffic2-Mask.mp4,Data-Processing\Raw-Data\OpenCV\M4\240p\Traffic2\Traffic2-Mask.mp4,Data-Processing\Raw-Data\Otsu\M4\240p\Traffic2\Traffic2-Mask.mp4,0.7927,0.052,0.8905,0.7365,0.0354,0.7845,25
240p,Traffic2,K3,A0.01_,T0.5,M5,Data-Processing\Raw-Data\Param-Sweep\240p\Traffic2\K3\A0.01_\T0.5\M5\Traffic2-Mask.mp4,Data-Processing\Raw-Data\OpenCV\M5\240p\Traffic2\Traffic2-Mask.mp4,Data-Processing\Raw-Data\Otsu\M5\240p\Traffic2\Traffic2-Mask.mp4,0.8045,0.0537,0.9018,0.777,0.0394,0.8326,25
240p,Traffic2,K3,A0.01_,T0.7,M3,Data-Processing\Raw-Data\Param-Sweep\240p\Traffic2\K3\A0.01_\T0.7\M3\Traffic2-Mask.mp4,Data-Processing\Raw-Data\OpenCV\M3\240p\Traffic2\Traffic2-Mask.mp4,Data-Processing\Raw-Data\Otsu\M3\240p\Traffic2\Traffic2-Mask.mp4,0.7882,0.0554,0.8844,0.6461,0.034,0.694,25
240p,Traffic2,K3,A0.01_,T0.7,M4,Data-Processing\Raw-Data\Param-Sweep\240p\Traffic2\K3\A0.01_\T0.7\M4\Traffic2-Mask.mp4,Data-Processing\Raw-Data\OpenCV\M4\240p\Traffic2\Traffic2-Mask.mp4,Data-Processing\Raw-Data\Otsu\M4\240p\Traffic2\Traffic2-Mask.mp4,0.82,0.0457,0.8998,0.7586,0.0295,0.7911,25
240p,Traffic2,K3,A0.01_,T0.7,M5,Data-Processing\Raw-Data\Param-Sweep\240p\Traffic2\K3\A0.01_\T0.7\M5\Traffic2-Mask.mp4,Data-Processing\Raw-Data\OpenCV\M5\240p\Traffic2\Traffic2-Mask.mp4,Data-Processing\Raw-Data\Otsu\M5\240p\Traffic2\Traffic2-Mask.mp4,0.835,0.0472,0.9198,0.8016,0.0325,0.8444,25
240p,Traffic2,K3,A0.01_,T0.9,M3,Data-Processing\Raw-Data\Param-Sweep\240p\Traffic2\K3\A0.01_\T0.9\M3\Traffic2-Mask.mp4,Data-Processing\Raw-Data\OpenCV\M3\240p\Traffic2\Traffic2-Mask.mp4,Data-Processing\Raw-Data\Otsu\M3\240p\Traffic2\Traffic2-Mask.mp4,0.8468,0.0421,0.9114,0.6961,0.0216,0.711,25
240p,Traffic2,K3,A0.01_,T0.9,M4,Data-Processing\Raw-Data\Param-Sweep\240p\Traffic2\K3\A0.01_\T0.9\M4\Traffic2-Mask.mp4,Data-Processing\Raw-Data\OpenCV\M4\240p\Traffic2\Traffic2-Mask.mp4,Data-Processing\Raw-Data\Otsu\M4\240p\Traffic2\Traffic2-Mask.mp4,0.8527,0.0388,0.907,0.7949,0.0167,0.8069,25
240p,Traffic2,K3,A0.01_,T0.9,M5,Data-Processing\Raw-Data\Param-Sweep\240p\Traffic2\K3\A0.01_\T0.9\M5\Traffic2-Mask.mp4,Data-Processing\Raw-Data\OpenCV\M5\240p\Traffic2\Traffic2-Mask.mp4,Data-Processing\Raw-Data\Otsu\M5\240p\Traffic2\Traffic2-Mask.mp4,0.8735,0.0402,0.9323,0.8414,0.0181,0.8623,25
240p,Traffic2,K3,A0.1_,T0.5,M3,Data-Processing\Raw-Data\Param-Sweep\240p\Traffic2\K3\A0.1_\T0.5\M3\Traffic2-Mask.mp4,Data-Processing\Raw-Data\OpenCV\M3\240p\Traffic2\Traffic2-Mask.mp4,Data-Processing\Raw-Data\Otsu\M3\240p\Traffic2\Traffic2-Mask.mp4,0.7332,0.0483,0.7957,0.6526,0.0115,0.6642,25
240p,Traffic2,K3,A0.1_,T0.5,M4,Data-Processing\Raw-Data\Param-Sweep\240p\Traffic2\K3\A0.1_\T0.5\M4\Traffic2-Mask.mp4,Data-Processing\Raw-Data\OpenCV\M4\240p\Traffic2\Traffic2-Mask.mp4,Data-Processing\Raw-Data\Otsu\M4\240p\Traffic2\Traffic2-Mask.mp4,0.8016,0.0444,0.8632,0.7899,0.0047,0.785,25
240p,Traffic2,K3,A0.1_,T0.5,M5,Data-Processing\Raw-Data\Param-Sweep\240p\Traffic2\K3\A0.1_\T0.5\M5\Traffic2-Mask.mp4,Data-Processing\Raw-Data\OpenCV\M5\240p\Traffic2\Traffic2-Mask.mp4,Data-Processing\Raw-Data\Otsu\M5\240p\Traffic2\Traffic2-Mask.mp4,0.8151,0.0427,0.8759,0.8365,0.0044,0.8366,25
240p,Traffic2,K3,A0.1_,T0.7,M3,Data-Processing\Raw-Data\Param-Sweep\240p\Traffic2\K3\A0.1_\T0.7\M3\Traffic2-Mask.mp4,Data-Processing\Raw-Data\OpenCV\M3\240p\Traffic2\Traffic2-Mask.mp4,Data-Processing\Raw-Data\Otsu\M3\240p\Traffic2\Traffic2-Mask.mp4,0.7532,0.0496,0.8203,0.6744,0.0103,0.6797,25
240p,Traffic2,K3,A0.1_,T0.7,M4,Data-Processing\Raw-Data\Param-Sweep\240p\Traffic2\K3\A0.1_\T0.7\M4\Traffic2-Mask.mp4,Data-Processing\Raw-Data\OpenCV\M4\240p\Traffic2\Traffic2-Mask.mp4,Data-Processing\Raw-Data\Otsu\M4\240p\Traffic2\Traffic2-Mask.mp4,0.8122,0.0453,0.8732,0.8059,0.0042,0.8028,25
240p,Traffic2,K3,A0.1_,T0.7,M5,Data-Processing\Raw-Data\Param-Sweep\240p\Traffic2\K3\A0.1_\T0.7\M5\Traffic2-Mask.mp4,Data-Processing\Raw-Data\OpenCV\M5\240p\Traffic2\Traffic2-Mask.mp4,Data-Processing\Raw-Data\Otsu\M5\240p\Traffic2\Traffic2-Mask.mp4,0.8274,0.0438,0.889,0.8555,0.0037,0.8561,25
240p,Traffic2,K3,A0.1_,T0.9,M3,Data-Processing\Raw-Data\Param-Sweep\240p\Traffic2\K3\A0.1_\T0.9\M3\Traffic2-Mask.mp4,Data-Processing\Raw-Data\OpenCV\M3\240p\Traffic2\Traffic2-Mask.mp4,Data-Processing\Raw-Data\Otsu\M3\240p\Traffic2\Traffic2-Mask.mp4,0.7965,0.0491,0.8547,0.7154,0.0051,0.7084,25
240p,Traffic2,K3,A0.1_,T0.9,M4,Data-Processing\Raw-Data\Param-Sweep\240p\Traffic2\K3\A0.1_\T0.9\M4\Traffic2-Mask.mp4,Data-Processing\Raw-Data\OpenCV\M4\240p\Traffic2\Traffic2-Mask.mp4,Data-Processing\Raw-Data\Otsu\M4\240p\Traffic2\Traffic2-Mask.mp4,0.8334,0.0456,0.8882,0.8314,0.0018,0.8257,25
240p,Traffic2,K3,A0.1_,T0.9,M5,Data-Processing\Raw-Data\Param-Sweep\240p\Traffic2\K3\A0.1_\T0.9\M5\Traffic2-Mask.mp4,Data-Processing\Raw-Data\OpenCV\M5\240p\Traffic2\Traffic2-Mask.mp4,Data-Processing\Raw-Data\Otsu\M5\240p\Traffic2\Traffic2-Mask.mp4,0.8501,0.044,0.9014,0.8842,0.0011,0.8794,25
240p,Traffic2,K4,A0.001_,T0.5,M3,Data-Processing\Raw-Data\Param-Sweep\240p\Traffic2\K4\A0.001_\T0.5\M3\Traffic2-Mask.mp4,Data-Processing\Raw-Data\OpenCV\M3\240p\Traffic2\Traffic2-Mask.mp4,Data-Processing\Raw-Data\Otsu\M3\240p\Traffic2\Traffic2-Mask.mp4,0.3671,0.0508,0.3055,0.3484,0.0494,0.3006,25
240p,Traffic2,K4,A0.001_,T0.5,M4,Data-Processing\Raw-Data\Param-Sweep\240p\Traffic2\K4\A0.001_\T0.5\M4\Traffic2-Mask.mp4,Data-Processing\Raw-Data\OpenCV\M4\240p\Traffic2\Traffic2-Mask.mp4,Data-Processing\Raw-Data\Otsu\M4\240p\Traffic2\Traffic2-Mask.mp4,0.5172,0.0426,0.5188,0.5126,0.0427,0.5077,25
240p,Traffic2,K4,A0.001_,T0.5,M5,Data-Processing\Raw-Data\Param-Sweep\240p\Traffic2\K4\A0.001_\T0.5\M5\Traffic2-Mask.mp4,Data-Processing\Raw-Data\OpenCV\M5\240p\Traffic2\Traffic2-Mask.mp4,Data-Processing\Raw-Data\Otsu\M5\240p\Traffic2\Traffic2-Mask.mp4,0.5215,0.0429,0.5185,0.5268,0.0455,0.5136,25
240p,Traffic2,K4,A0.001_,T0.7,M3,Data-Processing\Raw-Data\Param-Sweep\240p\Traffic2\K4\A0.001_\T0.7\M3\Traffic2-Mask.mp4,Data-Processing\Raw-Data\OpenCV\M3\240p\Traffic2\Traffic2-Mask.mp4,Data-Processing\Raw-Data\Otsu\M3\240p\Traffic2\Traffic2-Mask.mp4,0.5286,0.0976,0.6419,0.4648,0.0682,0.5929,25
240p,Traffic2,K4,A0.001_,T0.7,M4,Data-Processing\Raw-Data\Param-Sweep\240p\Traffic2\K4\A0.001_\T0.7\M4\Traffic2-Mask.mp4,Data-Processing\Raw-Data\OpenCV\M4\240p\Traffic2\Traffic2-Mask.mp4,Data-Processing\Raw-Data\Otsu\M4\240p\Traffic2\Traffic2-Mask.mp4,0.6275,0.0667,0.7341,0.6035,0.0521,0.6901,25
240p,Traffic2,K4,A0.001_,T0.7,M5,Data-Processing\Raw-Data\Param-Sweep\240p\Traffic2\K4\A0.001_\T0.7\M5\Traffic2-Mask.mp4,Data-Processing\Raw-Data\OpenCV\M5\240p\Traffic2\Traffic2-Mask.mp4,Data-Processing\Raw-Data\Otsu\M5\240p\Traffic2\Traffic2-Mask.mp4,0.6351,0.0676,0.7335,0.6289,0.0584,0.7294,25
240p,Traffic2,K4,A0.001_,T0.9,M3,Data-Processing\Raw-Data\Param-Sweep\240p\Traffic2\K4\A0.001_\T0.9\M3\Traffic2-Mask.mp4,Data-Processing\Raw-Data\OpenCV\M3\240p\Traffic2\Traffic2-Mask.mp4,Data-Processing\Raw-Data\Otsu\M3\240p\Traffic2\Traffic2-Mask.mp4,0.7137,0.0762,0.851,0.5987,0.046,0.6816,25
240p,Traffic2,K4,A0.001_,T0.9,M4,Data-Processing\Raw-Data\Param-Sweep\240p\Traffic2\K4\A0.001_\T0.9\M4\Traffic2-Mask.mp4,Data-Processing\Raw-Data\OpenCV\M4\240p\Traffic2\Traffic2-Mask.mp4,Data-Processing\Raw-Data\Otsu\M4\240p\Traffic2\Traffic2-Mask.mp4,0.7764,0.0461,0.8638,0.7265,0.0288,0.7776,25
240p,Traffic2,K4,A0.001_,T0.9,M5,Data-Processing\Raw-Data\Param-Sweep\240p\Traffic2\K4\A0.001_\T0.9\M5\Traffic2-Mask.mp4,Data-Processing\Raw-Data\OpenCV\M5\240p\Traffic2\Traffic2-Mask.mp4,Data-Processing\Raw-Data\Otsu\M5\240p\Traffic2\Traffic2-Mask.mp4,0.7906,0.0469,0.875,0.7657,0.0316,0.8241,25
240p,Traffic2,K4,A0.01_,T0.5,M3,Data-Processing\Raw-Data\Param-Sweep\240p\Traffic2\K4\A0.01_\T0.5\M3\Traffic2-Mask.mp4,Data-Processing\Raw-Data\OpenCV\M3\240p\Traffic2\Traffic2-Mask.mp4,Data-Processing\Raw-Data\Otsu\M3\240p\Traffic2\Traffic2-Mask.mp4,0.7674,0.0628,0.8811,0.6314,0.0384,0.6947,25
240p,Traffic2,K4,A0.01_,T0.5,M4,Data-Processing\Raw-Data\Param-Sweep\240p\Traffic2\K4\A0.01_\T0.5\M4\Traffic2-Mask.mp4,Data-Processing\Raw-Data\OpenCV\M4\240p\Traffic2\Traffic2-Mask.mp4,Data-Processing\Raw-Data\Otsu\M4\240p\Traffic2\Traffic2-Mask.mp4,0.8042,0.0514,0.8968,0.7457,0.0341,0.785,25
240p,Traffic2,K4,A0.01_,T0.5,M5,Data-Processing\Raw-Data\Param-Sweep\240p\Traffic2\K4\A0.01_\T0.5\M5\Traffic2-Mask.mp4,Data-Processing\Raw-Data\OpenCV\M5\240p\Traffic2\Traffic2-Mask.mp4,Data-Processing\Raw-Data\Otsu\M5\240p\Traffic2\Traffic2-Mask.mp4,0.8173,0.0531,0.9101,0.7872,0.0383,0.8383,25
240p,Traffic2,K4,A0.01_,T0.7,M3,Data-Processing\Raw-Data\Param-Sweep\240p\Traffic2\K4\A0.01_\T0.7\M3\Traffic2-Mask.mp4,Data-Processing\Raw-Data\OpenCV\M3\240p\Traffic2\Traffic2-Mask.mp4,Data-Processing\Raw-Data\Otsu\M3\240p\Traffic2\Traffic2-Mask.mp4,0.8097,0.0524,0.8964,0.6611,0.0312,0.7002,25
240p,Traffic2,K4,A0.01_,T0.7,M4,Data-Processing\Raw-Data\Param-Sweep\240p\Traffic2\K4\A0.01_\T0.7\M4\Traffic2-Mask.mp4,Data-Processing\Raw-Data\OpenCV\M4\240p\Traffic2\Traffic2-Mask.mp4,Data-Processing\Raw-Data\Otsu\M4\240p\Traffic2\Traffic2-Mask.mp4,0.8316,0.0445,0.904,0.7677,0.0277,0.7968,25
240p,Traffic2,K4,A0.01_,T0.7,M5,Data-Processing\Raw-Data\Param-Sweep\240p\Traffic2\K4\A0.01_\T0.7\M5\Traffic2-Mask.mp4,Data-Processing\Raw-Data\OpenCV\M5\240p\Traffic2\Traffic2-Mask.mp4,Data-Processing\Raw-Data\Otsu\M5\240p\Traffic2\Traffic2-Mask.mp4,0.848,0.0459,0.9225,0.8113,0.0305,0.8512,25
240p,Traffic2,K4,A0.01_,T0.9,M3,Data-Processing\Raw-Data\Param-Sweep\240p\Traffic2\K4\A0.01_\T0.9\M3\Traffic2-Mask.mp4,Data-Processing\Raw-Data\OpenCV\M3\240p\Traffic2\Traffic2-Mask.mp4,Data-Processing\Raw-Data\Otsu\M3\240p\Traffic2\Traffic2-Mask.mp4,0.8508,0.0442,0.9125,0.7043,0.0196,0.7122,25
240p,Traffic2,K4,A0.01_,T0.9,M4,Data-Processing\Raw-Data\Param-Sweep\240p\Traffic2\K4\A0.01_\T0.9\M4\Traffic2-Mask.mp4,Data-Processing\Raw-Data\OpenCV\M4\240p\Traffic2\Traffic2-Mask.mp4,Data-Processing\Raw-Data\Otsu\M4\240p\Traffic2\Traffic2-Mask.mp4,0.8537,0.0408,0.91,0.8069,0.0107,0.8131,25
240p,Traffic2,K4,A0.01_,T0.9,M5,Data-Processing\Raw-Data\Param-Sweep\240p\Traffic2\K4\A0.01_\T0.9\M5\Traffic2-Mask.mp4,Data-Processing\Raw-Data\OpenCV\M5\240p\Traffic2\Traffic2-Mask.mp4,Data-Processing\Raw-Data\Otsu\M5\240p\Traffic2\Traffic2-Mask.mp4,0.8765,0.041,0.9342,0.8557,0.0111,0.8689,25
240p,Traffic2,K4,A0.1_,T0.5,M3,Data-Processing\Raw-Data\Param-Sweep\240p\Traffic2\K4\A0.1_\T0.5\M3\Traffic2-Mask.mp4,Data-Processing\Raw-Data\OpenCV\M3\240p\Traffic2\Traffic2-Mask.mp4,Data-Processing\Raw-Data\Otsu\M3\240p\Traffic2\Traffic2-Mask.mp4,0.7314,0.0483,0.7957,0.6557,0.0115,0.671,25
240p,Traffic2,K4,A0.1_,T0.5,M4,Data-Processing\Raw-Data\Param-Sweep\240p\Traffic2\K4\A0.1_\T0.5\M4\Traffic2-Mask.mp4,Data-Processing\Raw-Data\OpenCV\M4\240p\Traffic2\Traffic2-Mask.mp4,Data-Processing\Raw-Data\Otsu\M4\240p\Traffic2\Traffic2-Mask.mp4,0.8013,0.0442,0.864,0.794,0.0045,0.7882,25
240p,Traffic2,K4,A0.1_,T0.5,M5,Data-Processing\Raw-Data\Param-Sweep\240p\Traffic2\K4\A0.1_\T0.5\M5\Traffic2-Mask.mp4,Data-Processing\Raw-Data\OpenCV\M5\240p\Traffic2\Traffic2-Mask.mp4,Data-Processing\Raw-Data\Otsu\M5\240p\Traffic2\Traffic2-Mask.mp4,0.8149,0.0426,0.8782,0.8423,0.0041,0.8412,25
240p,Traffic2,K4,A0.1_,T0.7,M3,Data-Processing\Raw-Data\Param-Sweep\240p\Traffic2\K4\A0.1_\T0.7\M3\Traffic2-Mask.mp4,Data-Processing\Raw-Data\OpenCV\M3\240p\Traffic2\Traffic2-Mask.mp4,Data-Processing\Raw-Data\Otsu\M3\240p\Traffic2\Traffic2-Mask.mp4,0.7533,0.0495,0.8258,0.6797,0.0101,0.6838,25
240p,Traffic2,K4,A0.1_,T0.7,M4,Data-Processing\Raw-Data\Param-Sweep\240p\Traffic2\K4\A0.1_\T0.7\M4\Traffic2-Mask.mp4,Data-Processing\Raw-Data\OpenCV\M4\240p\Traffic2\Traffic2-Mask.mp4,Data-Processing\Raw-Data\Otsu\M4\240p\Traffic2\Traffic2-Mask.mp4,0.8132,0.0453,0.8725,0.8112,0.004,0.8085,25
240p,Traffic2,K4,A0.1_,T0.7,M5,Data-Processing\Raw-Data\Param-Sweep\240p\Traffic2\K4\A0.1_\T0.7\M5\Traffic2-Mask.mp4,Data-Processing\Raw-Data\OpenCV\M5\240p\Traffic2\Traffic2-Mask.mp4,Data-Processing\Raw-Data\Otsu\M5\240p\Traffic2\Traffic2-Mask.mp4,0.8286,0.0438,0.8904,0.8625,0.0034,0.8621,25
240p,Traffic2,K4,A0.1_,T0.9,M3,Data-Processing\Raw-Data\Param-Sweep\240p\Traffic2\K4\A0.1_\T0.9\M3\Traffic2-Mask.mp4,Data-Processing\Raw-Data\OpenCV\M3\240p\Traffic2\Traffic2-Mask.mp4,Data-Processing\Raw-Data\Otsu\M3\240p\Traffic2\Traffic2-Mask.mp4,0.7996,0.0488,0.857,0.7211,0.0046,0.7118,25
240p,Traffic2,K4,A0.1_,T0.9,M4,Data-Processing\Raw-Data\Param-Sweep\240p\Traffic2\K4\A0.1_\T0.9\M4\Traffic2-Mask.mp4,Data-Processing\Raw-Data\OpenCV\M4\240p\Traffic2\Traffic2-Mask.mp4,Data-Processing\Raw-Data\Otsu\M4\240p\Traffic2\Traffic2-Mask.mp4,0.8344,0.0456,0.888,0.8342,0.0017,0.8257,25
240p,Traffic2,K4,A0.1_,T0.9,M5,Data-Processing\Raw-Data\Param-Sweep\240p\Traffic2\K4\A0.1_\T0.9\M5\Traffic2-Mask.mp4,Data-Processing\Raw-Data\OpenCV\M5\240p\Traffic2\Traffic2-Mask.mp4,Data-Processing\Raw-Data\Otsu\M5\240p\Traffic2\Traffic2-Mask.mp4,0.8511,0.044,0.9046,0.8876,0.001,0.8803,25
360p,Traffic2,K2,A0.001_,T0.5,M3,Data-Processing\Raw-Data\Param-Sweep\360p\Traffic2\K2\A0.001_\T0.5\M3\Traffic2-Mask.mp4,Data-Processing\Raw-Data\OpenCV\M3\360p\Traffic2\Traffic2-Mask.mp4,Data-Processing\Raw-Data\Otsu\M3\360p\Traffic2\Traffic2-Mask.mp4,0.2176,0.0152,0.2829,0.2504,0.0378,0.2949,25
360p,Traffic2,K2,A0.001_,T0.5,M4,Data-Processing\Raw-Data\Param-Sweep\360p\Traffic2\K2\A0.001_\T0.5\M4\Traffic2-Mask.mp4,Data-Processing\Raw-Data\OpenCV\M4\360p\Traffic2\Traffic2-Mask.mp4,Data-Processing\Raw-Data\Otsu\M4\360p\Traffic2\Traffic2-Mask.mp4,0.3689,0.0282,0.456,0.3897,0.041,0.46,25
360p,Traffic2,K2,A0.001_,T0.5,M5,Data-Processing\Raw-Data\Param-Sweep\360p\Traffic2\K2\A0.001_\T0.5\M5\Traffic2-Mask.mp4,Data-Processing\Raw-Data\OpenCV\M5\360p\Traffic2\Traffic2-Mask.mp4,Data-Processing\Raw-Data\Otsu\M5\360p\Traffic2\Traffic2-Mask.mp4,0.3705,0.0289,0.4602,0.3905,0.0415,0.4589,25
360p,Traffic2,K2,A0.001_,T0.7,M3,Data-Processing\Raw-Data\Param-Sweep\360p\Traffic2\K2\A0.001_\T0.7\M3\Traffic2-Mask.mp4,Data-Processing\Raw-Data\OpenCV\M3\360p\Traffic2\Traffic2-Mask.mp4,Data-Processing\Raw-Data\Otsu\M3\360p\Traffic2\Traffic2-Mask.mp4,0.2414,0.0221,0.2829,0.2692,0.0417,0.2962,25
360p,Traffic2,K2,A0.001_,T0.7,M4,Data-Processing\Raw-Data\Param-Sweep\360p\Traffic2\K2\A0.001_\T0.7\M4\Traffic2-Mask.mp4,Data-Processing\Raw-Data\OpenCV\M4\360p\Traffic2\Traffic2-Mask.mp4,Data-Processing\Raw-Data\Otsu\M4\360p\Traffic2\Traffic2-Mask.mp4,0.4089,0.0434,0.4572,0.4207,0.0493,0.46,25
360p,Traffic2,K2,A0.001_,T0.7,M5,Data-Processing\Raw-Data\Param-Sweep\360p\Traffic2\K2\A0.001_\T0.7\M5\Traffic2-Mask.mp4,Data-Processing\Raw-Data\OpenCV\M5\360p\Traffic2\Traffic2-Mask.mp4,Data-Processing\Raw-Data\Otsu\M5\360p\Traffic2\Traffic2-Mask.mp4,0.4105,0.0441,0.4602,0.4254,0.0518,0.4589,25
360p,Traffic2,K2,A0.001_,T0.9,M3,Data-Processing\Raw-Data\Param-Sweep\360p\Traffic2\K2\A0.001_\T0.9\M3\Traffic2-Mask.mp4,Data-Processing\Raw-Data\OpenCV\M3\360p\Traffic2\Traffic2-Mask.mp4,Data-Processing\Raw-Data\Otsu\M3\360p\Traffic2\Traffic2-Mask.mp4,0.4334,0.064,0.4815,0.3969,0.053,0.434,25
360p,Traffic2,K2,A0.001_,T0.9,M4,Data-Processing\Raw-Data\Param-Sweep\360p\Traffic2\K2\A0.001_\T0.9\M4\Traffic2-Mask.mp4,Data-Processing\Raw-Data\OpenCV\M4\360p\Traffic2\Traffic2-Mask.mp4,Data-Processing\Raw-Data\Otsu\M4\360p\Traffic2\Traffic2-Mask.mp4,0.5748,0.0713,0.6677,0.5431,0.0575,0.6048,25
360p,Traffic2,K2,A0.001_,T0.9,M5,Data-Processing\Raw-Data\Param-Sweep\360p\Traffic2\K2\A0.001_\T0.9\M5\Traffic2-Mask.mp4,Data-Processing\Raw-Data\OpenCV\M5\360p\Traffic2\Traffic2-Mask.mp4,Data-Processing\Raw-Data\Otsu\M5\360p\Traffic2\Traffic2-Mask.mp4,0.5768,0.0722,0.6685,0.5653,0.0644,0.6335,25
360p,Traffic2,K2,A0.01_,T0.5,M3,Data-Processing\Raw-Data\Param-Sweep\360p\Traffic2\K2\A0.01_\T0.5\M3\Traffic2-Mask.mp4,Data-Processing\Raw-Data\OpenCV\M3\360p\Traffic2\Traffic2-Mask.mp4,Data-Processing\Raw-Data\Otsu\M3\360p\Traffic2\Traffic2-Mask.mp4,0.6981,0.0659,0.8348,0.5699,0.0395,0.6493,25
360p,Traffic2,K2,A0.01_,T0.5,M4,Data-Processing\Raw-Data\Param-Sweep\360p\Traffic2\K2\A0.01_\T0.5\M4\Traffic2-Mask.mp4,Data-Processing\Raw-Data\OpenCV\M4\360p\Traffic2\Traffic2-Mask.mp4,Data-Processing\Raw-Data\Otsu\M4\360p\Traffic2\Traffic2-Mask.mp4,0.7667,0.0513,0.8582,0.6955,0.0339,0.7525,25
360p,Traffic2,K2,A0.01_,T0.5,M5,Data-Processing\Raw-Data\Param-Sweep\360p\Traffic2\K2\A0.01_\T0.5\M5\Traffic2-Mask.mp4,Data-Processing\Raw-Data\OpenCV\M5\360p\Traffic2\Traffic2-Mask.mp4,Data-Processing\Raw-Data\Otsu\M5\360p\Traffic2\Traffic2-Mask.mp4,0.7726,0.0521,0.8673,0.733,0.0382,0.7895,25
360p,Traffic2,K2,A0.01_,T0.7,M3,Data-Processing\Raw-Data\Param-Sweep\360p\Traffic2\K2\A0.01_\T0.7\M3\Traffic2-Mask.mp4,Data-Processing\Raw-Data\OpenCV\M3\360p\Traffic2\Traffic2-Mask.mp4,Data-Processing\Raw-Data\Otsu\M3\360p\Traffic2\Traffic2-Mask.mp4,0.7317,0.0614,0.8471,0.5924,0.0373,0.6572,25
360p,Traffic2,K2,A0.01_,T0.7,M4,Data-Processing\Raw-Data\Param-Sweep\360p\Traffic2\K2\A0.01_\T0.7\M4\Traffic2-Mask.mp4,Data-Processing\Raw-Data\OpenCV\M4\360p\Traffic2\Traffic2-Mask.mp4,Data-Processing\Raw-Data\Otsu\M4\360p\Traffic2\Traffic2-Mask.mp4,0.7887,0.0491,0.8734,0.7117,0.0314,0.7632,25
360p,Traffic2,K2,A0.01_,T0.7,M5,Data-Processing\Raw-Data\Param-Sweep\360p\Traffic2\K2\A0.01_\T0.7\M5\Traffic2-Mask.mp4,Data-Processing\Raw-Data\OpenCV\M5\360p\Traffic2\Traffic2-Mask.mp4,Data-Processing\Raw-Data\Otsu\M5\360p\Traffic2\Traffic2-Mask.mp4,0.7949,0.0498,0.883,0.7507,0.0353,0.7987,25
360p,Traffic2,K2,A0.01_,T0.9,M3,Data-Processing\Raw-Data\Param-Sweep\360p\Traffic2\K2\A0.01_\T0.9\M3\Traffic2-Mask.mp4,Data-Processing\Raw-Data\OpenCV\M3\360p\Traffic2\Traffic2-Mask.mp4,Data-Processing\Raw-Data\Otsu\M3\360p\Traffic2\Traffic2-Mask.mp4,0.8207,0.0409,0.8843,0.6568,0.0218,0.676,25
360p,Traffic2,K2,A0.01_,T0.9,M4,Data-Processing\Raw-Data\Param-Sweep\360p\Traffic2\K2\A0.01_\T0.9\M4\Traffic2-Mask.mp4,Data-Processing\Raw-Data\OpenCV\M4\360p\Traffic2\Traffic2-Mask.mp4,Data-Processing\Raw-Data\Otsu\M4\360p\Traffic2\Traffic2-Mask.mp4,0.8473,0.0382,0.8971,0.7594,0.0193,0.7793,25
360p,Traffic2,K2,A0.01_,T0.9,M5,Data-Processing\Raw-Data\Param-Sweep\360p\Traffic2\K2\A0.01_\T0.9\M5\Traffic2-Mask.mp4,Data-Processing\Raw-Data\OpenCV\M5\360p\Traffic2\Traffic2-Mask.mp4,Data-Processing\Raw-Data\Otsu\M5\360p\Traffic2\Traffic2-Mask.mp4,0.8559,0.0387,0.9084,0.8021,0.0213,0.8183,25
360p,Traffic2,K2,A0.1_,T0.5,M3,Data-Processing\Raw-Data\Param-Sweep\360p\Traffic2\K2\A0.1_\T0.5\M3\Traffic2-Mask.mp4,Data-Processing\Raw-Data\OpenCV\M3\360p\Traffic2\Traffic2-Mask.mp4,Data-Processing\Raw-Data\Otsu\M3\360p\Traffic2\Traffic2-Mask.mp4,0.753,0.0421,0.8055,0.6399,0.0082,0.6333,25
360p,Traffic2,K2,A0.1_,T0.5,M4,Data-Processing\Raw-Data\Param-Sweep\360p\Traffic2\K2\A0.1_\T0.5\M4\Traffic2-Mask.mp4,Data-Processing\Raw-Data\OpenCV\M4\360p\Traffic2\Traffic2-Mask.mp4,Data-Processing\Raw-Data\Otsu\M4\360p\Traffic2\Traffic2-Mask.mp4,0.8123,0.0425,0.8676,0.7656,0.0038,0.7595,25
360p,Traffic2,K2,A0.1_,T0.5,M5,Data-Processing\Raw-Data\Param-Sweep\360p\Traffic2\K2\A0.1_\T0.5\M5\Traffic2-Mask.mp4,Data-Processing\Raw-Data\OpenCV\M5\360p\Traffic2\Traffic2-Mask.mp4,Data-Processing\Raw-Data\Otsu\M5\360p\Traffic2\Traffic2-Mask.mp4,0.8213,0.0406,0.8782,0.8105,0.0033,0.8048,25
360p,Traffic2,K2,A0.1_,T0.7,M3,Data-Processing\Raw-Data\Param-Sweep\360p\Traffic2\K2\A0.1_\T0.7\M3\Traffic2-Mask.mp4,Data-Processing\Raw-Data\OpenCV\M3\360p\Traffic2\Traffic2-Mask.mp4,Data-Processing\Raw-Data\Otsu\M3\360p\Traffic2\Traffic2-Mask.mp4,0.7737,0.0447,0.8366,0.6591,0.0076,0.6507,25
360p,Traffic2,K2,A0.1_,T0.7,M4,Data-Processing\Raw-Data\Param-Sweep\360p\Traffic2\K2\A0.1_\T0.7\M4\Traffic2-Mask.mp4,Data-Processing\Raw-Data\OpenCV\M4\360p\Traffic2\Traffic2-Mask.mp4,Data-Processing\Raw-Data\Otsu\M4\360p\Traffic2\Traffic2-Mask.mp4,0.8229,0.0439,0.8734,0.7788,0.0034,0.7726,25
360p,Traffic2,K2,A0.1_,T0.7,M5,Data-Processing\Raw-Data\Param-Sweep\360p\Traffic2\K2\A0.1_\T0.7\M5\Traffic2-Mask.mp4,Data-Processing\Raw-Data\OpenCV\M5\360p\Traffic2\Traffic2-Mask.mp4,Data-Processing\Raw-Data\Otsu\M5\360p\Traffic2\Traffic2-Mask.mp4,0.8329,0.042,0.8855,0.8253,0.0029,0.8164,25
360p,Traffic2,K2,A0.1_,T0.9,M3,Data-Processing\Raw-Data\Param-Sweep\360p\Traffic2\K2\A0.1_\T0.9\M3\Traffic2-Mask.mp4,Data-Processing\Raw-Data\OpenCV\M3\360p\Traffic2\Traffic2-Mask.mp4,Data-Processing\Raw-Data\Otsu\M3\360p\Traffic2\Traffic2-Mask.mp4,0.8074,0.0473,0.8583,0.6951,0.0049,0.6827,25
360p,Traffic2,K2,A0.1_,T0.9,M4,Data-Processing\Raw-Data\Param-Sweep\360p\Traffic2\K2\A0.1_\T0.9\M4\Traffic2-Mask.mp4,Data-Processing\Raw-Data\OpenCV\M4\360p\Traffic2\Traffic2-Mask.mp4,Data-Processing\Raw-Data\Otsu\M4\360p\Traffic2\Traffic2-Mask.mp4,0.8375,0.0455,0.8901,0.8044,0.0021,0.7874,25
360p,Traffic2,K2,A0.1_,T0.9,M5,Data-Processing\Raw-Data\Param-Sweep\360p\Traffic2\K2\A0.1_\T0.9\M5\Traffic2-Mask.mp4,Data-Processing\Raw-Data\OpenCV\M5\360p\Traffic2\Traffic2-Mask.mp4,Data-Processing\Raw-Data\Otsu\M5\360p\Traffic2\Traffic2-Mask.mp4,0.8506,0.0437,0.8996,0.8553,0.0014,0.8456,25
360p,Traffic2,K3,A0.001_,T0.5,M3,Data-Processing\Raw-Data\Param-Sweep\360p\Traffic2\K3\A0.001_\T0.5\M3\Traffic2-Mask.mp4,Data-Processing\Raw-Data\OpenCV\M3\360p\Traffic2\Traffic2-Mask.mp4,Data-Processing\Raw-Data\Otsu\M3\360p\Traffic2\Traffic2-Mask.mp4,0.3342,0.0433,0.304,0.327,0.0449,0.3024,25
360p,Traffic2,K3,A0.001_,T0.5,M4,Data-Processing\Raw-Data\Param-Sweep\360p\Traffic2\K3\A0.001_\T0.5\M4\Traffic2-Mask.mp4,Data-Processing\Raw-Data\OpenCV\M4\360p\Traffic2\Traffic2-Mask.mp4,Data-Processing\Raw-Data\Otsu\M4\360p\Traffic2\Traffic2-Mask.mp4,0.4823,0.0417,0.4787,0.4741,0.0416,0.4633,25
360p,Traffic2,K3,A0.001_,T0.5,M5,Data-Processing\Raw-Data\Param-Sweep\360p\Traffic2\K3\A0.001_\T0.5\M5\Traffic2-Mask.mp4,Data-Processing\Raw-Data\OpenCV\M5\360p\Traffic2\Traffic2-Mask.mp4,Data-Processing\Raw-Data\Otsu\M5\360p\Traffic2\Traffic2-Mask.mp4,0.4841,0.0422,0.4792,0.486,0.0451,0.4646,25
360p,Traffic2,K3,A0.001_,T0.7,M3,Data-Processing\Raw-Data\Param-Sweep\360p\Traffic2\K3\A0.001_\T0.7\M3\Traffic2-Mask.mp4,Data-Processing\Raw-Data\OpenCV\M3\360p\Traffic2\Traffic2-Mask.mp4,Data-Processing\Raw-Data\Otsu\M3\360p\Traffic2\Traffic2-Mask.mp4,0.4747,0.0812,0.4262,0.4226,0.057,0.4242,25
360p,Traffic2,K3,A0.001_,T0.7,M4,Data-Processing\Raw-Data\Param-Sweep\360p\Traffic2\K3\A0.001_\T0.7\M4\Traffic2-Mask.mp4,Data-Processing\Raw-Data\OpenCV\M4\360p\Traffic2\Traffic2-Mask.mp4,Data-Processing\Raw-Data\Otsu\M4\360p\Traffic2\Traffic2-Mask.mp4,0.601,0.0644,0.5889,0.5657,0.0481,0.6016,25
360p,Traffic2,K3,A0.001_,T0.7,M5,Data-Processing\Raw-Data\Param-Sweep\360p\Traffic2\K3\A0.001_\T0.7\M5\Traffic2-Mask.mp4,Data-Processing\Raw-Data\OpenCV\M5\360p\Traffic2\Traffic2-Mask.mp4,Data-Processing\Raw-Data\Otsu\M5\360p\Traffic2\Traffic2-Mask.mp4,0.6047,0.0651,0.5879,0.5898,0.0548,0.6296,25
360p,Traffic2,K3,A0.001_,T0.9,M3,Data-Processing\Raw-Data\Param-Sweep\360p\Traffic2\K3\A0.001_\T0.9\M3\Traffic2-Mask.mp4,Data-Processing\Raw-Data\OpenCV\M3\360p\Traffic2\Traffic2-Mask.mp4,Data-Processing\Raw-Data\Otsu\M3\360p\Traffic2\Traffic2-Mask.mp4,0.648,0.0907,0.7928,0.538,0.0537,0.6355,25
360p,Traffic2,K3,A0.001_,T0.9,M4,Data-Processing\Raw-Data\Param-Sweep\360p\Traffic2\K3\A0.001_\T0.9\M4\Traffic2-Mask.mp4,Data-Processing\Raw-Data\OpenCV\M4\360p\Traffic2\Traffic2-Mask.mp4,Data-Processing\Raw-Data\Otsu\M4\360p\Traffic2\Traffic2-Mask.mp4,0.7345,0.0607,0.8435,0.6716,0.038,0.7493,25
360p,Traffic2,K3,A0.001_,T0.9,M5,Data-Processing\Raw-Data\Param-Sweep\360p\Traffic2\K3\A0.001_\T0.9\M5\Traffic2-Mask.mp4,Data-Processing\Raw-Data\OpenCV\M5\360p\Traffic2\Traffic2-Mask.mp4,Data-Processing\Raw-Data\Otsu\M5\360p\Traffic2\Traffic2-Mask.mp4,0.7416,0.0615,0.8524,0.7067,0.044,0.7922,25
360p,Traffic2,K3,A0.01_,T0.5,M3,Data-Processing\Raw-Data\Param-Sweep\360p\Traffic2\K3\A0.01_\T0.5\M3\Traffic2-Mask.mp4,Data-Processing\Raw-Data\OpenCV\M3\360p\Traffic2\Traffic2-Mask.mp4,Data-Processing\Raw-Data\Otsu\M3\360p\Traffic2\Traffic2-Mask.mp4,0.7522,0.0643,0.8736,0.6061,0.0368,0.6702,25
360p,Traffic2,K3,A0.01_,T0.5,M4,Data-Processing\Raw-Data\Param-Sweep\360p\Traffic2\K3\A0.01_\T0.5\M4\Traffic2-Mask.mp4,Data-Processing\Raw-Data\OpenCV\M4\360p\Traffic2\Traffic2-Mask.mp4,Data-Processing\Raw-Data\Otsu\M4\360p\Traffic2\Traffic2-Mask.mp4,0.803,0.0509,0.8897,0.722,0.031,0.7678,25
360p,Traffic2,K3,A0.01_,T0.5,M5,Data-Processing\Raw-Data\Param-Sweep\360p\Traffic2\K3\A0.01_\T0.5\M5\Traffic2-Mask.mp4,Data-Processing\Raw-Data\OpenCV\M5\360p\Traffic2\Traffic2-Mask.mp4,Data-Processing\Raw-Data\Otsu\M5\360p\Traffic2\Traffic2-Mask.mp4,0.8118,0.0517,0.9033,0.7625,0.0351,0.8125,25
360p,Traffic2,K3,A0.01_,T0.7,M3,Data-Processing\Raw-Data\Param-Sweep\360p\Traffic2\K3\A0.01_\T0.7\M3\Traffic2-Mask.mp4,Data-Processing\Raw-Data\OpenCV\M3\360p\Traffic2\Traffic2-Mask.mp4,Data-Processing\Raw-Data\Otsu\M3\360p\Traffic2\Traffic2-Mask.mp4,0.7937,0.0565,0.888,0.632,0.0316,0.6801,25
360p,Traffic2,K3,A0.01_,T0.7,M4,Data-Processing\Raw-Data\Param-Sweep\360p\Traffic2\K3\A0.01_\T0.7\M4\Traffic2-Mask.mp4,Data-Processing\Raw-Data\OpenCV\M4\360p\Traffic2\Traffic2-Mask.mp4,Data-Processing\Raw-Data\Otsu\M4\360p\Traffic2\Traffic2-Mask.mp4,0.831,0.045,0.9082,0.7431,0.026,0.7772,25
360p,Traffic2,K3,A0.01_,T0.7,M5,Data-Processing\Raw-Data\Param-Sweep\360p\Traffic2\K3\A0.01_\T0.7\M5\Traffic2-Mask.mp4,Data-Processing\Raw-Data\OpenCV\M5\360p\Traffic2\Traffic2-Mask.mp4,Data-Processing\Raw-Data\Otsu\M5\360p\Traffic2\Traffic2-Mask.mp4,0.8426,0.0455,0.9239,0.7859,0.029,0.8178,25
360p,Traffic2,K3,A0.01_,T0.9,M3,Data-Processing\Raw-Data\Param-Sweep\360p\Traffic2\K3\A0.01_\T0.9\M3\Traffic2-Mask.mp4,Data-Processing\Raw-Data\OpenCV\M3\360p\Traffic2\Traffic2-Mask.mp4,Data-Processing\Raw-Data\Otsu\M3\360p\Traffic2\Traffic2-Mask.mp4,0.8542,0.0418,0.9225,0.68,0.02,0.6959,25
360p,Traffic2,K3,A0.01_,T0.9,M4,Data-Processing\Raw-Data\Param-Sweep\360p\Traffic2\K3\A0.01_\T0.9\M4\Traffic2-Mask.mp4,Data-Processing\Raw-Data\OpenCV\M4\360p\Traffic2\Traffic2-Mask.mp4,Data-Processing\Raw-Data\Otsu\M4\360p\Traffic2\Traffic2-Mask.mp4,0.8626,0.0389,0.9167,0.7754,0.0157,0.7904,25
360p,Traffic2,K3,A0.01_,T0.9,M5,Data-Processing\Raw-Data\Param-Sweep\360p\Traffic2\K3\A0.01_\T0.9\M5\Traffic2-Mask.mp4,Data-Processing\Raw-Data\OpenCV\M5\360p\Traffic2\Traffic2-Mask.mp4,Data-Processing\Raw-Data\Otsu\M5\360p\Traffic2\Traffic2-Mask.mp4,0.8788,0.0395,0.9374,0.822,0.0172,0.8343,25
360p,Traffic2,K3,A0.1_,T0.5,M3,Data-Processing\Raw-Data\Param-Sweep\360p\Traffic2\K3\A0.1_\T0.5\M3\Traffic2-Mask.mp4,Data-Processing\Raw-Data\OpenCV\M3\360p\Traffic2\Traffic2-Mask.mp4,Data-Processing\Raw-Data\Otsu\M3\360p\Traffic2\Traffic2-Mask.mp4,0.7539,0.0436,0.8069,0.6466,0.0082,0.6393,25
360p,Traffic2,K3,A0.1_,T0.5,M4,Data-Processing\Raw-Data\Param-Sweep\360p\Traffic2\K3\A0.1_\T0.5\M4\Traffic2-Mask.mp4,Data-Processing\Raw-Data\OpenCV\M4\360p\Traffic2\Traffic2-Mask.mp4,Data-Processing\Raw-Data\Otsu\M4\360p\Traffic2\Traffic2-Mask.mp4,0.8137,0.0435,0.8702,0.7736,0.0035,0.7671,25
360p,Traffic2,K3,A0.1_,T0.5,M5,Data-Processing\Raw-Data\Param-Sweep\360p\Traffic2\K3\A0.1_\T0.5\M5\Traffic2-Mask.mp4,Data-Processing\Raw-Data\OpenCV\M5\360p\Traffic2\Traffic2-Mask.mp4,Data-Processing\Raw-Data\Otsu\M5\360p\Traffic2\Traffic2-Mask.mp4,0.8238,0.0416,0.8817,0.8205,0.003,0.8139,25
360p,Traffic2,K3,A0.1_,T0.7,M3,Data-Processing\Raw-Data\Param-Sweep\360p\Traffic2\K3\A0.1_\T0.7\M3\Traffic2-Mask.mp4,Data-Processing\Raw-Data\OpenCV\M3\360p\Traffic2\Traffic2-Mask.mp4,Data-Processing\Raw-Data\Otsu\M3\360p\Traffic2\Traffic2-Mask.mp4,0.7725,0.0452,0.8403,0.665,0.0076,0.6603,25
360p,Traffic2,K3,A0.1_,T0.7,M4,Data-Processing\Raw-Data\Param-Sweep\360p\Traffic2\K3\A0.1_\T0.7\M4\Traffic2-Mask.mp4,Data-Processing\Raw-Data\OpenCV\M4\360p\Traffic2\Traffic2-Mask.mp4,Data-Processing\Raw-Data\Otsu\M4\360p\Traffic2\Traffic2-Mask.mp4,0.8214,0.0443,0.8775,0.7866,0.0032,0.782,25
360p,Traffic2,K3,A0.1_,T0.7,M5,Data-Processing\Raw-Data\Param-Sweep\360p\Traffic2\K3\A0.1_\T0.7\M5\Traffic2-Mask.mp4,Data-Processing\Raw-Data\OpenCV\M5\360p\Traffic2\Traffic2-Mask.mp4,Data-Processing\Raw-Data\Otsu\M5\360p\Traffic2\Traffic2-Mask.mp4,0.8334,0.0425,0.8947,0.8359,0.0026,0.8307,25
360p,Traffic2,K3,A0.1_,T0.9,M3,Data-Processing\Raw-Data\Param-Sweep\360p\Traffic2\K3\A0.1_\T0.9\M3\Traffic2-Mask.mp4,Data-Processing\Raw-Data\OpenCV\M3\360p\Traffic2\Traffic2-Mask.mp4,Data-Processing\Raw-Data\Otsu\M3\360p\Traffic2\Traffic2-Mask.mp4,0.8127,0.0477,0.865,0.702,0.0044,0.6893,25
360p,Traffic2,K3,A0.1_,T0.9,M4,Data-Processing\Raw-Data\Param-Sweep\360p\Traffic2\K3\A0.1_\T0.9\M4\Traffic2-Mask.mp4,Data-Processing\Raw-Data\OpenCV\M4\360p\Traffic2\Traffic2-Mask.mp4,Data-Processing\Raw-Data\Otsu\M4\360p\Traffic2\Traffic2-Mask.mp4,0.8392,0.0456,0.8933,0.8087,0.0019,0.7992,25
360p,Traffic2,K3,A0.1_,T0.9,M5,Data-Processing\Raw-Data\Param-Sweep\360p\Traffic2\K3\A0.1_\T0.9\M5\Traffic2-Mask.mp4,Data-Processing\Raw-Data\OpenCV\M5\360p\Traffic2\Traffic2-Mask.mp4,Data-Processing\Raw-Data\Otsu\M5\360p\Traffic2\Traffic2-Mask.mp4,0.8531,0.0439,0.9032,0.8608,0.0013,0.8493,25
360p,Traffic2,K4,A0.001_,T0.5,M3,Data-Processing\Raw-Data\Param-Sweep\360p\Traffic2\K4\A0.001_\T0.5\M3\Traffic2-Mask.mp4,Data-Processing\Raw-Data\OpenCV\M3\360p\Traffic2\Traffic2-Mask.mp4,Data-Processing\Raw-Data\Otsu\M3\360p\Traffic2\Traffic2-Mask.mp4,0.3748,0.0505,0.3078,0.3533,0.0451,0.3121,25
360p,Traffic2,K4,A0.001_,T0.5,M4,Data-Processing\Raw-Data\Param-Sweep\360p\Traffic2\K4\A0.001_\T0.5\M4\Traffic2-Mask.mp4,Data-Processing\Raw-Data\OpenCV\M4\360p\Traffic2\Traffic2-Mask.mp4,Data-Processing\Raw-Data\Otsu\M4\360p\Traffic2\Traffic2-Mask.mp4,0.5107,0.042,0.4876,0.4977,0.0393,0.475,25
360p,Traffic2,K4,A0.001_,T0.5,M5,Data-Processing\Raw-Data\Param-Sweep\360p\Traffic2\K4\A0.001_\T0.5\M5\Traffic2-Mask.mp4,Data-Processing\Raw-Data\OpenCV\M5\360p\Traffic2\Traffic2-Mask.mp4,Data-Processing\Raw-Data\Otsu\M5\360p\Traffic2\Traffic2-Mask.mp4,0.5132,0.0426,0.4896,0.512,0.0431,0.4877,25
360p,Traffic2,K4,A0.001_,T0.7,M3,Data-Processing\Raw-Data\Param-Sweep\360p\Traffic2\K4\A0.001_\T0.7\M3\Traffic2-Mask.mp4,Data-Processing\Raw-Data\OpenCV\M3\360p\Traffic2\Traffic2-Mask.mp4,Data-Processing\Raw-Data\Otsu\M3\360p\Traffic2\Traffic2-Mask.mp4,0.534,0.0944,0.6525,0.462,0.0603,0.5696,25
360p,Traffic2,K4,A0.001_,T0.7,M4,Data-Processing\Raw-Data\Param-Sweep\360p\Traffic2\K4\A0.001_\T0.7\M4\Traffic2-Mask.mp4,Data-Processing\Raw-Data\OpenCV\M4\360p\Traffic2\Traffic2-Mask.mp4,Data-Processing\Raw-Data\Otsu\M4\360p\Traffic2\Traffic2-Mask.mp4,0.6338,0.0682,0.7602,0.5934,0.0482,0.6921,25
360p,Traffic2,K4,A0.001_,T0.7,M5,Data-Processing\Raw-Data\Param-Sweep\360p\Traffic2\K4\A0.001_\T0.7\M5\Traffic2-Mask.mp4,Data-Processing\Raw-Data\OpenCV\M5\360p\Traffic2\Traffic2-Mask.mp4,Data-Processing\Raw-Data\Otsu\M5\360p\Traffic2\Traffic2-Mask.mp4,0.6387,0.0691,0.7592,0.6198,0.0553,0.7263,25
360p,Traffic2,K4,A0.001_,T0.9,M3,Data-Processing\Raw-Data\Param-Sweep\360p\Traffic2\K4\A0.001_\T0.9\M3\Traffic2-Mask.mp4,Data-Processing\Raw-Data\OpenCV\M3\360p\Traffic2\Traffic2-Mask.mp4,Data-Processing\Raw-Data\Otsu\M3\360p\Traffic2\Traffic2-Mask.mp4,0.7199,0.0765,0.8562,0.5877,0.0428,0.6607,25
360p,Traffic2,K4,A0.001_,T0.9,M4,Data-Processing\Raw-Data\Param-Sweep\360p\Traffic2\K4\A0.001_\T0.9\M4\Traffic2-Mask.mp4,Data-Processing\Raw-Data\OpenCV\M4\360p\Traffic2\Traffic2-Mask.mp4,Data-Processing\Raw-Data\Otsu\M4\360p\Traffic2\Traffic2-Mask.mp4,0.7846,0.0483,0.8774,0.7117,0.0268,0.7663,25
360p,Traffic2,K4,A0.001_,T0.9,M5,Data-Processing\Raw-Data\Param-Sweep\360p\Traffic2\K4\A0.001_\T0.9\M5\Traffic2-Mask.mp4,Data-Processing\Raw-Data\OpenCV\M5\360p\Traffic2\Traffic2-Mask.mp4,Data-Processing\Raw-Data\Otsu\M5\360p\Traffic2\Traffic2-Mask.mp4,0.7945,0.0487,0.8883,0.7507,0.0307,0.8107,25
360p,Traffic2,K4,A0.01_,T0.5,M3,Data-Processing\Raw-Data\Param-Sweep\360p\Traffic2\K4\A0.01_\T0.5\M3\Traffic2-Mask.mp4,Data-Processing\Raw-Data\OpenCV\M3\360p\Traffic2\Traffic2-Mask.mp4,Data-Processing\Raw-Data\Otsu\M3\360p\Traffic2\Traffic2-Mask.mp4,0.7743,0.0626,0.873,0.6197,0.0352,0.6716,25
360p,Traffic2,K4,A0.01_,T0.5,M4,Data-Processing\Raw-Data\Param-Sweep\360p\Traffic2\K4\A0.01_\T0.5\M4\Traffic2-Mask.mp4,Data-Processing\Raw-Data\OpenCV\M4\360p\Traffic2\Traffic2-Mask.mp4,Data-Processing\Raw-Data\Otsu\M4\360p\Traffic2\Traffic2-Mask.mp4,0.8142,0.0502,0.905,0.7304,0.0297,0.7735,25
360p,Traffic2,K4,A0.01_,T0.5,M5,Data-Processing\Raw-Data\Param-Sweep\360p\Traffic2\K4\A0.01_\T0.5\M5\Traffic2-Mask.mp4,Data-Processing\Raw-Data\OpenCV\M5\360p\Traffic2\Traffic2-Mask.mp4,Data-Processing\Raw-Data\Otsu\M5\360p\Traffic2\Traffic2-Mask.mp4,0.8246,0.051,0.9168,0.7717,0.0337,0.8173,25
360p,Traffic2,K4,A0.01_,T0.7,M3,Data-Processing\Raw-Data\Param-Sweep\360p\Traffic2\K4\A0.01_\T0.7\M3\Traffic2-Mask.mp4,Data-Processing\Raw-Data\OpenCV\M3\360p\Traffic2\Traffic2-Mask.mp4,Data-Processing\Raw-Data\Otsu\M3\360p\Traffic2\Traffic2-Mask.mp4,0.8132,0.0533,0.9,0.6449,0.0289,0.6826,25
360p,Traffic2,K4,A0.01_,T0.7,M4,Data-Processing\Raw-Data\Param-Sweep\360p\Traffic2\K4\A0.01_\T0.7\M4\Traffic2-Mask.mp4,Data-Processing\Raw-Data\OpenCV\M4\360p\Traffic2\Traffic2-Mask.mp4,Data-Processing\Raw-Data\Otsu\M4\360p\Traffic2\Traffic2-Mask.mp4,0.8425,0.0439,0.9107,0.7522,0.0241,0.7835,25
360p,Traffic2,K4,A0.01_,T0.7,M5,Data-Processing\Raw-Data\Param-Sweep\360p\Traffic2\K4\A0.01_\T0.7\M5\Traffic2-Mask.mp4,Data-Processing\Raw-Data\OpenCV\M5\360p\Traffic2\Traffic2-Mask.mp4,Data-Processing\Raw-Data\Otsu\M5\360p\Traffic2\Traffic2-Mask.mp4,0.8563,0.0443,0.9274,0.7966,0.0268,0.8366,25
360p,Traffic2,K4,A0.01_,T0.9,M3,Data-Processing\Raw-Data\Param-Sweep\360p\Traffic2\K4\A0.01_\T0.9\M3\Traffic2-Mask.mp4,Data-Processing\Raw-Data\OpenCV\M3\360p\Traffic2\Traffic2-Mask.mp4,Data-Processing\Raw-Data\Otsu\M3\360p\Traffic2\Traffic2-Mask.mp4,0.8594,0.0429,0.9187,0.6872,0.0182,0.6992,25
360p,Traffic2,K4,A0.01_,T0.9,M4,Data-Processing\Raw-Data\Param-Sweep\360p\Traffic2\K4\A0.01_\T0.9\M4\Traffic2-Mask.mp4,Data-Processing\Raw-Data\OpenCV\M4\360p\Traffic2\Traffic2-Mask.mp4,Data-Processing\Raw-Data\Otsu\M4\360p\Traffic2\Traffic2-Mask.mp4,0.8621,0.0403,0.9148,0.7832,0.0119,0.7948,25
360p,Traffic2,K4,A0.01_,T0.9,M5,Data-Processing\Raw-Data\Param-Sweep\360p\Traffic2\K4\A0.01_\T0.9\M5\Traffic2-Mask.mp4,Data-Processing\Raw-Data\OpenCV\M5\360p\Traffic2\Traffic2-Mask.mp4,Data-Processing\Raw-Data\Otsu\M5\360p\Traffic2\Traffic2-Mask.mp4,0.8803,0.0402,0.9378,0.8316,0.0128,0.8405,25
360p,Traffic2,K4,A0.1_,T0.5,M3,Data-Processing\Raw-Data\Param-Sweep\360p\Traffic2\K4\A0.1_\T0.5\M3\Traffic2-Mask.mp4,Data-Processing\Raw-Data\OpenCV\M3\360p\Traffic2\Traffic2-Mask.mp4,Data-Processing\Raw-Data\Otsu\M3\360p\Traffic2\Traffic2-Mask.mp4,0.752,0.0435,0.8048,0.649,0.0082,0.6411,25
360p,Traffic2,K4,A0.1_,T0.5,M4,Data-Processing\Raw-Data\Param-Sweep\360p\Traffic2\K4\A0.1_\T0.5\M4\Traffic2-Mask.mp4,Data-Processing\Raw-Data\OpenCV\M4\360p\Traffic2\Traffic2-Mask.mp4,Data-Processing\Raw-Data\Otsu\M4\360p\Traffic2\Traffic2-Mask.mp4,0.8128,0.0435,0.8698,0.7775,0.0034,0.7714,25
360p,Traffic2,K4,A0.1_,T0.5,M5,Data-Processing\Raw-Data\Param-Sweep\360p\Traffic2\K4\A0.1_\T0.5\M5\Traffic2-Mask.mp4,Data-Processing\Raw-Data\OpenCV\M5\360p\Traffic2\Traffic2-Mask.mp4,Data-Processing\Raw-Data\Otsu\M5\360p\Traffic2\Traffic2-Mask.mp4,0.8236,0.0416,0.883,0.8257,0.0028,0.8199,25
360p,Traffic2,K4,A0.1_,T0.7,M3,Data-Processing\Raw-Data\Param-Sweep\360p\Traffic2\K4\A0.1_\T0.7\M3\Traffic2-Mask.mp4,Data-Processing\Raw-Data\OpenCV\M3\360p\Traffic2\Traffic2-Mask.mp4,Data-Processing\Raw-Data\Otsu\M3\360p\Traffic2\Traffic2-Mask.mp4,0.7719,0.0452,0.8388,0.6697,0.0074,0.6666,25
360p,Traffic2,K4,A0.1_,T0.7,M4,Data-Processing\Raw-Data\Param-Sweep\360p\Traffic2\K4\A0.1_\T0.7\M4\Traffic2-Mask.mp4,Data-Processing\Raw-Data\OpenCV\M4\360p\Traffic2\Traffic2-Mask.mp4,Data-Processing\Raw-Data\Otsu\M4\360p\Traffic2\Traffic2-Mask.mp4,0.8211,0.0442,0.8744,0.7915,0.003,0.7861,25
360p,Traffic2,K4,A0.1_,T0.7,M5,Data-Processing\Raw-Data\Param-Sweep\360p\Traffic2\K4\A0.1_\T0.7\M5\Traffic2-Mask.mp4,Data-Processing\Raw-Data\OpenCV\M5\360p\Traffic2\Traffic2-Mask.mp4,Data-Processing\Raw-Data\Otsu\M5\360p\Traffic2\Traffic2-Mask.mp4,0.8338,0.0425,0.8948,0.8421,0.0024,0.8367,25
360p,Traffic2,K4,A0.1_,T0.9,M3,Data-Processing\Raw-Data\Param-Sweep\360p\Traffic2\K4\A0.1_\T0.9\M3\Traffic2-Mask.mp4,Data-Processing\Raw-Data\OpenCV\M3\360p\Traffic2\Traffic2-Mask.mp4,Data-Processing\Raw-Data\Otsu\M3\360p\Traffic2\Traffic2-Mask.mp4,0.8155,0.0478,0.8689,0.7066,0.0041,0.6939,25
360p,Traffic2,K4,A0.1_,T0.9,M4,Data-Processing\Raw-Data\Param-Sweep\360p\Traffic2\K4\A0.1_\T0.9\M4\Traffic2-Mask.mp4,Data-Processing\Raw-Data\OpenCV\M4\360p\Traffic2\Traffic2-Mask.mp4,Data-Processing\Raw-Data\Otsu\M4\360p\Traffic2\Traffic2-Mask.mp4,0.8396,0.0457,0.8967,0.811,0.0019,0.801,25
360p,Traffic2,K4,A0.1_,T0.9,M5,Data-Processing\Raw-Data\Param-Sweep\360p\Traffic2\K4\A0.1_\T0.9\M5\Traffic2-Mask.mp4,Data-Processing\Raw-Data\OpenCV\M5\360p\Traffic2\Traffic2-Mask.mp4,Data-Processing\Raw-Data\Otsu\M5\360p\Traffic2\Traffic2-Mask.mp4,0.8538,0.0439,0.908,0.8636,0.0012,0.8529,25
480p,Traffic2,K2,A0.001_,T0.5,M3,Data-Processing\Raw-Data\Param-Sweep\480p\Traffic2\K2\A0.001_\T0.5\M3\Traffic2-Mask.mp4,Data-Processing\Raw-Data\OpenCV\M3\480p\Traffic2\Traffic2-Mask.mp4,Data-Processing\Raw-Data\Otsu\M3\480p\Traffic2\Traffic2-Mask.mp4,0.2259,0.0147,0.2909,0.262,0.0375,0.3088,25
480p,Traffic2,K2,A0.001_,T0.5,M4,Data-Processing\Raw-Data\Param-Sweep\480p\Traffic2\K2\A0.001_\T0.5\M4\Traffic2-Mask.mp4,Data-Processing\Raw-Data\OpenCV\M4\480p\Traffic2\Traffic2-Mask.mp4,Data-Processing\Raw-Data\Otsu\M4\480p\Traffic2\Traffic2-Mask.mp4,0.364,0.0252,0.4489,0.3887,0.0388,0.451,25
480p,Traffic2,K2,A0.001_,T0.5,M5,Data-Processing\Raw-Data\Param-Sweep\480p\Traffic2\K2\A0.001_\T0.5\M5\Traffic2-Mask.mp4,Data-Processing\Raw-Data\OpenCV\M5\480p\Traffic2\Traffic2-Mask.mp4,Data-Processing\Raw-Data\Otsu\M5\480p\Traffic2\Traffic2-Mask.mp4,0.3647,0.0257,0.4503,0.3893,0.0394,0.4529,25
480p,Traffic2,K2,A0.001_,T0.7,M3,Data-Processing\Raw-Data\Param-Sweep\480p\Traffic2\K2\A0.001_\T0.7\M3\Traffic2-Mask.mp4,Data-Processing\Raw-Data\OpenCV\M3\480p\Traffic2\Traffic2-Mask.mp4,Data-Processing\Raw-Data\Otsu\M3\480p\Traffic2\Traffic2-Mask.mp4,0.243,0.019,0.2909,0.2755,0.0399,0.3088,25
480p,Traffic2,K2,A0.001_,T0.7,M4,Data-Processing\Raw-Data\Param-Sweep\480p\Traffic2\K2\A0.001_\T0.7\M4\Traffic2-Mask.mp4,Data-Processing\Raw-Data\OpenCV\M4\480p\Traffic2\Traffic2-Mask.mp4,Data-Processing\Raw-Data\Otsu\M4\480p\Traffic2\Traffic2-Mask.mp4,0.395,0.036,0.4498,0.412,0.0445,0.4523,25
480p,Traffic2,K2,A0.001_,T0.7,M5,Data-Processing\Raw-Data\Param-Sweep\480p\Traffic2\K2\A0.001_\T0.7\M5\Traffic2-Mask.mp4,Data-Processing\Raw-Data\OpenCV\M5\480p\Traffic2\Traffic2-Mask.mp4,Data-Processing\Raw-Data\Otsu\M5\480p\Traffic2\Traffic2-Mask.mp4,0.3958,0.0365,0.4503,0.4142,0.0459,0.4548,25
480p,Traffic2,K2,A0.001_,T0.9,M3,Data-Processing\Raw-Data\Param-Sweep\480p\Traffic2\K2\A0.001_\T0.9\M3\Traffic2-Mask.mp4,Data-Processing\Raw-Data\OpenCV\M3\480p\Traffic2\Traffic2-Mask.mp4,Data-Processing\Raw-Data\Otsu\M3\480p\Traffic2\Traffic2-Mask.mp4,0.4029,0.0519,0.4272,0.3809,0.0481,0.4176,25
480p,Traffic2,K2,A0.001_,T0.9,M4,Data-Processing\Raw-Data\Param-Sweep\480p\Traffic2\K2\A0.001_\T0.9\M4\Traffic2-Mask.mp4,Data-Processing\Raw-Data\OpenCV\M4\480p\Traffic2\Traffic2-Mask.mp4,Data-Processing\Raw-Data\Otsu\M4\480p\Traffic2\Traffic2-Mask.mp4,0.5604,0.0665,0.6519,0.5305,0.0537,0.5792,25
480p,Traffic2,K2,A0.001_,T0.9,M5,Data-Processing\Raw-Data\Param-Sweep\480p\Traffic2\K2\A0.001_\T0.9\M5\Traffic2-Mask.mp4,Data-Processing\Raw-Data\OpenCV\M5\480p\Traffic2\Traffic2-Mask.mp4,Data-Processing\Raw-Data\Otsu\M5\480p\Traffic2\Traffic2-Mask.mp4,0.5615,0.0673,0.653,0.5477,0.0593,0.6021,25
480p,Traffic2,K2,A0.01_,T0.5,M3,Data-Processing\Raw-Data\Param-Sweep\480p\Traffic2\K2\A0.01_\T0.5\M3\Traffic2-Mask.mp4,Data-Processing\Raw-Data\OpenCV\M3\480p\Traffic2\Traffic2-Mask.mp4,Data-Processing\Raw-Data\Otsu\M3\480p\Traffic2\Traffic2-Mask.mp4,0.7035,0.0634,0.8395,0.5668,0.0366,0.6304,25
480p,Traffic2,K2,A0.01_,T0.5,M4,Data-Processing\Raw-Data\Param-Sweep\480p\Traffic2\K2\A0.01_\T0.5\M4\Traffic2-Mask.mp4,Data-Processing\Raw-Data\OpenCV\M4\480p\Traffic2\Traffic2-Mask.mp4,Data-Processing\Raw-Data\Otsu\M4\480p\Traffic2\Traffic2-Mask.mp4,0.7736,0.0486,0.8669,0.6928,0.029,0.7547,25
480p,Traffic2,K2,A0.01_,T0.5,M5,Data-Processing\Raw-Data\Param-Sweep\480p\Traffic2\K2\A0.01_\T0.5\M5\Traffic2-Mask.mp4,Data-Processing\Raw-Data\OpenCV\M5\480p\Traffic2\Traffic2-Mask.mp4,Data-Processing\Raw-Data\Otsu\M5\480p\Traffic2\Traffic2-Mask.mp4,0.7786,0.0493,0.8762,0.7275,0.0324,0.7937,25
480p,Traffic2,K2,A0.01_,T0.7,M3,Data-Processing\Raw-Data\Param-Sweep\480p\Traffic2\K2\A0.01_\T0.7\M3\Traffic2-Mask.mp4,Data-Processing\Raw-Data\OpenCV\M3\480p\Traffic2\Traffic2-Mask.mp4,Data-Processing\Raw-Data\Otsu\M3\480p\Traffic2\Traffic2-Mask.mp4,0.7356,0.0594,0.8579,0.5884,0.0346,0.6569,25
480p,Traffic2,K2,A0.01_,T0.7,M4,Data-Processing\Raw-Data\Param-Sweep\480p\Traffic2\K2\A0.01_\T0.7\M4\Traffic2-Mask.mp4,Data-Processing\Raw-Data\OpenCV\M4\480p\Traffic2\Traffic2-Mask.mp4,Data-Processing\Raw-Data\Otsu\M4\480p\Traffic2\Traffic2-Mask.mp4,0.7974,0.0461,0.8709,0.7094,0.0269,0.7641,25
480p,Traffic2,K2,A0.01_,T0.7,M5,Data-Processing\Raw-Data\Param-Sweep\480p\Traffic2\K2\A0.01_\T0.7\M5\Traffic2-Mask.mp4,Data-Processing\Raw-Data\OpenCV\M5\480p\Traffic2\Traffic2-Mask.mp4,Data-Processing\Raw-Data\Otsu\M5\480p\Traffic2\Traffic2-Mask.mp4,0.8026,0.0467,0.8803,0.746,0.0296,0.7941,25
480p,Traffic2,K2,A0.01_,T0.9,M3,Data-Processing\Raw-Data\Param-Sweep\480p\Traffic2\K2\A0.01_\T0.9\M3\Traffic2-Mask.mp4,Data-Processing\Raw-Data\OpenCV\M3\480p\Traffic2\Traffic2-Mask.mp4,Data-Processing\Raw-Data\Otsu\M3\480p\Traffic2\Traffic2-Mask.mp4,0.8251,0.0417,0.8926,0.6515,0.0211,0.6735,25
480p,Traffic2,K2,A0.01_,T0.9,M4,Data-Processing\Raw-Data\Param-Sweep\480p\Traffic2\K2\A0.01_\T0.9\M4\Traffic2-Mask.mp4,Data-Processing\Raw-Data\OpenCV\M4\480p\Traffic2\Traffic2-Mask.mp4,Data-Processing\Raw-Data\Otsu\M4\480p\Traffic2\Traffic2-Mask.mp4,0.8542,0.0375,0.9074,0.755,0.0168,0.774,25
480p,Traffic2,K2,A0.01_,T0.9,M5,Data-Processing\Raw-Data\Param-Sweep\480p\Traffic2\K2\A0.01_\T0.9\M5\Traffic2-Mask.mp4,Data-Processing\Raw-Data\OpenCV\M5\480p\Traffic2\Traffic2-Mask.mp4,Data-Processing\Raw-Data\Otsu\M5\480p\Traffic2\Traffic2-Mask.mp4,0.8609,0.0379,0.917,0.7949,0.018,0.8083,25
480p,Traffic2,K2,A0.1_,T0.5,M3,Data-Processing\Raw-Data\Param-Sweep\480p\Traffic2\K2\A0.1_\T0.5\M3\Traffic2-Mask.mp4,Data-Processing\Raw-Data\OpenCV\M3\480p\Traffic2\Traffic2-Mask.mp4,Data-Processing\Raw-Data\Otsu\M3\480p\Traffic2\Traffic2-Mask.mp4,0.7592,0.0432,0.831,0.6334,0.0093,0.6263,25
480p,Traffic2,K2,A0.1_,T0.5,M4,Data-Processing\Raw-Data\Param-Sweep\480p\Traffic2\K2\A0.1_\T0.5\M4\Traffic2-Mask.mp4,Data-Processing\Raw-Data\OpenCV\M4\480p\Traffic2\Traffic2-Mask.mp4,Data-Processing\Raw-Data\Otsu\M4\480p\Traffic2\Traffic2-Mask.mp4,0.8161,0.0423,0.8736,0.7572,0.0044,0.7495,25
480p,Traffic2,K2,A0.1_,T0.5,M5,Data-Processing\Raw-Data\Param-Sweep\480p\Traffic2\K2\A0.1_\T0.5\M5\Traffic2-Mask.mp4,Data-Processing\Raw-Data\OpenCV\M5\480p\Traffic2\Traffic2-Mask.mp4,Data-Processing\Raw-Data\Otsu\M5\480p\Traffic2\Traffic2-Mask.mp4,0.824,0.0404,0.8825,0.7987,0.0039,0.7926,25
480p,Traffic2,K2,A0.1_,T0.7,M3,Data-Processing\Raw-Data\Param-Sweep\480p\Traffic2\K2\A0.1_\T0.7\M3\Traffic2-Mask.mp4,Data-Processing\Raw-Data\OpenCV\M3\480p\Traffic2\Traffic2-Mask.mp4,Data-Processing\Raw-Data\Otsu\M3\480p\Traffic2\Traffic2-Mask.mp4,0.7808,0.0454,0.853,0.6531,0.0085,0.6477,25
480p,Traffic2,K2,A0.1_,T0.7,M4,Data-Processing\Raw-Data\Param-Sweep\480p\Traffic2\K2\A0.1_\T0.7\M4\Traffic2-Mask.mp4,Data-Processing\Raw-Data\OpenCV\M4\480p\Traffic2\Traffic2-Mask.mp4,Data-Processing\Raw-Data\Otsu\M4\480p\Traffic2\Traffic2-Mask.mp4,0.8273,0.0437,0.887,0.7707,0.004,0.7664,25
480p,Traffic2,K2,A0.1_,T0.7,M5,Data-Processing\Raw-Data\Param-Sweep\480p\Traffic2\K2\A0.1_\T0.7\M5\Traffic2-Mask.mp4,Data-Processing\Raw-Data\OpenCV\M5\480p\Traffic2\Traffic2-Mask.mp4,Data-Processing\Raw-Data\Otsu\M5\480p\Traffic2\Traffic2-Mask.mp4,0.836,0.0418,0.89,0.8133,0.0035,0.8062,25
480p,Traffic2,K2,A0.1_,T0.9,M3,Data-Processing\Raw-Data\Param-Sweep\480p\Traffic2\K2\A0.1_\T0.9\M3\Traffic2-Mask.mp4,Data-Processing\Raw-Data\OpenCV\M3\480p\Traffic2\Traffic2-Mask.mp4,Data-Processing\Raw-Data\Otsu\M3\480p\Traffic2\Traffic2-Mask.mp4,0.8137,0.0465,0.8678,0.6876,0.0051,0.6774,25
480p,Traffic2,K2,A0.1_,T0.9,M4,Data-Processing\Raw-Data\Param-Sweep\480p\Traffic2\K2\A0.1_\T0.9\M4\Traffic2-Mask.mp4,Data-Processing\Raw-Data\OpenCV\M4\480p\Traffic2\Traffic2-Mask.mp4,Data-Processing\Raw-Data\Otsu\M4\480p\Traffic2\Traffic2-Mask.mp4,0.8425,0.0446,0.8951,0.7954,0.0021,0.7821,25
480p,Traffic2,K2,A0.1_,T0.9,M5,Data-Processing\Raw-Data\Param-Sweep\480p\Traffic2\K2\A0.1_\T0.9\M5\Traffic2-Mask.mp4,Data-Processing\Raw-Data\OpenCV\M5\480p\Traffic2\Traffic2-Mask.mp4,Data-Processing\Raw-Data\Otsu\M5\480p\Traffic2\Traffic2-Mask.mp4,0.8536,0.0427,0.907,0.8416,0.0015,0.8303,25
480p,Traffic2,K3,A0.001_,T0.5,M3,Data-Processing\Raw-Data\Param-Sweep\480p\Traffic2\K3\A0.001_\T0.5\M3\Traffic2-Mask.mp4,Data-Processing\Raw-Data\OpenCV\M3\480p\Traffic2\Traffic2-Mask.mp4,Data-Processing\Raw-Data\Otsu\M3\480p\Traffic2\Traffic2-Mask.mp4,0.331,0.0388,0.3114,0.3284,0.0425,0.3171,25
480p,Traffic2,K3,A0.001_,T0.5,M4,Data-Processing\Raw-Data\Param-Sweep\480p\Traffic2\K3\A0.001_\T0.5\M4\Traffic2-Mask.mp4,Data-Processing\Raw-Data\OpenCV\M4\480p\Traffic2\Traffic2-Mask.mp4,Data-Processing\Raw-Data\Otsu\M4\480p\Traffic2\Traffic2-Mask.mp4,0.4823,0.0421,0.4821,0.4738,0.04,0.4676,25
480p,Traffic2,K3,A0.001_,T0.5,M5,Data-Processing\Raw-Data\Param-Sweep\480p\Traffic2\K3\A0.001_\T0.5\M5\Traffic2-Mask.mp4,Data-Processing\Raw-Data\OpenCV\M5\480p\Traffic2\Traffic2-Mask.mp4,Data-Processing\Raw-Data\Otsu\M5\480p\Traffic2\Traffic2-Mask.mp4,0.4833,0.0424,0.484,0.4853,0.0434,0.4715,25
480p,Traffic2,K3,A0.001_,T0.7,M3,Data-Processing\Raw-Data\Param-Sweep\480p\Traffic2\K3\A0.001_\T0.7\M3\Traffic2-Mask.mp4,Data-Processing\Raw-Data\OpenCV\M3\480p\Traffic2\Traffic2-Mask.mp4,Data-Processing\Raw-Data\Otsu\M3\480p\Traffic2\Traffic2-Mask.mp4,0.4674,0.0744,0.4116,0.4197,0.053,0.4233,25
480p,Traffic2,K3,A0.001_,T0.7,M4,Data-Processing\Raw-Data\Param-Sweep\480p\Traffic2\K3\A0.001_\T0.7\M4\Traffic2-Mask.mp4,Data-Processing\Raw-Data\OpenCV\M4\480p\Traffic2\Traffic2-Mask.mp4,Data-Processing\Raw-Data\Otsu\M4\480p\Traffic2\Traffic2-Mask.mp4,0.6063,0.0636,0.6152,0.5664,0.0451,0.6125,25
480p,Traffic2,K3,A0.001_,T0.7,M5,Data-Processing\Raw-Data\Param-Sweep\480p\Traffic2\K3\A0.001_\T0.7\M5\Traffic2-Mask.mp4,Data-Processing\Raw-Data\OpenCV\M5\480p\Traffic2\Traffic2-Mask.mp4,Data-Processing\Raw-Data\Otsu\M5\480p\Traffic2\Traffic2-Mask.mp4,0.6094,0.0642,0.6139,0.5893,0.0505,0.64,25
480p,Traffic2,K3,A0.001_,T0.9,M3,Data-Processing\Raw-Data\Param-Sweep\480p\Traffic2\K3\A0.001_\T0.9\M3\Traffic2-Mask.mp4,Data-Processing\Raw-Data\OpenCV\M3\480p\Traffic2\Traffic2-Mask.mp4,Data-Processing\Raw-Data\Otsu\M3\480p\Traffic2\Traffic2-Mask.mp4,0.6435,0.087,0.7867,0.5332,0.0504,0.6196,25
480p,Traffic2,K3,A0.001_,T0.9,M4,Data-Processing\Raw-Data\Param-Sweep\480p\Traffic2\K3\A0.001_\T0.9\M4\Traffic2-Mask.mp4,Data-Processing\Raw-Data\OpenCV\M4\480p\Traffic2\Traffic2-Mask.mp4,Data-Processing\Raw-Data\Otsu\M4\480p\Traffic2\Traffic2-Mask.mp4,0.7412,0.0612,0.8539,0.6695,0.0358,0.743,25
480p,Traffic2,K3,A0.001_,T0.9,M5,Data-Processing\Raw-Data\Param-Sweep\480p\Traffic2\K3\A0.001_\T0.9\M5\Traffic2-Mask.mp4,Data-Processing\Raw-Data\OpenCV\M5\480p\Traffic2\Traffic2-Mask.mp4,Data-Processing\Raw-Data\Otsu\M5\480p\Traffic2\Traffic2-Mask.mp4,0.7468,0.0618,0.8591,0.7024,0.0408,0.7828,25
480p,Traffic2,K3,A0.01_,T0.5,M3,Data-Processing\Raw-Data\Param-Sweep\480p\Traffic2\K3\A0.01_\T0.5\M3\Traffic2-Mask.mp4,Data-Processing\Raw-Data\OpenCV\M3\480p\Traffic2\Traffic2-Mask.mp4,Data-Processing\Raw-Data\Otsu\M3\480p\Traffic2\Traffic2-Mask.mp4,0.7603,0.0621,0.8766,0.6048,0.0335,0.6693,25
480p,Traffic2,K3,A0.01_,T0.5,M4,Data-Processing\Raw-Data\Param-Sweep\480p\Traffic2\K3\A0.01_\T0.5\M4\Traffic2-Mask.mp4,Data-Processing\Raw-Data\OpenCV\M4\480p\Traffic2\Traffic2-Mask.mp4,Data-Processing\Raw-Data\Otsu\M4\480p\Traffic2\Traffic2-Mask.mp4,0.8123,0.048,0.89,0.7203,0.0264,0.767,25
480p,Traffic2,K3,A0.01_,T0.5,M5,Data-Processing\Raw-Data\Param-Sweep\480p\Traffic2\K3\A0.01_\T0.5\M5\Traffic2-Mask.mp4,Data-Processing\Raw-Data\OpenCV\M5\480p\Traffic2\Traffic2-Mask.mp4,Data-Processing\Raw-Data\Otsu\M5\480p\Traffic2\Traffic2-Mask.mp4,0.8194,0.0486,0.9036,0.7577,0.0293,0.8019,25
480p,Traffic2,K3,A0.01_,T0.7,M3,Data-Processing\Raw-Data\Param-Sweep\480p\Traffic2\K3\A0.01_\T0.7\M3\Traffic2-Mask.mp4,Data-Processing\Raw-Data\OpenCV\M3\480p\Traffic2\Traffic2-Mask.mp4,Data-Processing\Raw-Data\Otsu\M3\480p\Traffic2\Traffic2-Mask.mp4,0.8012,0.0552,0.8978,0.6291,0.0291,0.6726,25
480p,Traffic2,K3,A0.01_,T0.7,M4,Data-Processing\Raw-Data\Param-Sweep\480p\Traffic2\K3\A0.01_\T0.7\M4\Traffic2-Mask.mp4,Data-Processing\Raw-Data\OpenCV\M4\480p\Traffic2\Traffic2-Mask.mp4,Data-Processing\Raw-Data\Otsu\M4\480p\Traffic2\Traffic2-Mask.mp4,0.8394,0.043,0.9161,0.74,0.0221,0.7734,25
480p,Traffic2,K3,A0.01_,T0.7,M5,Data-Processing\Raw-Data\Param-Sweep\480p\Traffic2\K3\A0.01_\T0.7\M5\Traffic2-Mask.mp4,Data-Processing\Raw-Data\OpenCV\M5\480p\Traffic2\Traffic2-Mask.mp4,Data-Processing\Raw-Data\Otsu\M5\480p\Traffic2\Traffic2-Mask.mp4,0.8487,0.0435,0.9306,0.7797,0.0241,0.8132,25
480p,Traffic2,K3,A0.01_,T0.9,M3,Data-Processing\Raw-Data\Param-Sweep\480p\Traffic2\K3\A0.01_\T0.9\M3\Traffic2-Mask.mp4,Data-Processing\Raw-Data\OpenCV\M3\480p\Traffic2\Traffic2-Mask.mp4,Data-Processing\Raw-Data\Otsu\M3\480p\Traffic2\Traffic2-Mask.mp4,0.8584,0.0411,0.9272,0.6738,0.0183,0.6871,25
480p,Traffic2,K3,A0.01_,T0.9,M4,Data-Processing\Raw-Data\Param-Sweep\480p\Traffic2\K3\A0.01_\T0.9\M4\Traffic2-Mask.mp4,Data-Processing\Raw-Data\OpenCV\M4\480p\Traffic2\Traffic2-Mask.mp4,Data-Processing\Raw-Data\Otsu\M4\480p\Traffic2\Traffic2-Mask.mp4,0.8697,0.0385,0.9262,0.7711,0.0132,0.7843,25
480p,Traffic2,K3,A0.01_,T0.9,M5,Data-Processing\Raw-Data\Param-Sweep\480p\Traffic2\K3\A0.01_\T0.9\M5\Traffic2-Mask.mp4,Data-Processing\Raw-Data\OpenCV\M5\480p\Traffic2\Traffic2-Mask.mp4,Data-Processing\Raw-Data\Otsu\M5\480p\Traffic2\Traffic2-Mask.mp4,0.8835,0.0386,0.9382,0.814,0.0139,0.8259,25
480p,Traffic2,K3,A0.1_,T0.5,M3,Data-Processing\Raw-Data\Param-Sweep\480p\Traffic2\K3\A0.1_\T0.5\M3\Traffic2-Mask.mp4,Data-Processing\Raw-Data\OpenCV\M3\480p\Traffic2\Traffic2-Mask.mp4,Data-Processing\Raw-Data\Otsu\M3\480p\Traffic2\Traffic2-Mask.mp4,0.7594,0.0444,0.8338,0.6392,0.0093,0.6379,25
480p,Traffic2,K3,A0.1_,T0.5,M4,Data-Processing\Raw-Data\Param-Sweep\480p\Traffic2\K3\A0.1_\T0.5\M4\Traffic2-Mask.mp4,Data-Processing\Raw-Data\OpenCV\M4\480p\Traffic2\Traffic2-Mask.mp4,Data-Processing\Raw-Data\Otsu\M4\480p\Traffic2\Traffic2-Mask.mp4,0.8166,0.0433,0.8763,0.7645,0.0043,0.7625,25
480p,Traffic2,K3,A0.1_,T0.5,M5,Data-Processing\Raw-Data\Param-Sweep\480p\Traffic2\K3\A0.1_\T0.5\M5\Traffic2-Mask.mp4,Data-Processing\Raw-Data\OpenCV\M5\480p\Traffic2\Traffic2-Mask.mp4,Data-Processing\Raw-Data\Otsu\M5\480p\Traffic2\Traffic2-Mask.mp4,0.8255,0.0414,0.8838,0.8076,0.0038,0.804,25
480p,Traffic2,K3,A0.1_,T0.7,M3,Data-Processing\Raw-Data\Param-Sweep\480p\Traffic2\K3\A0.1_\T0.7\M3\Traffic2-Mask.mp4,Data-Processing\Raw-Data\OpenCV\M3\480p\Traffic2\Traffic2-Mask.mp4,Data-Processing\Raw-Data\Otsu\M3\480p\Traffic2\Traffic2-Mask.mp4,0.7792,0.0458,0.8514,0.6584,0.0084,0.6582,25
480p,Traffic2,K3,A0.1_,T0.7,M4,Data-Processing\Raw-Data\Param-Sweep\480p\Traffic2\K3\A0.1_\T0.7\M4\Traffic2-Mask.mp4,Data-Processing\Raw-Data\OpenCV\M4\480p\Traffic2\Traffic2-Mask.mp4,Data-Processing\Raw-Data\Otsu\M4\480p\Traffic2\Traffic2-Mask.mp4,0.825,0.044,0.881,0.7775,0.0039,0.7741,25
480p,Traffic2,K3,A0.1_,T0.7,M5,Data-Processing\Raw-Data\Param-Sweep\480p\Traffic2\K3\A0.1_\T0.7\M5\Traffic2-Mask.mp4,Data-Processing\Raw-Data\OpenCV\M5\480p\Traffic2\Traffic2-Mask.mp4,Data-Processing\Raw-Data\Otsu\M5\480p\Traffic2\Traffic2-Mask.mp4,0.8354,0.0422,0.8958,0.8226,0.0033,0.8197,25
480p,Traffic2,K3,A0.1_,T0.9,M3,Data-Processing\Raw-Data\Param-Sweep\480p\Traffic2\K3\A0.1_\T0.9\M3\Traffic2-Mask.mp4,Data-Processing\Raw-Data\OpenCV\M3\480p\Traffic2\Traffic2-Mask.mp4,Data-Processing\Raw-Data\Otsu\M3\480p\Traffic2\Traffic2-Mask.mp4,0.8192,0.0469,0.8744,0.6945,0.0046,0.6853,25
480p,Traffic2,K3,A0.1_,T0.9,M4,Data-Processing\Raw-Data\Param-Sweep\480p\Traffic2\K3\A0.1_\T0.9\M4\Traffic2-Mask.mp4,Data-Processing\Raw-Data\OpenCV\M4\480p\Traffic2\Traffic2-Mask.mp4,Data-Processing\Raw-Data\Otsu\M4\480p\Traffic2\Traffic2-Mask.mp4,0.8437,0.0447,0.8966,0.7993,0.002,0.7867,25
480p,Traffic2,K3,A0.1_,T0.9,M5,Data-Processing\Raw-Data\Param-Sweep\480p\Traffic2\K3\A0.1_\T0.9\M5\Traffic2-Mask.mp4,Data-Processing\Raw-Data\OpenCV\M5\480p\Traffic2\Traffic2-Mask.mp4,Data-Processing\Raw-Data\Otsu\M5\480p\Traffic2\Traffic2-Mask.mp4,0.8557,0.0429,0.9114,0.8468,0.0013,0.8367,25
480p,Traffic2,K4,A0.001_,T0.5,M3,Data-Processing\Raw-Data\Param-Sweep\480p\Traffic2\K4\A0.001_\T0.5\M3\Traffic2-Mask.mp4,Data-Processing\Raw-Data\OpenCV\M3\480p\Traffic2\Traffic2-Mask.mp4,Data-Processing\Raw-Data\Otsu\M3\480p\Traffic2\Traffic2-Mask.mp4,0.377,0.0486,0.317,0.3562,0.0431,0.3267,25
480p,Traffic2,K4,A0.001_,T0.5,M4,Data-Processing\Raw-Data\Param-Sweep\480p\Traffic2\K4\A0.001_\T0.5\M4\Traffic2-Mask.mp4,Data-Processing\Raw-Data\OpenCV\M4\480p\Traffic2\Traffic2-Mask.mp4,Data-Processing\Raw-Data\Otsu\M4\480p\Traffic2\Traffic2-Mask.mp4,0.5151,0.0431,0.4822,0.4995,0.0377,0.4885,25
480p,Traffic2,K4,A0.001_,T0.5,M5,Data-Processing\Raw-Data\Param-Sweep\480p\Traffic2\K4\A0.001_\T0.5\M5\Traffic2-Mask.mp4,Data-Processing\Raw-Data\OpenCV\M5\480p\Traffic2\Traffic2-Mask.mp4,Data-Processing\Raw-Data\Otsu\M5\480p\Traffic2\Traffic2-Mask.mp4,0.5167,0.0435,0.4841,0.5139,0.0413,0.4903,25
480p,Traffic2,K4,A0.001_,T0.7,M3,Data-Processing\Raw-Data\Param-Sweep\480p\Traffic2\K4\A0.001_\T0.7\M3\Traffic2-Mask.mp4,Data-Processing\Raw-Data\OpenCV\M3\480p\Traffic2\Traffic2-Mask.mp4,Data-Processing\Raw-Data\Otsu\M3\480p\Traffic2\Traffic2-Mask.mp4,0.5347,0.0902,0.6152,0.4619,0.0563,0.5347,25
480p,Traffic2,K4,A0.001_,T0.7,M4,Data-Processing\Raw-Data\Param-Sweep\480p\Traffic2\K4\A0.001_\T0.7\M4\Traffic2-Mask.mp4,Data-Processing\Raw-Data\OpenCV\M4\480p\Traffic2\Traffic2-Mask.mp4,Data-Processing\Raw-Data\Otsu\M4\480p\Traffic2\Traffic2-Mask.mp4,0.6429,0.0679,0.7918,0.596,0.0448,0.7018,25
480p,Traffic2,K4,A0.001_,T0.7,M5,Data-Processing\Raw-Data\Param-Sweep\480p\Traffic2\K4\A0.001_\T0.7\M5\Traffic2-Mask.mp4,Data-Processing\Raw-Data\OpenCV\M5\480p\Traffic2\Traffic2-Mask.mp4,Data-Processing\Raw-Data\Otsu\M5\480p\Traffic2\Traffic2-Mask.mp4,0.6469,0.0686,0.791,0.6214,0.0506,0.7368,25
480p,Traffic2,K4,A0.001_,T0.9,M3,Data-Processing\Raw-Data\Param-Sweep\480p\Traffic2\K4\A0.001_\T0.9\M3\Traffic2-Mask.mp4,Data-Processing\Raw-Data\OpenCV\M3\480p\Traffic2\Traffic2-Mask.mp4,Data-Processing\Raw-Data\Otsu\M3\480p\Traffic2\Traffic2-Mask.mp4,0.7237,0.0759,0.8611,0.5852,0.0406,0.6568,25
480p,Traffic2,K4,A0.001_,T0.9,M4,Data-Processing\Raw-Data\Param-Sweep\480p\Traffic2\K4\A0.001_\T0.9\M4\Traffic2-Mask.mp4,Data-Processing\Raw-Data\OpenCV\M4\480p\Traffic2\Traffic2-Mask.mp4,Data-Processing\Raw-Data\Otsu\M4\480p\Traffic2\Traffic2-Mask.mp4,0.7905,0.0494,0.8853,0.7077,0.0254,0.7574,25
480p,Traffic2,K4,A0.001_,T0.9,M5,Data-Processing\Raw-Data\Param-Sweep\480p\Traffic2\K4\A0.001_\T0.9\M5\Traffic2-Mask.mp4,Data-Processing\Raw-Data\OpenCV\M5\480p\Traffic2\Traffic2-Mask.mp4,Data-Processing\Raw-Data\Otsu\M5\480p\Traffic2\Traffic2-Mask.mp4,0.7988,0.0497,0.895,0.7436,0.0288,0.807,25
480p,Traffic2,K4,A0.01_,T0.5,M3,Data-Processing\Raw-Data\Param-Sweep\480p\Traffic2\K4\A0.01_\T0.5\M3\Traffic2-Mask.mp4,Data-Processing\Raw-Data\OpenCV\M3\480p\Traffic2\Traffic2-Mask.mp4,Data-Processing\Raw-Data\Otsu\M3\480p\Traffic2\Traffic2-Mask.mp4,0.7831,0.0601,0.8815,0.6189,0.032,0.671,25
480p,Traffic2,K4,A0.01_,T0.5,M4,Data-Processing\Raw-Data\Param-Sweep\480p\Traffic2\K4\A0.01_\T0.5\M4\Traffic2-Mask.mp4,Data-Processing\Raw-Data\OpenCV\M4\480p\Traffic2\Traffic2-Mask.mp4,Data-Processing\Raw-Data\Otsu\M4\480p\Traffic2\Traffic2-Mask.mp4,0.8237,0.048,0.9164,0.7284,0.0257,0.772,25
480p,Traffic2,K4,A0.01_,T0.5,M5,Data-Processing\Raw-Data\Param-Sweep\480p\Traffic2\K4\A0.01_\T0.5\M5\Traffic2-Mask.mp4,Data-Processing\Raw-Data\OpenCV\M5\480p\Traffic2\Traffic2-Mask.mp4,Data-Processing\Raw-Data\Otsu\M5\480p\Traffic2\Traffic2-Mask.mp4,0.832,0.0486,0.926,0.767,0.0285,0.8098,25
480p,Traffic2,K4,A0.01_,T0.7,M3,Data-Processing\Raw-Data\Param-Sweep\480p\Traffic2\K4\A0.01_\T0.7\M3\Traffic2-Mask.mp4,Data-Processing\Raw-Data\OpenCV\M3\480p\Traffic2\Traffic2-Mask.mp4,Data-Processing\Raw-Data\Otsu\M3\480p\Traffic2\Traffic2-Mask.mp4,0.8192,0.0524,0.9102,0.6407,0.0267,0.6773,25
480p,Traffic2,K4,A0.01_,T0.7,M4,Data-Processing\Raw-Data\Param-Sweep\480p\Traffic2\K4\A0.01_\T0.7\M4\Traffic2-Mask.mp4,Data-Processing\Raw-Data\OpenCV\M4\480p\Traffic2\Traffic2-Mask.mp4,Data-Processing\Raw-Data\Otsu\M4\480p\Traffic2\Traffic2-Mask.mp4,0.8507,0.042,0.9214,0.7484,0.0207,0.7747,25
480p,Traffic2,K4,A0.01_,T0.7,M5,Data-Processing\Raw-Data\Param-Sweep\480p\Traffic2\K4\A0.01_\T0.7\M5\Traffic2-Mask.mp4,Data-Processing\Raw-Data\OpenCV\M5\480p\Traffic2\Traffic2-Mask.mp4,Data-Processing\Raw-Data\Otsu\M5\480p\Traffic2\Traffic2-Mask.mp4,0.8615,0.0424,0.9338,0.7893,0.0224,0.8194,25
480p,Traffic2,K4,A0.01_,T0.9,M3,Data-Processing\Raw-Data\Param-Sweep\480p\Traffic2\K4\A0.01_\T0.9\M3\Traffic2-Mask.mp4,Data-Processing\Raw-Data\OpenCV\M3\480p\Traffic2\Traffic2-Mask.mp4,Data-Processing\Raw-Data\Otsu\M3\480p\Traffic2\Traffic2-Mask.mp4,0.8644,0.0418,0.9248,0.6811,0.0164,0.6913,25
480p,Traffic2,K4,A0.01_,T0.9,M4,Data-Processing\Raw-Data\Param-Sweep\480p\Traffic2\K4\A0.01_\T0.9\M4\Traffic2-Mask.mp4,Data-Processing\Raw-Data\OpenCV\M4\480p\Traffic2\Traffic2-Mask.mp4,Data-Processing\Raw-Data\Otsu\M4\480p\Traffic2\Traffic2-Mask.mp4,0.8691,0.0396,0.9203,0.778,0.01,0.7877,25
480p,Traffic2,K4,A0.01_,T0.9,M5,Data-Processing\Raw-Data\Param-Sweep\480p\Traffic2\K4\A0.01_\T0.9\M5\Traffic2-Mask.mp4,Data-Processing\Raw-Data\OpenCV\M5\480p\Traffic2\Traffic2-Mask.mp4,Data-Processing\Raw-Data\Otsu\M5\480p\Traffic2\Traffic2-Mask.mp4,0.8851,0.0394,0.9386,0.8227,0.0103,0.8307,25
480p,Traffic2,K4,A0.1_,T0.5,M3,Data-Processing\Raw-Data\Param-Sweep\480p\Traffic2\K4\A0.1_\T0.5\M3\Traffic2-Mask.mp4,Data-Processing\Raw-Data\OpenCV\M3\480p\Traffic2\Traffic2-Mask.mp4,Data-Processing\Raw-Data\Otsu\M3\480p\Traffic2\Traffic2-Mask.mp4,0.7574,0.0444,0.8291,0.6411,0.0094,0.6419,25
480p,Traffic2,K4,A0.1_,T0.5,M4,Data-Processing\Raw-Data\Param-Sweep\480p\Traffic2\K4\A0.1_\T0.5\M4\Traffic2-Mask.mp4,Data-Processing\Raw-Data\OpenCV\M4\480p\Traffic2\Traffic2-Mask.mp4,Data-Processing\Raw-Data\Otsu\M4\480p\Traffic2\Traffic2-Mask.mp4,0.8147,0.0432,0.8731,0.7673,0.0043,0.7676,25
480p,Traffic2,K4,A0.1_,T0.5,M5,Data-Processing\Raw-Data\Param-Sweep\480p\Traffic2\K4\A0.1_\T0.5\M5\Traffic2-Mask.mp4,Data-Processing\Raw-Data\OpenCV\M5\480p\Traffic2\Traffic2-Mask.mp4,Data-Processing\Raw-Data\Otsu\M5\480p\Traffic2\Traffic2-Mask.mp4,0.8242,0.0414,0.8867,0.8115,0.0037,0.8084,25
480p,Traffic2,K4,A0.1_,T0.7,M3,Data-Processing\Raw-Data\Param-Sweep\480p\Traffic2\K4\A0.1_\T0.7\M3\Traffic2-Mask.mp4,Data-Processing\Raw-Data\OpenCV\M3\480p\Traffic2\Traffic2-Mask.mp4,Data-Processing\Raw-Data\Otsu\M3\480p\Traffic2\Traffic2-Mask.mp4,0.7782,0.0459,0.8516,0.6625,0.0083,0.6602,25
480p,Traffic2,K4,A0.1_,T0.7,M4,Data-Processing\Raw-Data\Param-Sweep\480p\Traffic2\K4\A0.1_\T0.7\M4\Traffic2-Mask.mp4,Data-Processing\Raw-Data\OpenCV\M4\480p\Traffic2\Traffic2-Mask.mp4,Data-Processing\Raw-Data\Otsu\M4\480p\Traffic2\Traffic2-Mask.mp4,0.8243,0.0439,0.8805,0.7817,0.0038,0.7803,25
480p,Traffic2,K4,A0.1_,T0.7,M5,Data-Processing\Raw-Data\Param-Sweep\480p\Traffic2\K4\A0.1_\T0.7\M5\Traffic2-Mask.mp4,Data-Processing\Raw-Data\OpenCV\M5\480p\Traffic2\Traffic2-Mask.mp4,Data-Processing\Raw-Data\Otsu\M5\480p\Traffic2\Traffic2-Mask.mp4,0.8352,0.0422,0.8991,0.828,0.0031,0.826,25
480p,Traffic2,K4,A0.1_,T0.9,M3,Data-Processing\Raw-Data\Param-Sweep\480p\Traffic2\K4\A0.1_\T0.9\M3\Traffic2-Mask.mp4,Data-Processing\Raw-Data\OpenCV\M3\480p\Traffic2\Traffic2-Mask.mp4,Data-Processing\Raw-Data\Otsu\M3\480p\Traffic2\Traffic2-Mask.mp4,0.8214,0.0469,0.8769,0.6987,0.0043,0.6873,25
480p,Traffic2,K4,A0.1_,T0.9,M4,Data-Processing\Raw-Data\Param-Sweep\480p\Traffic2\K4\A0.1_\T0.9\M4\Traffic2-Mask.mp4,Data-Processing\Raw-Data\OpenCV\M4\480p\Traffic2\Traffic2-Mask.mp4,Data-Processing\Raw-Data\Otsu\M4\480p\Traffic2\Traffic2-Mask.mp4,0.8441,0.0447,0.8998,0.8017,0.0019,0.7899,25
480p,Traffic2,K4,A0.1_,T0.9,M5,Data-Processing\Raw-Data\Param-Sweep\480p\Traffic2\K4\A0.1_\T0.9\M5\Traffic2-Mask.mp4,Data-Processing\Raw-Data\OpenCV\M5\480p\Traffic2\Traffic2-Mask.mp4,Data-Processing\Raw-Data\Otsu\M5\480p\Traffic2\Traffic2-Mask.mp4,0.8565,0.0429,0.9112,0.8498,0.0012,0.8403,25
120p,Traffic2,K2,A0.001_,T0.5,M3,Data-Processing\Raw-Data\Param-Sweep\120p\Traffic2\K2\A0.001_\T0.5\M3\Traffic2-Mask.mp4,Data-Processing\Raw-Data\OpenCV\M3\120p\Traffic2\Traffic2-Mask.mp4,Data-Processing\Raw-Data\Otsu\M3\120p\Traffic2\Traffic2-Mask.mp4,0.2178,0.0204,0.2783,0.2289,0.0316,0.2641,50
120p,Traffic2,K2,A0.001_,T0.5,M4,Data-Processing\Raw-Data\Param-Sweep\120p\Traffic2\K2\A0.001_\T0.5\M4\Traffic2-Mask.mp4,Data-Processing\Raw-Data\OpenCV\M4\120p\Traffic2\Traffic2-Mask.mp4,Data-Processing\Raw-Data\Otsu\M4\120p\Traffic2\Traffic2-Mask.mp4,0.4866,0.0474,0.581,0.4971,0.05,0.5825,50
120p,Traffic2,K2,A0.001_,T0.5,M5,Data-Processing\Raw-Data\Param-Sweep\120p\Traffic2\K2\A0.001_\T0.5\M5\Traffic2-Mask.mp4,Data-Processing\Raw-Data\OpenCV\M5\120p\Traffic2\Traffic2-Mask.mp4,Data-Processing\Raw-Data\Otsu\M5\120p\Traffic2\Traffic2-Mask.mp4,0.4931,0.0493,0.5988,0.4989,0.0506,0.584,50
120p,Traffic2,K2,A0.001_,T0.7,M3,Data-Processing\Raw-Data\Param-Sweep\120p\Traffic2\K2\A0.001_\T0.7\M3\Traffic2-Mask.mp4,Data-Processing\Raw-Data\OpenCV\M3\120p\Traffic2\Traffic2-Mask.mp4,Data-Processing\Raw-Data\Otsu\M3\120p\Traffic2\Traffic2-Mask.mp4,0.2656,0.0371,0.2829,0.2731,0.0447,0.2699,50
120p,Traffic2,K2,A0.001_,T0.7,M4,Data-Processing\Raw-Data\Param-Sweep\120p\Traffic2\K2\A0.001_\T0.7\M4\Traffic2-Mask.mp4,Data-Processing\Raw-Data\OpenCV\M4\120p\Traffic2\Traffic2-Mask.mp4,Data-Processing\Raw-Data\Otsu\M4\120p\Traffic2\Traffic2-Mask.mp4,0.526,0.0619,0.5986,0.5349,0.0621,0.5961,50
120p,Traffic2,K2,A0.001_,T0.7,M5,Data-Processing\Raw-Data\Param-Sweep\120p\Traffic2\K2\A0.001_\T0.7\M5\Traffic2-Mask.mp4,Data-Processing\Raw-Data\OpenCV\M5\120p\Traffic2\Traffic2-Mask.mp4,Data-Processing\Raw-Data\Otsu\M5\120p\Traffic2\Traffic2-Mask.mp4,0.5327,0.0639,0.6043,0.5378,0.0634,0.5985,50
120p,Traffic2,K2,A0.001_,T0.9,M3,Data-Processing\Raw-Data\Param-Sweep\120p\Traffic2\K2\A0.001_\T0.9\M3\Traffic2-Mask.mp4,Data-Processing\Raw-Data\OpenCV\M3\120p\Traffic2\Traffic2-Mask.mp4,Data-Processing\Raw-Data\Otsu\M3\120p\Traffic2\Traffic2-Mask.mp4,0.475,0.063,0.5089,0.4521,0.0563,0.4753,50
120p,Traffic2,K2,A0.001_,T0.9,M4,Data-Processing\Raw-Data\Param-Sweep\120p\Traffic2\K2\A0.001_\T0.9\M4\Traffic2-Mask.mp4,Data-Processing\Raw-Data\OpenCV\M4\120p\Traffic2\Traffic2-Mask.mp4,Data-Processing\Raw-Data\Otsu\M4\120p\Traffic2\Traffic2-Mask.mp4,0.6351,0.0584,0.7048,0.6373,0.0549,0.6869,50
120p,Traffic2,K2,A0.001_,T0.9,M5,Data-Processing\Raw-Data\Param-Sweep\120p\Traffic2\K2\A0.001_\T0.9\M5\Traffic2-Mask.mp4,Data-Processing\Raw-Data\OpenCV\M5\120p\Traffic2\Traffic2-Mask.mp4,Data-Processing\Raw-Data\Otsu\M5\120p\Traffic2\Traffic2-Mask.mp4,0.6425,0.0608,0.7051,0.644,0.0572,0.6948,50
120p,Traffic2,K2,A0.01_,T0.5,M3,Data-Processing\Raw-Data\Param-Sweep\120p\Traffic2\K2\A0.01_\T0.5\M3\Traffic2-Mask.mp4,Data-Processing\Raw-Data\OpenCV\M3\120p\Traffic2\Traffic2-Mask.mp4,Data-Processing\Raw-Data\Otsu\M3\120p\Traffic2\Traffic2-Mask.mp4,0.68,0.0586,0.7794,0.6206,0.047,0.6971,50
120p,Traffic2,K2,A0.01_,T0.5,M4,Data-Processing\Raw-Data\Param-Sweep\120p\Traffic2\K2\A0.01_\T0.5\M4\Traffic2-Mask.mp4,Data-Processing\Raw-Data\OpenCV\M4\120p\Traffic2\Traffic2-Mask.mp4,Data-Processing\Raw-Data\Otsu\M4\120p\Traffic2\Traffic2-Mask.mp4,0.7701,0.0426,0.8266,0.7586,0.0357,0.8056,50
120p,Traffic2,K2,A0.01_,T0.5,M5,Data-Processing\Raw-Data\Param-Sweep\120p\Traffic2\K2\A0.01_\T0.5\M5\Traffic2-Mask.mp4,Data-Processing\Raw-Data\OpenCV\M5\120p\Traffic2\Traffic2-Mask.mp4,Data-Processing\Raw-Data\Otsu\M5\120p\Traffic2\Traffic2-Mask.mp4,0.7852,0.045,0.8412,0.7775,0.0385,0.8208,50
120p,Traffic2,K2,A0.01_,T0.7,M3,Data-Processing\Raw-Data\Param-Sweep\120p\Traffic2\K2\A0.01_\T0.7\M3\Traffic2-Mask.mp4,Data-Processing\Raw-Data\OpenCV\M3\120p\Traffic2\Traffic2-Mask.mp4,Data-Processing\Raw-Data\Otsu\M3\120p\Traffic2\Traffic2-Mask.mp4,0.7338,0.0426,0.7992,0.6655,0.0336,0.7105,50
120p,Traffic2,K2,A0.01_,T0.7,M4,Data-Processing\Raw-Data\Param-Sweep\120p\Traffic2\K2\A0.01_\T0.7\M4\Traffic2-Mask.mp4,Data-Processing\Raw-Data\OpenCV\M4\120p\Traffic2\Traffic2-Mask.mp4,Data-Processing\Raw-Data\Otsu\M4\120p\Traffic2\Traffic2-Mask.mp4,0.7976,0.0296,0.8414,0.7833,0.0232,0.813,50
120p,Traffic2,K2,A0.01_,T0.7,M5,Data-Processing\Raw-Data\Param-Sweep\120p\Traffic2\K2\A0.01_\T0.7\M5\Traffic2-Mask.mp4,Data-Processing\Raw-Data\OpenCV\M5\120p\Traffic2\Traffic2-Mask.mp4,Data-Processing\Raw-Data\Otsu\M5\120p\Traffic2\Traffic2-Mask.mp4,0.8137,0.0313,0.86,0.8029,0.0251,0.8322,50
120p,Traffic2,K2,A0.01_,T0.9,M3,Data-Processing\Raw-Data\Param-Sweep\120p\Traffic2\K2\A0.01_\T0.9\M3\Traffic2-Mask.mp4,Data-Processing\Raw-Data\OpenCV\M3\120p\Traffic2\Traffic2-Mask.mp4,Data-Processing\Raw-Data\Otsu\M3\120p\Traffic2\Traffic2-Mask.mp4,0.8101,0.0282,0.8431,0.7455,0.0051,0.7444,50
120p,Traffic2,K2,A0.01_,T0.9,M4,Data-Processing\Raw-Data\Param-Sweep\120p\Traffic2\K2\A0.01_\T0.9\M4\Traffic2-Mask.mp4,Data-Processing\Raw-Data\OpenCV\M4\120p\Traffic2\Traffic2-Mask.mp4,Data-Processing\Raw-Data\Otsu\M4\120p\Traffic2\Traffic2-Mask.mp4,0.8418,0.0255,0.8687,0.8393,0.0034,0.8401,50
120p,Traffic2,K2,A0.01_,T0.9,M5,Data-Processing\Raw-Data\Param-Sweep\120p\Traffic2\K2\A0.01_\T0.9\M5\Traffic2-Mask.mp4,Data-Processing\Raw-Data\OpenCV\M5\120p\Traffic2\Traffic2-Mask.mp4,Data-Processing\Raw-Data\Otsu\M5\120p\Traffic2\Traffic2-Mask.mp4,0.8646,0.0228,0.8922,0.8602,0.0038,0.8559,50
120p,Traffic2,K2,A0.1_,T0.5,M3,Data-Processing\Raw-Data\Param-Sweep\120p\Traffic2\K2\A0.1_\T0.5\M3\Traffic2-Mask.mp4,Data-Processing\Raw-Data\OpenCV\M3\120p\Traffic2\Traffic2-Mask.mp4,Data-Processing\Raw-Data\Otsu\M3\120p\Traffic2\Traffic2-Mask.mp4,0.7668,0.037,0.8166,0.7156,0.013,0.7251,50
120p,Traffic2,K2,A0.1_,T0.5,M4,Data-Processing\Raw-Data\Param-Sweep\120p\Traffic2\K2\A0.1_\T0.5\M4\Traffic2-Mask.mp4,Data-Processing\Raw-Data\OpenCV\M4\120p\Traffic2\Traffic2-Mask.mp4,Data-Processing\Raw-Data\Otsu\M4\120p\Traffic2\Traffic2-Mask.mp4,0.8183,0.0338,0.8654,0.8246,0.0106,0.8396,50
120p,Traffic2,K2,A0.1_,T0.5,M5,Data-Processing\Raw-Data\Param-Sweep\120p\Traffic2\K2\A0.1_\T0.5\M5\Traffic2-Mask.mp4,Data-Processing\Raw-Data\OpenCV\M5\120p\Traffic2\Traffic2-Mask.mp4,Data-Processing\Raw-Data\Otsu\M5\120p\Traffic2\Traffic2-Mask.mp4,0.8397,0.0312,0.8845,0.8531,0.011,0.8688,50
120p,Traffic2,K2,A0.1_,T0.7,M3,Data-Processing\Raw-Data\Param-Sweep\120p\Traffic2\K2\A0.1_\T0.7\M3\Traffic2-Mask.mp4,Data-Processing\Raw-Data\OpenCV\M3\120p\Traffic2\Traffic2-Mask.mp4,Data-Processing\Raw-Data\Otsu\M3\120p\Traffic2\Traffic2-Mask.mp4,0.7981,0.0322,0.8401,0.7453,0.0074,0.7483,50
120p,Traffic2,K2,A0.1_,T0.7,M4,Data-Processing\Raw-Data\Param-Sweep\120p\Traffic2\K2\A0.1_\T0.7\M4\Traffic2-Mask.mp4,Data-Processing\Raw-Data\OpenCV\M4\120p\Traffic2\Traffic2-Mask.mp4,Data-Processing\Raw-Data\Otsu\M4\120p\Traffic2\Traffic2-Mask.mp4,0.8458,0.0277,0.8814,0.8549,0.0032,0.8572,50
120p,Traffic2,K2,A0.1_,T0.7,M5,Data-Processing\Raw-Data\Param-Sweep\120p\Traffic2\K2\A0.1_\T0.7\M5\Traffic2-Mask.mp4,Data-Processing\Raw-Data\OpenCV\M5\120p\Traffic2\Traffic2-Mask.mp4,Data-Processing\Raw-Data\Otsu\M5\120p\Traffic2\Traffic2-Mask.mp4,0.8699,0.025,0.9037,0.8863,0.0031,0.8907,50
120p,Traffic2,K2,A0.1_,T0.9,M3,Data-Processing\Raw-Data\Param-Sweep\120p\Traffic2\K2\A0.1_\T0.9\M3\Traffic2-Mask.mp4,Data-Processing\Raw-Data\OpenCV\M3\120p\Traffic2\Traffic2-Mask.mp4,Data-Processing\Raw-Data\Otsu\M3\120p\Traffic2\Traffic2-Mask.mp4,0.8346,0.0292,0.8607,0.7891,0.0025,0.7968,50
120p,Traffic2,K2,A0.1_,T0.9,M4,Data-Processing\Raw-Data\Param-Sweep\120p\Traffic2\K2\A0.1_\T0.9\M4\Traffic2-Mask.mp4,Data-Processing\Raw-Data\OpenCV\M4\120p\Traffic2\Traffic2-Mask.mp4,Data-Processing\Raw-Data\Otsu\M4\120p\Traffic2\Traffic2-Mask.mp4,0.8701,0.0276,0.8991,0.8879,0.0014,0.8879,50
120p,Traffic2,K2,A0.1_,T0.9,M5,Data-Processing\Raw-Data\Param-Sweep\120p\Traffic2\K2\A0.1_\T0.9\M5\Traffic2-Mask.mp4,Data-Processing\Raw-Data\OpenCV\M5\120p\Traffic2\Traffic2-Mask.mp4,Data-Processing\Raw-Data\Otsu\M5\120p\Traffic2\Traffic2-Mask.mp4,0.896,0.0246,0.9325,0.9273,0.0012,0.9258,50
120p,Traffic2,K3,A0.001_,T0.5,M3,Data-Processing\Raw-Data\Param-Sweep\120p\Traffic2\K3\A0.001_\T0.5\M3\Traffic2-Mask.mp4,Data-Processing\Raw-Data\OpenCV\M3\120p\Traffic2\Traffic2-Mask.mp4,Data-Processing\Raw-Data\Otsu\M3\120p\Traffic2\Traffic2-Mask.mp4,0.332,0.0451,0.2944,0.3253,0.0476,0.2803,50
120p,Traffic2,K3,A0.001_,T0.5,M4,Data-Processing\Raw-Data\Param-Sweep\120p\Traffic2\K3\A0.001_\T0.5\M4\Traffic2-Mask.mp4,Data-Processing\Raw-Data\OpenCV\M4\120p\Traffic2\Traffic2-Mask.mp4,Data-Processing\Raw-Data\Otsu\M4\120p\Traffic2\Traffic2-Mask.mp4,0.5463,0.0406,0.6021,0.5556,0.0412,0.6128,50
120p,Traffic2,K3,A0.001_,T0.5,M5,Data-Processing\Raw-Data\Param-Sweep\120p\Traffic2\K3\A0.001_\T0.5\M5\Traffic2-Mask.mp4,Data-Processing\Raw-Data\OpenCV\M5\120p\Traffic2\Traffic2-Mask.mp4,Data-Processing\Raw-Data\Otsu\M5\120p\Traffic2\Traffic2-Mask.mp4,0.5534,0.0421,0.6148,0.5595,0.0419,0.6123,50
120p,Traffic2,K3,A0.001_,T0.7,M3,Data-Processing\Raw-Data\Param-Sweep\120p\Traffic2\K3\A0.001_\T0.7\M3\Traffic2-Mask.mp4,Data-Processing\Raw-Data\OpenCV\M3\120p\Traffic2\Traffic2-Mask.mp4,Data-Processing\Raw-Data\Otsu\M3\120p\Traffic2\Traffic2-Mask.mp4,0.4714,0.0796,0.4224,0.4441,0.0693,0.3969,50
120p,Traffic2,K3,A0.001_,T0.7,M4,Data-Processing\Raw-Data\Param-Sweep\120p\Traffic2\K3\A0.001_\T0.7\M4\Traffic2-Mask.mp4,Data-Processing\Raw-Data\OpenCV\M4\120p\Traffic2\Traffic2-Mask.mp4,Data-Processing\Raw-Data\Otsu\M4\120p\Traffic2\Traffic2-Mask.mp4,0.624,0.0534,0.6427,0.6284,0.0502,0.6556,50
120p,Traffic2,K3,A0.001_,T0.7,M5,Data-Processing\Raw-Data\Param-Sweep\120p\Traffic2\K3\A0.001_\T0.7\M5\Traffic2-Mask.mp4,Data-Processing\Raw-Data\OpenCV\M5\120p\Traffic2\Traffic2-Mask.mp4,Data-Processing\Raw-Data\Otsu\M5\120p\Traffic2\Traffic2-Mask.mp4,0.6341,0.0551,0.6466,0.6386,0.0522,0.6545,50
120p,Traffic2,K3,A0.001_,T0.9,M3,Data-Processing\Raw-Data\Param-Sweep\120p\Traffic2\K3\A0.001_\T0.9\M3\Traffic2-Mask.mp4,Data-Processing\Raw-Data\OpenCV\M3\120p\Traffic2\Traffic2-Mask.mp4,Data-Processing\Raw-Data\Otsu\M3\120p\Traffic2\Traffic2-Mask.mp4,0.6561,0.0746,0.7427,0.6008,0.0585,0.6807,50
120p,Traffic2,K3,A0.001_,T0.9,M4,Data-Processing\Raw-Data\Param-Sweep\120p\Traffic2\K3\A0.001_\T0.9\M4\Traffic2-Mask.mp4,Data-Processing\Raw-Data\OpenCV\M4\120p\Traffic2\Traffic2-Mask.mp4,Data-Processing\Raw-Data\Otsu\M4\120p\Traffic2\Traffic2-Mask.mp4,0.7509,0.0422,0.797,0.7454,0.0348,0.7677,50
120p,Traffic2,K3,A0.001_,T0.9,M5,Data-Processing\Raw-Data\Param-Sweep\120p\Traffic2\K3\A0.001_\T0.9\M5\Traffic2-Mask.mp4,Data-Processing\Raw-Data\OpenCV\M5\120p\Traffic2\Traffic2-Mask.mp4,Data-Processing\Raw-Data\Otsu\M5\120p\Traffic2\Traffic2-Mask.mp4,0.7674,0.0441,0.8141,0.7632,0.0376,0.7954,50
120p,Traffic2,K3,A0.01_,T0.5,M3,Data-Processing\Raw-Data\Param-Sweep\120p\Traffic2\K3\A0.01_\T0.5\M3\Traffic2-Mask.mp4,Data-Processing\Raw-Data\OpenCV\M3\120p\Traffic2\Traffic2-Mask.mp4,Data-Processing\Raw-Data\Otsu\M3\120p\Traffic2\Traffic2-Mask.mp4,0.744,0.0472,0.8224,0.6691,0.0356,0.7333,50
120p,Traffic2,K3,A0.01_,T0.5,M4,Data-Processing\Raw-Data\Param-Sweep\120p\Traffic2\K3\A0.01_\T0.5\M4\Traffic2-Mask.mp4,Data-Processing\Raw-Data\OpenCV\M4\120p\Traffic2\Traffic2-Mask.mp4,Data-Processing\Raw-Data\Otsu\M4\120p\Traffic2\Traffic2-Mask.mp4,0.8096,0.0313,0.8593,0.7951,0.0241,0.8318,50
120p,Traffic2,K3,A0.01_,T0.5,M5,Data-Processing\Raw-Data\Param-Sweep\120p\Traffic2\K3\A0.01_\T0.5\M5\Traffic2-Mask.mp4,Data-Processing\Raw-Data\OpenCV\M5\120p\Traffic2\Traffic2-Mask.mp4,Data-Processing\Raw-Data\Otsu\M5\120p\Traffic2\Traffic2-Mask.mp4,0.8319,0.0337,0.8888,0.8171,0.0261,0.8593,50
120p,Traffic2,K3,A0.01_,T0.7,M3,Data-Processing\Raw-Data\Param-Sweep\120p\Traffic2\K3\A0.01_\T0.7\M3\Traffic2-Mask.mp4,Data-Processing\Raw-Data\OpenCV\M3\120p\Traffic2\Traffic2-Mask.mp4,Data-Processing\Raw-Data\Otsu\M3\120p\Traffic2\Traffic2-Mask.mp4,0.7958,0.0343,0.8398,0.7106,0.0252,0.7544,50
120p,Traffic2,K3,A0.01_,T0.7,M4,Data-Processing\Raw-Data\Param-Sweep\120p\Traffic2\K3\A0.01_\T0.7\M4\Traffic2-Mask.mp4,Data-Processing\Raw-Data\OpenCV\M4\120p\Traffic2\Traffic2-Mask.mp4,Data-Processing\Raw-Data\Otsu\M4\120p\Traffic2\Traffic2-Mask.mp4,0.8375,0.0251,0.8687,0.8201,0.0163,0.8434,50
120p,Traffic2,K3,A0.01_,T0.7,M5,Data-Processing\Raw-Data\Param-Sweep\120p\Traffic2\K3\A0.01_\T0.7\M5\Traffic2-Mask.mp4,Data-Processing\Raw-Data\OpenCV\M5\120p\Traffic2\Traffic2-Mask.mp4,Data-Processing\Raw-Data\Otsu\M5\120p\Traffic2\Traffic2-Mask.mp4,0.8643,0.0268,0.9034,0.8444,0.0178,0.8703,50
120p,Traffic2,K3,A0.01_,T0.9,M3,Data-Processing\Raw-Data\Param-Sweep\120p\Traffic2\K3\A0.01_\T0.9\M3\Traffic2-Mask.mp4,Data-Processing\Raw-Data\OpenCV\M3\120p\Traffic2\Traffic2-Mask.mp4,Data-Processing\Raw-Data\Otsu\M3\120p\Traffic2\Traffic2-Mask.mp4,0.8507,0.0293,0.8816,0.7767,0.0038,0.7814,50
120p,Traffic2,K3,A0.01_,T0.9,M4,Data-Processing\Raw-Data\Param-Sweep\120p\Traffic2\K3\A0.01_\T0.9\M4\Traffic2-Mask.mp4,Data-Processing\Raw-Data\OpenCV\M4\120p\Traffic2\Traffic2-Mask.mp4,Data-Processing\Raw-Data\Otsu\M4\120p\Traffic2\Traffic2-Mask.mp4,0.8645,0.0264,0.891,0.8636,0.0025,0.8616,50
120p,Traffic2,K3,A0.01_,T0.9,M5,Data-Processing\Raw-Data\Param-Sweep\120p\Traffic2\K3\A0.01_\T0.9\M5\Traffic2-Mask.mp4,Data-Processing\Raw-Data\OpenCV\M5\120p\Traffic2\Traffic2-Mask.mp4,Data-Processing\Raw-Data\Otsu\M5\120p\Traffic2\Traffic2-Mask.mp4,0.8983,0.0237,0.9278,0.8927,0.0026,0.8898,50
120p,Traffic2,K3,A0.1_,T0.5,M3,Data-Processing\Raw-Data\Param-Sweep\120p\Traffic2\K3\A0.1_\T0.5\M3\Traffic2-Mask.mp4,Data-Processing\Raw-Data\OpenCV\M3\120p\Traffic2\Traffic2-Mask.mp4,Data-Processing\Raw-Data\Otsu\M3\120p\Traffic2\Traffic2-Mask.mp4,0.776,0.0377,0.8274,0.7277,0.012,0.7384,50
120p,Traffic2,K3,A0.1_,T0.5,M4,Data-Processing\Raw-Data\Param-Sweep\120p\Traffic2\K3\A0.1_\T0.5\M4\Traffic2-Mask.mp4,Data-Processing\Raw-Data\OpenCV\M4\120p\Traffic2\Traffic2-Mask.mp4,Data-Processing\Raw-Data\Otsu\M4\120p\Traffic2\Traffic2-Mask.mp4,0.8304,0.0344,0.878,0.8424,0.0095,0.8566,50
120p,Traffic2,K3,A0.1_,T0.5,M5,Data-Processing\Raw-Data\Param-Sweep\120p\Traffic2\K3\A0.1_\T0.5\M5\Traffic2-Mask.mp4,Data-Processing\Raw-Data\OpenCV\M5\120p\Traffic2\Traffic2-Mask.mp4,Data-Processing\Raw-Data\Otsu\M5\120p\Traffic2\Traffic2-Mask.mp4,0.8545,0.0321,0.8997,0.8753,0.0099,0.8881,50
120p,Traffic2,K3,A0.1_,T0.7,M3,Data-Processing\Raw-Data\Param-Sweep\120p\Traffic2\K3\A0.1_\T0.7\M3\Traffic2-Mask.mp4,Data-Processing\Raw-Data\OpenCV\M3\120p\Traffic2\Traffic2-Mask.mp4,Data-Processing\Raw-Data\Otsu\M3\120p\Traffic2\Traffic2-Mask.mp4,0.8038,0.0319,0.851,0.7579,0.0068,0.7623,50
120p,Traffic2,K3,A0.1_,T0.7,M4,Data-Processing\Raw-Data\Param-Sweep\120p\Traffic2\K3\A0.1_\T0.7\M4\Traffic2-Mask.mp4,Data-Processing\Raw-Data\OpenCV\M4\120p\Traffic2\Traffic2-Mask.mp4,Data-Processing\Raw-Data\Otsu\M4\120p\Traffic2\Traffic2-Mask.mp4,0.8549,0.0279,0.8886,0.8704,0.0026,0.8728,50
120p,Traffic2,K3,A0.1_,T0.7,M5,Data-Processing\Raw-Data\Param-Sweep\120p\Traffic2\K3\A0.1_\T0.7\M5\Traffic2-Mask.mp4,Data-Processing\Raw-Data\OpenCV\M5\120p\Traffic2\Traffic2-Mask.mp4,Data-Processing\Raw-Data\Otsu\M5\120p\Traffic2\Traffic2-Mask.mp4,0.8798,0.0252,0.9122,0.9079,0.0023,0.9124,50
120p,Traffic2,K3,A0.1_,T0.9,M3,Data-Processing\Raw-Data\Param-Sweep\120p\Traffic2\K3\A0.1_\T0.9\M3\Traffic2-Mask.mp4,Data-Processing\Raw-Data\OpenCV\M3\120p\Traffic2\Traffic2-Mask.mp4,Data-Processing\Raw-Data\Otsu\M3\120p\Traffic2\Traffic2-Mask.mp4,0.8374,0.0294,0.8671,0.7942,0.0024,0.8045,50
120p,Traffic2,K3,A0.1_,T0.9,M4,Data-Processing\Raw-Data\Param-Sweep\120p\Traffic2\K3\A0.1_\T0.9\M4\Traffic2-Mask.mp4,Data-Processing\Raw-Data\OpenCV\M4\120p\Traffic2\Traffic2-Mask.mp4,Data-Processing\Raw-Data\Otsu\M4\120p\Traffic2\Traffic2-Mask.mp4,0.8709,0.0277,0.8985,0.8897,0.0015,0.8927,50
120p,Traffic2,K3,A0.1_,T0.9,M5,Data-Processing\Raw-Data\Param-Sweep\120p\Traffic2\K3\A0.1_\T0.9\M5\Traffic2-Mask.mp4,Data-Processing\Raw-Data\OpenCV\M5\120p\Traffic2\Traffic2-Mask.mp4,Data-Processing\Raw-Data\Otsu\M5\120p\Traffic2\Traffic2-Mask.mp4,0.8968,0.0247,0.9303,0.9306,0.0012,0.9297,50
120p,Traffic2,K4,A0.001_,T0.5,M3,Data-Processing\Raw-Data\Param-Sweep\120p\Traffic2\K4\A0.001_\T0.5\M3\Traffic2-Mask.mp4,Data-Processing\Raw-Data\OpenCV\M3\120p\Traffic2\Traffic2-Mask.mp4,Data-Processing\Raw-Data\Otsu\M3\120p\Traffic2\Traffic2-Mask.mp4,0.3657,0.0499,0.3164,0.356,0.0502,0.3089,50
120p,Traffic2,K4,A0.001_,T0.5,M4,Data-Processing\Raw-Data\Param-Sweep\120p\Traffic2\K4\A0.001_\T0.5\M4\Traffic2-Mask.mp4,Data-Processing\Raw-Data\OpenCV\M4\120p\Traffic2\Traffic2-Mask.mp4,Data-Processing\Raw-Data\Otsu\M4\120p\Traffic2\Traffic2-Mask.mp4,0.5641,0.0399,0.6021,0.5717,0.04,0.6128,50
120p,Traffic2,K4,A0.001_,T0.5,M5,Data-Processing\Raw-Data\Param-Sweep\120p\Traffic2\K4\A0.001_\T0.5\M5\Traffic2-Mask.mp4,Data-Processing\Raw-Data\OpenCV\M5\120p\Traffic2\Traffic2-Mask.mp4,Data-Processing\Raw-Data\Otsu\M5\120p\Traffic2\Traffic2-Mask.mp4,0.572,0.0413,0.6148,0.5772,0.0409,0.6123,50
120p,Traffic2,K4,A0.001_,T0.7,M3,Data-Processing\Raw-Data\Param-Sweep\120p\Traffic2\K4\A0.001_\T0.7\M3\Traffic2-Mask.mp4,Data-Processing\Raw-Data\OpenCV\M3\120p\Traffic2\Traffic2-Mask.mp4,Data-Processing\Raw-Data\Otsu\M3\120p\Traffic2\Traffic2-Mask.mp4,0.5236,0.0834,0.5778,0.489,0.0699,0.5726,50
120p,Traffic2,K4,A0.001_,T0.7,M4,Data-Processing\Raw-Data\Param-Sweep\120p\Traffic2\K4\A0.001_\T0.7\M4\Traffic2-Mask.mp4,Data-Processing\Raw-Data\OpenCV\M4\120p\Traffic2\Traffic2-Mask.mp4,Data-Processing\Raw-Data\Otsu\M4\120p\Traffic2\Traffic2-Mask.mp4,0.6581,0.0537,0.7317,0.6581,0.0487,0.7089,50
120p,Traffic2,K4,A0.001_,T0.7,M5,Data-Processing\Raw-Data\Param-Sweep\120p\Traffic2\K4\A0.001_\T0.7\M5\Traffic2-Mask.mp4,Data-Processing\Raw-Data\OpenCV\M5\120p\Traffic2\Traffic2-Mask.mp4,Data-Processing\Raw-Data\Otsu\M5\120p\Traffic2\Traffic2-Mask.mp4,0.6692,0.0555,0.736,0.6711,0.0518,0.723,50
120p,Traffic2,K4,A0.001_,T0.9,M3,Data-Processing\Raw-Data\Param-Sweep\120p\Traffic2\K4\A0.001_\T0.9\M3\Traffic2-Mask.mp4,Data-Processing\Raw-Data\OpenCV\M3\120p\Traffic2\Traffic2-Mask.mp4,Data-Processing\Raw-Data\Otsu\M3\120p\Traffic2\Traffic2-Mask.mp4,0.7201,0.06,0.8112,0.6535,0.0453,0.7288,50
120p,Traffic2,K4,A0.001_,T0.9,M4,Data-Processing\Raw-Data\Param-Sweep\120p\Traffic2\K4\A0.001_\T0.9\M4\Traffic2-Mask.mp4,Data-Processing\Raw-Data\OpenCV\M4\120p\Traffic2\Traffic2-Mask.mp4,Data-Processing\Raw-Data\Otsu\M4\120p\Traffic2\Traffic2-Mask.mp4,0.79,0.0348,0.828,0.7806,0.0267,0.8143,50
120p,Traffic2,K4,A0.001_,T0.9,M5,Data-Processing\Raw-Data\Param-Sweep\120p\Traffic2\K4\A0.001_\T0.9\M5\Traffic2-Mask.mp4,Data-Processing\Raw-Data\OpenCV\M5\120p\Traffic2\Traffic2-Mask.mp4,Data-Processing\Raw-Data\Otsu\M5\120p\Traffic2\Traffic2-Mask.mp4,0.8114,0.0364,0.8554,0.8014,0.0292,0.8354,50
120p,Traffic2,K4,A0.01_,T0.5,M3,Data-Processing\Raw-Data\Param-Sweep\120p\Traffic2\K4\A0.01_\T0.5\M3\Traffic2-Mask.mp4,Data-Processing\Raw-Data\OpenCV\M3\120p\Traffic2\Traffic2-Mask.mp4,Data-Processing\Raw-Data\Otsu\M3\120p\Traffic2\Traffic2-Mask.mp4,0.7651,0.044,0.8322,0.6844,0.0329,0.7412,50
120p,Traffic2,K4,A0.01_,T0.5,M4,Data-Processing\Raw-Data\Param-Sweep\120p\Traffic2\K4\A0.01_\T0.5\M4\Traffic2-Mask.mp4,Data-Processing\Raw-Data\OpenCV\M4\120p\Traffic2\Traffic2-Mask.mp4,Data-Processing\Raw-Data\Otsu\M4\120p\Traffic2\Traffic2-Mask.mp4,0.8229,0.0295,0.8654,0.8049,0.0223,0.8334,50
120p,Traffic2,K4,A0.01_,T0.5,M5,Data-Processing\Raw-Data\Param-Sweep\120p\Traffic2\K4\A0.01_\T0.5\M5\Traffic2-Mask.mp4,Data-Processing\Raw-Data\OpenCV\M5\120p\Traffic2\Traffic2-Mask.mp4,Data-Processing\Raw-Data\Otsu\M5\120p\Traffic2\Traffic2-Mask.mp4,0.8461,0.0316,0.8951,0.8283,0.0239,0.8593,50
120p,Traffic2,K4,A0.01_,T0.7,M3,Data-Processing\Raw-Data\Param-Sweep\120p\Traffic2\K4\A0.01_\T0.7\M3\Traffic2-Mask.mp4,Data-Processing\Raw-Data\OpenCV\M3\120p\Traffic2\Traffic2-Mask.mp4,Data-Processing\Raw-Data\Otsu\M3\120p\Traffic2\Traffic2-Mask.mp4,0.8081,0.0361,0.8572,0.7208,0.0217,0.7536,50
120p,Traffic2,K4,A0.01_,T0.7,M4,Data-Processing\Raw-Data\Param-Sweep\120p\Traffic2\K4\A0.01_\T0.7\M4\Traffic2-Mask.mp4,Data-Processing\Raw-Data\OpenCV\M4\120p\Traffic2\Traffic2-Mask.mp4,Data-Processing\Raw-Data\Otsu\M4\120p\Traffic2\Traffic2-Mask.mp4,0.8455,0.0269,0.8814,0.8348,0.0069,0.8454,50
120p,Traffic2,K4,A0.01_,T0.7,M5,Data-Processing\Raw-Data\Param-Sweep\120p\Traffic2\K4\A0.01_\T0.7\M5\Traffic2-Mask.mp4,Data-Processing\Raw-Data\OpenCV\M5\120p\Traffic2\Traffic2-Mask.mp4,Data-Processing\Raw-Data\Otsu\M5\120p\Traffic2\Traffic2-Mask.mp4,0.8755,0.0249,0.9074,0.8604,0.0076,0.8729,50
120p,Traffic2,K4,A0.01_,T0.9,M3,Data-Processing\Raw-Data\Param-Sweep\120p\Traffic2\K4\A0.01_\T0.9\M3\Traffic2-Mask.mp4,Data-Processing\Raw-Data\OpenCV\M3\120p\Traffic2\Traffic2-Mask.mp4,Data-Processing\Raw-Data\Otsu\M3\120p\Traffic2\Traffic2-Mask.mp4,0.8614,0.0298,0.8977,0.7856,0.0031,0.782,50
120p,Traffic2,K4,A0.01_,T0.9,M4,Data-Processing\Raw-Data\Param-Sweep\120p\Traffic2\K4\A0.01_\T0.9\M4\Traffic2-Mask.mp4,Data-Processing\Raw-Data\OpenCV\M4\120p\Traffic2\Traffic2-Mask.mp4,Data-Processing\Raw-Data\Otsu\M4\120p\Traffic2\Traffic2-Mask.mp4,0.8704,0.0271,0.9026,0.872,0.0023,0.8625,50
120p,Traffic2,K4,A0.01_,T0.9,M5,Data-Processing\Raw-Data\Param-Sweep\120p\Traffic2\K4\A0.01_\T0.9\M5\Traffic2-Mask.mp4,Data-Processing\Raw-Data\OpenCV\M5\120p\Traffic2\Traffic2-Mask.mp4,Data-Processing\Raw-Data\Otsu\M5\120p\Traffic2\Traffic2-Mask.mp4,0.9044,0.0246,0.9326,0.9046,0.0022,0.9044,50
120p,Traffic2,K4,A0.1_,T0.5,M3,Data-Processing\Raw-Data\Param-Sweep\120p\Traffic2\K4\A0.1_\T0.5\M3\Traffic2-Mask.mp4,Data-Processing\Raw-Data\OpenCV\M3\120p\Traffic2\Traffic2-Mask.mp4,Data-Processing\Raw-Data\Otsu\M3\120p\Traffic2\Traffic2-Mask.mp4,0.7761,0.0376,0.8224,0.7321,0.0118,0.7411,50
120p,Traffic2,K4,A0.1_,T0.5,M4,Data-Processing\Raw-Data\Param-Sweep\120p\Traffic2\K4\A0.1_\T0.5\M4\Traffic2-Mask.mp4,Data-Processing\Raw-Data\OpenCV\M4\120p\Traffic2\Traffic2-Mask.mp4,Data-Processing\Raw-Data\Otsu\M4\120p\Traffic2\Traffic2-Mask.mp4,0.8328,0.0345,0.8779,0.8467,0.0094,0.8639,50
120p,Traffic2,K4,A0.1_,T0.5,M5,Data-Processing\Raw-Data\Param-Sweep\120p\Traffic2\K4\A0.1_\T0.5\M5\Traffic2-Mask.mp4,Data-Processing\Raw-Data\OpenCV\M5\120p\Traffic2\Traffic2-Mask.mp4,Data-Processing\Raw-Data\Otsu\M5\120p\Traffic2\Traffic2-Mask.mp4,0.8561,0.0321,0.9014,0.8823,0.0097,0.8956,50
120p,Traffic2,K4,A0.1_,T0.7,M3,Data-Processing\Raw-Data\Param-Sweep\120p\Traffic2\K4\A0.1_\T0.7\M3\Traffic2-Mask.mp4,Data-Processing\Raw-Data\OpenCV\M3\120p\Traffic2\Traffic2-Mask.mp4,Data-Processing\Raw-Data\Otsu\M3\120p\Traffic2\Traffic2-Mask.mp4,0.8038,0.0319,0.8505,0.7618,0.0064,0.7668,50
120p,Traffic2,K4,A0.1_,T0.7,M4,Data-Processing\Raw-Data\Param-Sweep\120p\Traffic2\K4\A0.1_\T0.7\M4\Traffic2-Mask.mp4,Data-Processing\Raw-Data\OpenCV\M4\120p\Traffic2\Traffic2-Mask.mp4,Data-Processing\Raw-Data\Otsu\M4\120p\Traffic2\Traffic2-Mask.mp4,0.8556,0.028,0.893,0.8732,0.0025,0.877,50
120p,Traffic2,K4,A0.1_,T0.7,M5,Data-Processing\Raw-Data\Param-Sweep\120p\Traffic2\K4\A0.1_\T0.7\M5\Traffic2-Mask.mp4,Data-Processing\Raw-Data\OpenCV\M5\120p\Traffic2\Traffic2-Mask.mp4,Data-Processing\Raw-Data\Otsu\M5\120p\Traffic2\Traffic2-Mask.mp4,0.8807,0.0252,0.9131,0.913,0.0022,0.9181,50
120p,Traffic2,K4,A0.1_,T0.9,M3,Data-Processing\Raw-Data\Param-Sweep\120p\Traffic2\K4\A0.1_\T0.9\M3\Traffic2-Mask.mp4,Data-Processing\Raw-Data\OpenCV\M3\120p\Traffic2\Traffic2-Mask.mp4,Data-Processing\Raw-Data\Otsu\M3\120p\Traffic2\Traffic2-Mask.mp4,0.8386,0.0295,0.8674,0.7969,0.0024,0.8099,50
120p,Traffic2,K4,A0.1_,T0.9,M4,Data-Processing\Raw-Data\Param-Sweep\120p\Traffic2\K4\A0.1_\T0.9\M4\Traffic2-Mask.mp4,Data-Processing\Raw-Data\OpenCV\M4\120p\Traffic2\Traffic2-Mask.mp4,Data-Processing\Raw-Data\Otsu\M4\120p\Traffic2\Traffic2-Mask.mp4,0.8706,0.0277,0.8985,0.8902,0.0015,0.8929,50
120p,Traffic2,K4,A0.1_,T0.9,M5,Data-Processing\Raw-Data\Param-Sweep\120p\Traffic2\K4\A0.1_\T0.9\M5\Traffic2-Mask.mp4,Data-Processing\Raw-Data\OpenCV\M5\120p\Traffic2\Traffic2-Mask.mp4,Data-Processing\Raw-Data\Otsu\M5\120p\Traffic2\Traffic2-Mask.mp4,0.8965,0.0246,0.9303,0.9316,0.0012,0.9297,50
240p,Traffic2,K2,A0.001_,T0.5,M3,Data-Processing\Raw-Data\Param-Sweep\240p\Traffic2\K2\A0.001_\T0.5\M3\Traffic2-Mask.mp4,Data-Processing\Raw-Data\OpenCV\M3\240p\Traffic2\Traffic2-Mask.mp4,Data-Processing\Raw-Data\Otsu\M3\240p\Traffic2\Traffic2-Mask.mp4,0.2149,0.0167,0.2718,0.2322,0.0289,0.2731,50
240p,Traffic2,K2,A0.001_,T0.5,M4,Data-Processing\Raw-Data\Param-Sweep\240p\Traffic2\K2\A0.001_\T0.5\M4\Traffic2-Mask.mp4,Data-Processing\Raw-Data\OpenCV\M4\240p\Traffic2\Traffic2-Mask.mp4,Data-Processing\Raw-Data\Otsu\M4\240p\Traffic2\Traffic2-Mask.mp4,0.4137,0.0384,0.4928,0.422,0.043,0.496,50
240p,Traffic2,K2,A0.001_,T0.5,M5,Data-Processing\Raw-Data\Param-Sweep\240p\Traffic2\K2\A0.001_\T0.5\M5\Traffic2-Mask.mp4,Data-Processing\Raw-Data\OpenCV\M5\240p\Traffic2\Traffic2-Mask.mp4,Data-Processing\Raw-Data\Otsu\M5\240p\Traffic2\Traffic2-Mask.mp4,0.416,0.0393,0.5018,0.4222,0.0437,0.495,50
240p,Traffic2,K2,A0.001_,T0.7,M3,Data-Processing\Raw-Data\Param-Sweep\240p\Traffic2\K2\A0.001_\T0.7\M3\Traffic2-Mask.mp4,Data-Processing\Raw-Data\OpenCV\M3\240p\Traffic2\Traffic2-Mask.mp4,Data-Processing\Raw-Data\Otsu\M3\240p\Traffic2\Traffic2-Mask.mp4,0.2515,0.0288,0.2718,0.2612,0.0365,0.2731,50
240p,Traffic2,K2,A0.001_,T0.7,M4,Data-Processing\Raw-Data\Param-Sweep\240p\Traffic2\K2\A0.001_\T0.7\M4\Traffic2-Mask.mp4,Data-Processing\Raw-Data\OpenCV\M4\240p\Traffic2\Traffic2-Mask.mp4,Data-Processing\Raw-Data\Otsu\M4\240p\Traffic2\Traffic2-Mask.mp4,0.4605,0.0559,0.5049,0.4586,0.0539,0.4973,50
240p,Traffic2,K2,A0.001_,T0.7,M5,Data-Processing\Raw-Data\Param-Sweep\240p\Traffic2\K2\A0.001_\T0.7\M5\Traffic2-Mask.mp4,Data-Processing\Raw-Data\OpenCV\M5\240p\Traffic2\Traffic2-Mask.mp4,Data-Processing\Raw-Data\Otsu\M5\240p\Traffic2\Traffic2-Mask.mp4,0.4629,0.057,0.5097,0.4646,0.0575,0.4987,50
240p,Traffic2,K2,A0.001_,T0.9,M3,Data-Processing\Raw-Data\Param-Sweep\240p\Traffic2\K2\A0.001_\T0.9\M3\Traffic2-Mask.mp4,Data-Processing\Raw-Data\OpenCV\M3\240p\Traffic2\Traffic2-Mask.mp4,Data-Processing\Raw-Data\Otsu\M3\240p\Traffic2\Traffic2-Mask.mp4,0.4697,0.061,0.5397,0.4178,0.0449,0.4558,50
240p,Traffic2,K2,A0.001_,T0.9,M4,Data-Processing\Raw-Data\Param-Sweep\240p\Traffic2\K2\A0.001_\T0.9\M4\Traffic2-Mask.mp4,Data-Processing\Raw-Data\OpenCV\M4\240p\Traffic2\Traffic2-Mask.mp4,Data-Processing\Raw-Data\Otsu\M4\240p\Traffic2\Traffic2-Mask.mp4,0.6262,0.0581,0.693,0.5891,0.0479,0.6468,50
240p,Traffic2,K2,A0.001_,T0.9,M5,Data-Processing\Raw-Data\Param-Sweep\240p\Traffic2\K2\A0.001_\T0.9\M5\Traffic2-Mask.mp4,Data-Processing\Raw-Data\OpenCV\M5\240p\Traffic2\Traffic2-Mask.mp4,Data-Processing\Raw-Data\Otsu\M5\240p\Traffic2\Traffic2-Mask.mp4,0.6289,0.0594,0.6927,0.6137,0.0531,0.6781,50
240p,Traffic2,K2,A0.01_,T0.5,M3,Data-Processing\Raw-Data\Param-Sweep\240p\Traffic2\K2\A0.01_\T0.5\M3\Traffic2-Mask.mp4,Data-Processing\Raw-Data\OpenCV\M3\240p\Traffic2\Traffic2-Mask.mp4,Data-Processing\Raw-Data\Otsu\M3\240p\Traffic2\Traffic2-Mask.mp4,0.7073,0.0564,0.8096,0.5775,0.0344,0.6391,50
240p,Traffic2,K2,A0.01_,T0.5,M4,Data-Processing\Raw-Data\Param-Sweep\240p\Traffic2\K2\A0.01_\T0.5\M4\Traffic2-Mask.mp4,Data-Processing\Raw-Data\OpenCV\M4\240p\Traffic2\Traffic2-Mask.mp4,Data-Processing\Raw-Data\Otsu\M4\240p\Traffic2\Traffic2-Mask.mp4,0.786,0.0386,0.8437,0.7218,0.0284,0.7586,50
240p,Traffic2,K2,A0.01_,T0.5,M5,Data-Processing\Raw-Data\Param-Sweep\240p\Traffic2\K2\A0.01_\T0.5\M5\Traffic2-Mask.mp4,Data-Processing\Raw-Data\OpenCV\M5\240p\Traffic2\Traffic2-Mask.mp4,Data-Processing\Raw-Data\Otsu\M5\240p\Traffic2\Traffic2-Mask.mp4,0.7938,0.0398,0.8523,0.7611,0.0316,0.8033,50
240p,Traffic2,K2,A0.01_,T0.7,M3,Data-Processing\Raw-Data\Param-Sweep\240p\Traffic2\K2\A0.01_\T0.7\M3\Traffic2-Mask.mp4,Data-Processing\Raw-Data\OpenCV\M3\240p\Traffic2\Traffic2-Mask.mp4,Data-Processing\Raw-Data\Otsu\M3\240p\Traffic2\Traffic2-Mask.mp4,0.7577,0.0425,0.8246,0.6142,0.0254,0.6563,50
240p,Traffic2,K2,A0.01_,T0.7,M4,Data-Processing\Raw-Data\Param-Sweep\240p\Traffic2\K2\A0.01_\T0.7\M4\Traffic2-Mask.mp4,Data-Processing\Raw-Data\OpenCV\M4\240p\Traffic2\Traffic2-Mask.mp4,Data-Processing\Raw-Data\Otsu\M4\240p\Traffic2\Traffic2-Mask.mp4,0.817,0.0282,0.8557,0.7467,0.0194,0.7689,50
240p,Traffic2,K2,A0.01_,T0.7,M5,Data-Processing\Raw-Data\Param-Sweep\240p\Traffic2\K2\A0.01_\T0.7\M5\Traffic2-Mask.mp4,Data-Processing\Raw-Data\OpenCV\M5\240p\Traffic2\Traffic2-Mask.mp4,Data-Processing\Raw-Data\Otsu\M5\240p\Traffic2\Traffic2-Mask.mp4,0.8253,0.029,0.8661,0.788,0.0214,0.8184,50
240p,Traffic2,K2,A0.01_,T0.9,M3,Data-Processing\Raw-Data\Param-Sweep\240p\Traffic2\K2\A0.01_\T0.9\M3\Traffic2-Mask.mp4,Data-Processing\Raw-Data\OpenCV\M3\240p\Traffic2\Traffic2-Mask.mp4,Data-Processing\Raw-Data\Otsu\M3\240p\Traffic2\Traffic2-Mask.mp4,0.8362,0.0266,0.8612,0.6888,0.004,0.6875,50
240p,Traffic2,K2,A0.01_,T0.9,M4,Data-Processing\Raw-Data\Param-Sweep\240p\Traffic2\K2\A0.01_\T0.9\M4\Traffic2-Mask.mp4,Data-Processing\Raw-Data\OpenCV\M4\240p\Traffic2\Traffic2-Mask.mp4,Data-Processing\Raw-Data\Otsu\M4\240p\Traffic2\Traffic2-Mask.mp4,0.8614,0.023,0.8923,0.7982,0.0029,0.7968,50
240p,Traffic2,K2,A0.01_,T0.9,M5,Data-Processing\Raw-Data\Param-Sweep\240p\Traffic2\K2\A0.01_\T0.9\M5\Traffic2-Mask.mp4,Data-Processing\Raw-Data\OpenCV\M5\240p\Traffic2\Traffic2-Mask.mp4,Data-Processing\Raw-Data\Otsu\M5\240p\Traffic2\Traffic2-Mask.mp4,0.874,0.0215,0.9018,0.8424,0.0027,0.8392,50
240p,Traffic2,K2,A0.1_,T0.5,M3,Data-Processing\Raw-Data\Param-Sweep\240p\Traffic2\K2\A0.1_\T0.5\M3\Traffic2-Mask.mp4,Data-Processing\Raw-Data\OpenCV\M3\240p\Traffic2\Traffic2-Mask.mp4,Data-Processing\Raw-Data\Otsu\M3\240p\Traffic2\Traffic2-Mask.mp4,0.7838,0.0358,0.8345,0.6585,0.011,0.6686,50
240p,Traffic2,K2,A0.1_,T0.5,M4,Data-Processing\Raw-Data\Param-Sweep\240p\Traffic2\K2\A0.1_\T0.5\M4\Traffic2-Mask.mp4,Data-Processing\Raw-Data\OpenCV\M4\240p\Traffic2\Traffic2-Mask.mp4,Data-Processing\Raw-Data\Otsu\M4\240p\Traffic2\Traffic2-Mask.mp4,0.8331,0.0308,0.8819,0.7809,0.0088,0.792,50
240p,Traffic2,K2,A0.1_,T0.5,M5,Data-Processing\Raw-Data\Param-Sweep\240p\Traffic2\K2\A0.1_\T0.5\M5\Traffic2-Mask.mp4,Data-Processing\Raw-Data\OpenCV\M5\240p\Traffic2\Traffic2-Mask.mp4,Data-Processing\Raw-Data\Otsu\M5\240p\Traffic2\Traffic2-Mask.mp4,0.8439,0.029,0.8878,0.8261,0.0094,0.841,50
240p,Traffic2,K2,A0.1_,T0.7,M3,Data-Processing\Raw-Data\Param-Sweep\240p\Traffic2\K2\A0.1_\T0.7\M3\Traffic2-Mask.mp4,Data-Processing\Raw-Data\OpenCV\M3\240p\Traffic2\Traffic2-Mask.mp4,Data-Processing\Raw-Data\Otsu\M3\240p\Traffic2\Traffic2-Mask.mp4,0.8209,0.0288,0.8569,0.6921,0.0046,0.6885,50
240p,Traffic2,K2,A0.1_,T0.7,M4,Data-Processing\Raw-Data\Param-Sweep\240p\Traffic2\K2\A0.1_\T0.7\M4\Traffic2-Mask.mp4,Data-Processing\Raw-Data\OpenCV\M4\240p\Traffic2\Traffic2-Mask.mp4,Data-Processing\Raw-Data\Otsu\M4\240p\Traffic2\Traffic2-Mask.mp4,0.8614,0.0243,0.8908,0.8105,0.002,0.8062,50
240p,Traffic2,K2,A0.1_,T0.7,M5,Data-Processing\Raw-Data\Param-Sweep\240p\Traffic2\K2\A0.1_\T0.7\M5\Traffic2-Mask.mp4,Data-Processing\Raw-Data\OpenCV\M5\240p\Traffic2\Traffic2-Mask.mp4,Data-Processing\Raw-Data\Otsu\M5\240p\Traffic2\Traffic2-Mask.mp4,0.8736,0.0224,0.9009,0.8579,0.0017,0.854,50
240p,Traffic2,K2,A0.1_,T0.9,M3,Data-Processing\Raw-Data\Param-Sweep\240p\Traffic2\K2\A0.1_\T0.9\M3\Traffic2-Mask.mp4,Data-Processing\Raw-Data\OpenCV\M3\240p\Traffic2\Traffic2-Mask.mp4,Data-Processing\Raw-Data\Otsu\M3\240p\Traffic2\Traffic2-Mask.mp4,0.8471,0.0279,0.8751,0.7227,0.0026,0.7178,50
240p,Traffic2,K2,A0.1_,T0.9,M4,Data-Processing\Raw-Data\Param-Sweep\240p\Traffic2\K2\A0.1_\T0.9\M4\Traffic2-Mask.mp4,Data-Processing\Raw-Data\OpenCV\M4\240p\Traffic2\Traffic2-Mask.mp4,Data-Processing\Raw-Data\Otsu\M4\240p\Traffic2\Traffic2-Mask.mp4,0.8723,0.0247,0.9004,0.8318,0.0014,0.8303,50
240p,Traffic2,K2,A0.1_,T0.9,M5,Data-Processing\Raw-Data\Param-Sweep\240p\Traffic2\K2\A0.1_\T0.9\M5\Traffic2-Mask.mp4,Data-Processing\Raw-Data\OpenCV\M5\240p\Traffic2\Traffic2-Mask.mp4,Data-Processing\Raw-Data\Otsu\M5\240p\Traffic2\Traffic2-Mask.mp4,0.8882,0.0228,0.9133,0.8842,0.001,0.8812,50
240p,Traffic2,K3,A0.001_,T0.5,M3,Data-Processing\Raw-Data\Param-Sweep\240p\Traffic2\K3\A0.001_\T0.5\M3\Traffic2-Mask.mp4,Data-Processing\Raw-Data\OpenCV\M3\240p\Traffic2\Traffic2-Mask.mp4,Data-Processing\Raw-Data\Otsu\M3\240p\Traffic2\Traffic2-Mask.mp4,0.3402,0.0452,0.2905,0.3208,0.0396,0.2865,50
240p,Traffic2,K3,A0.001_,T0.5,M4,Data-Processing\Raw-Data\Param-Sweep\240p\Traffic2\K3\A0.001_\T0.5\M4\Traffic2-Mask.mp4,Data-Processing\Raw-Data\OpenCV\M4\240p\Traffic2\Traffic2-Mask.mp4,Data-Processing\Raw-Data\Otsu\M4\240p\Traffic2\Traffic2-Mask.mp4,0.5133,0.04,0.5093,0.4988,0.0381,0.5022,50
240p,Traffic2,K3,A0.001_,T0.5,M5,Data-Processing\Raw-Data\Param-Sweep\240p\Traffic2\K3\A0.001_\T0.5\M5\Traffic2-Mask.mp4,Data-Processing\Raw-Data\OpenCV\M5\240p\Traffic2\Traffic2-Mask.mp4,Data-Processing\Raw-Data\Otsu\M5\240p\Traffic2\Traffic2-Mask.mp4,0.516,0.0406,0.5148,0.5117,0.0402,0.51,50
240p,Traffic2,K3,A0.001_,T0.7,M3,Data-Processing\Raw-Data\Param-Sweep\240p\Traffic2\K3\A0.001_\T0.7\M3\Traffic2-Mask.mp4,Data-Processing\Raw-Data\OpenCV\M3\240p\Traffic2\Traffic2-Mask.mp4,Data-Processing\Raw-Data\Otsu\M3\240p\Traffic2\Traffic2-Mask.mp4,0.4845,0.0823,0.4288,0.4222,0.0541,0.3821,50
240p,Traffic2,K3,A0.001_,T0.7,M4,Data-Processing\Raw-Data\Param-Sweep\240p\Traffic2\K3\A0.001_\T0.7\M4\Traffic2-Mask.mp4,Data-Processing\Raw-Data\OpenCV\M4\240p\Traffic2\Traffic2-Mask.mp4,Data-Processing\Raw-Data\Otsu\M4\240p\Traffic2\Traffic2-Mask.mp4,0.6205,0.0574,0.6246,0.5839,0.0459,0.5954,50
240p,Traffic2,K3,A0.001_,T0.7,M5,Data-Processing\Raw-Data\Param-Sweep\240p\Traffic2\K3\A0.001_\T0.7\M5\Traffic2-Mask.mp4,Data-Processing\Raw-Data\OpenCV\M5\240p\Traffic2\Traffic2-Mask.mp4,Data-Processing\Raw-Data\Otsu\M5\240p\Traffic2\Traffic2-Mask.mp4,0.6247,0.0584,0.6288,0.6094,0.0511,0.6199,50
240p,Traffic2,K3,A0.001_,T0.9,M3,Data-Processing\Raw-Data\Param-Sweep\240p\Traffic2\K3\A0.001_\T0.9\M3\Traffic2-Mask.mp4,Data-Processing\Raw-Data\OpenCV\M3\240p\Traffic2\Traffic2-Mask.mp4,Data-Processing\Raw-Data\Otsu\M3\240p\Traffic2\Traffic2-Mask.mp4,0.6734,0.0758,0.7775,0.5569,0.0441,0.635,50
240p,Traffic2,K3,A0.001_,T0.9,M4,Data-Processing\Raw-Data\Param-Sweep\240p\Traffic2\K3\A0.001_\T0.9\M4\Traffic2-Mask.mp4,Data-Processing\Raw-Data\OpenCV\M4\240p\Traffic2\Traffic2-Mask.mp4,Data-Processing\Raw-Data\Otsu\M4\240p\Traffic2\Traffic2-Mask.mp4,0.7615,0.0452,0.8285,0.7015,0.0318,0.7459,50
240p,Traffic2,K3,A0.001_,T0.9,M5,Data-Processing\Raw-Data\Param-Sweep\240p\Traffic2\K3\A0.001_\T0.9\M5\Traffic2-Mask.mp4,Data-Processing\Raw-Data\OpenCV\M5\240p\Traffic2\Traffic2-Mask.mp4,Data-Processing\Raw-Data\Otsu\M5\240p\Traffic2\Traffic2-Mask.mp4,0.7695,0.0468,0.8371,0.7384,0.0361,0.791,50
240p,Traffic2,K3,A0.01_,T0.5,M3,Data-Processing\Raw-Data\Param-Sweep\240p\Traffic2\K3\A0.01_\T0.5\M3\Traffic2-Mask.mp4,Data-Processing\Raw-Data\OpenCV\M3\240p\Traffic2\Traffic2-Mask.mp4,Data-Processing\Raw-Data\Otsu\M3\240p\Traffic2\Traffic2-Mask.mp4,0.7705,0.0469,0.8536,0.6218,0.0273,0.6785,50
240p,Traffic2,K3,A0.01_,T0.5,M4,Data-Processing\Raw-Data\Param-Sweep\240p\Traffic2\K3\A0.01_\T0.5\M4\Traffic2-Mask.mp4,Data-Processing\Raw-Data\OpenCV\M4\240p\Traffic2\Traffic2-Mask.mp4,Data-Processing\Raw-Data\Otsu\M4\240p\Traffic2\Traffic2-Mask.mp4,0.8279,0.0294,0.8703,0.7551,0.0194,0.7826,50
240p,Traffic2,K3,A0.01_,T0.5,M5,Data-Processing\Raw-Data\Param-Sweep\240p\Traffic2\K3\A0.01_\T0.5\M5\Traffic2-Mask.mp4,Data-Processing\Raw-Data\OpenCV\M5\240p\Traffic2\Traffic2-Mask.mp4,Data-Processing\Raw-Data\Otsu\M5\240p\Traffic2\Traffic2-Mask.mp4,0.8395,0.0306,0.8827,0.7978,0.0215,0.8327,50
240p,Traffic2,K3,A0.01_,T0.7,M3,Data-Processing\Raw-Data\Param-Sweep\240p\Traffic2\K3\A0.01_\T0.7\M3\Traffic2-Mask.mp4,Data-Processing\Raw-Data\OpenCV\M3\240p\Traffic2\Traffic2-Mask.mp4,Data-Processing\Raw-Data\Otsu\M3\240p\Traffic2\Traffic2-Mask.mp4,0.8157,0.0361,0.8765,0.6528,0.0201,0.6952,50
240p,Traffic2,K3,A0.01_,T0.7,M4,Data-Processing\Raw-Data\Param-Sweep\240p\Traffic2\K3\A0.01_\T0.7\M4\Traffic2-Mask.mp4,Data-Processing\Raw-Data\OpenCV\M4\240p\Traffic2\Traffic2-Mask.mp4,Data-Processing\Raw-Data\Otsu\M4\240p\Traffic2\Traffic2-Mask.mp4,0.8559,0.0236,0.8841,0.7779,0.0128,0.7929,50
240p,Traffic2,K3,A0.01_,T0.7,M5,Data-Processing\Raw-Data\Param-Sweep\240p\Traffic2\K3\A0.01_\T0.7\M5\Traffic2-Mask.mp4,Data-Processing\Raw-Data\OpenCV\M5\240p\Traffic2\Traffic2-Mask.mp4,Data-Processing\Raw-Data\Otsu\M5\240p\Traffic2\Traffic2-Mask.mp4,0.8705,0.0244,0.8997,0.8232,0.0139,0.8428,50
240p,Traffic2,K3,A0.01_,T0.9,M3,Data-Processing\Raw-Data\Param-Sweep\240p\Traffic2\K3\A0.01_\T0.9\M3\Traffic2-Mask.mp4,Data-Processing\Raw-Data\OpenCV\M3\240p\Traffic2\Traffic2-Mask.mp4,Data-Processing\Raw-Data\Otsu\M3\240p\Traffic2\Traffic2-Mask.mp4,0.869,0.0273,0.8961,0.7124,0.0033,0.7077,50
240p,Traffic2,K3,A0.01_,T0.9,M4,Data-Processing\Raw-Data\Param-Sweep\240p\Traffic2\K3\A0.01_\T0.9\M4\Traffic2-Mask.mp4,Data-Processing\Raw-Data\OpenCV\M4\240p\Traffic2\Traffic2-Mask.mp4,Data-Processing\Raw-Data\Otsu\M4\240p\Traffic2\Traffic2-Mask.mp4,0.8789,0.0237,0.9026,0.8151,0.0022,0.8108,50
240p,Traffic2,K3,A0.01_,T0.9,M5,Data-Processing\Raw-Data\Param-Sweep\240p\Traffic2\K3\A0.01_\T0.9\M5\Traffic2-Mask.mp4,Data-Processing\Raw-Data\OpenCV\M5\240p\Traffic2\Traffic2-Mask.mp4,Data-Processing\Raw-Data\Otsu\M5\240p\Traffic2\Traffic2-Mask.mp4,0.8994,0.0224,0.9297,0.8639,0.0019,0.8625,50
240p,Traffic2,K3,A0.1_,T0.5,M3,Data-Processing\Raw-Data\Param-Sweep\240p\Traffic2\K3\A0.1_\T0.5\M3\Traffic2-Mask.mp4,Data-Processing\Raw-Data\OpenCV\M3\240p\Traffic2\Traffic2-Mask.mp4,Data-Processing\Raw-Data\Otsu\M3\240p\Traffic2\Traffic2-Mask.mp4,0.7886,0.0363,0.8425,0.6676,0.0106,0.6785,50
240p,Traffic2,K3,A0.1_,T0.5,M4,Data-Processing\Raw-Data\Param-Sweep\240p\Traffic2\K3\A0.1_\T0.5\M4\Traffic2-Mask.mp4,Data-Processing\Raw-Data\OpenCV\M4\240p\Traffic2\Traffic2-Mask.mp4,Data-Processing\Raw-Data\Otsu\M4\240p\Traffic2\Traffic2-Mask.mp4,0.8386,0.0309,0.8847,0.7913,0.008,0.8002,50
240p,Traffic2,K3,A0.1_,T0.5,M5,Data-Processing\Raw-Data\Param-Sweep\240p\Traffic2\K3\A0.1_\T0.5\M5\Traffic2-Mask.mp4,Data-Processing\Raw-Data\OpenCV\M5\240p\Traffic2\Traffic2-Mask.mp4,Data-Processing\Raw-Data\Otsu\M5\240p\Traffic2\Traffic2-Mask.mp4,0.851,0.029,0.8968,0.8389,0.0085,0.8498,50
240p,Traffic2,K3,A0.1_,T0.7,M3,Data-Processing\Raw-Data\Param-Sweep\240p\Traffic2\K3\A0.1_\T0.7\M3\Traffic2-Mask.mp4,Data-Processing\Raw-Data\OpenCV\M3\240p\Traffic2\Traffic2-Mask.mp4,Data-Processing\Raw-Data\Otsu\M3\240p\Traffic2\Traffic2-Mask.mp4,0.824,0.0288,0.8606,0.7011,0.0042,0.6953,50
240p,Traffic2,K3,A0.1_,T0.7,M4,Data-Processing\Raw-Data\Param-Sweep\240p\Traffic2\K3\A0.1_\T0.7\M4\Traffic2-Mask.mp4,Data-Processing\Raw-Data\OpenCV\M4\240p\Traffic2\Traffic2-Mask.mp4,Data-Processing\Raw-Data\Otsu\M4\240p\Traffic2\Traffic2-Mask.mp4,0.863,0.0245,0.8938,0.8201,0.0018,0.8177,50
240p,Traffic2,K3,A0.1_,T0.7,M5,Data-Processing\Raw-Data\Param-Sweep\240p\Traffic2\K3\A0.1_\T0.7\M5\Traffic2-Mask.mp4,Data-Processing\Raw-Data\OpenCV\M5\240p\Traffic2\Traffic2-Mask.mp4,Data-Processing\Raw-Data\Otsu\M5\240p\Traffic2\Traffic2-Mask.mp4,0.8774,0.0225,0.9052,0.8707,0.0014,0.8706,50
240p,Traffic2,K3,A0.1_,T0.9,M3,Data-Processing\Raw-Data\Param-Sweep\240p\Traffic2\K3\A0.1_\T0.9\M3\Traffic2-Mask.mp4,Data-Processing\Raw-Data\OpenCV\M3\240p\Traffic2\Traffic2-Mask.mp4,Data-Processing\Raw-Data\Otsu\M3\240p\Traffic2\Traffic2-Mask.mp4,0.8491,0.028,0.8771,0.727,0.0025,0.7246,50
240p,Traffic2,K3,A0.1_,T0.9,M4,Data-Processing\Raw-Data\Param-Sweep\240p\Traffic2\K3\A0.1_\T0.9\M4\Traffic2-Mask.mp4,Data-Processing\Raw-Data\OpenCV\M4\240p\Traffic2\Traffic2-Mask.mp4,Data-Processing\Raw-Data\Otsu\M4\240p\Traffic2\Traffic2-Mask.mp4,0.8729,0.0247,0.9008,0.8342,0.0014,0.8336,50
240p,Traffic2,K3,A0.1_,T0.9,M5,Data-Processing\Raw-Data\Param-Sweep\240p\Traffic2\K3\A0.1_\T0.9\M5\Traffic2-Mask.mp4,Data-Processing\Raw-Data\OpenCV\M5\240p\Traffic2\Traffic2-Mask.mp4,Data-Processing\Raw-Data\Otsu\M5\240p\Traffic2\Traffic2-Mask.mp4,0.8892,0.0229,0.9178,0.8877,0.001,0.8856,50
240p,Traffic2,K4,A0.001_,T0.5,M3,Data-Processing\Raw-Data\Param-Sweep\240p\Traffic2\K4\A0.001_\T0.5\M3\Traffic2-Mask.mp4,Data-Processing\Raw-Data\OpenCV\M3\240p\Traffic2\Traffic2-Mask.mp4,Data-Processing\Raw-Data\Otsu\M3\240p\Traffic2\Traffic2-Mask.mp4,0.3764,0.0504,0.3152,0.3462,0.0403,0.3137,50
240p,Traffic2,K4,A0.001_,T0.5,M4,Data-Processing\Raw-Data\Param-Sweep\240p\Traffic2\K4\A0.001_\T0.5\M4\Traffic2-Mask.mp4,Data-Processing\Raw-Data\OpenCV\M4\240p\Traffic2\Traffic2-Mask.mp4,Data-Processing\Raw-Data\Otsu\M4\240p\Traffic2\Traffic2-Mask.mp4,0.5379,0.0399,0.5415,0.5192,0.0365,0.5182,50
240p,Traffic2,K4,A0.001_,T0.5,M5,Data-Processing\Raw-Data\Param-Sweep\240p\Traffic2\K4\A0.001_\T0.5\M5\Traffic2-Mask.mp4,Data-Processing\Raw-Data\OpenCV\M5\240p\Traffic2\Traffic2-Mask.mp4,Data-Processing\Raw-Data\Otsu\M5\240p\Traffic2\Traffic2-Mask.mp4,0.5409,0.0405,0.5458,0.535,0.0388,0.5293,50
240p,Traffic2,K4,A0.001_,T0.7,M3,Data-Processing\Raw-Data\Param-Sweep\240p\Traffic2\K4\A0.001_\T0.7\M3\Traffic2-Mask.mp4,Data-Processing\Raw-Data\OpenCV\M3\240p\Traffic2\Traffic2-Mask.mp4,Data-Processing\Raw-Data\Otsu\M3\240p\Traffic2\Traffic2-Mask.mp4,0.5432,0.0884,0.5542,0.4644,0.0552,0.5102,50
240p,Traffic2,K4,A0.001_,T0.7,M4,Data-Processing\Raw-Data\Param-Sweep\240p\Traffic2\K4\A0.001_\T0.7\M4\Traffic2-Mask.mp4,Data-Processing\Raw-Data\OpenCV\M4\240p\Traffic2\Traffic2-Mask.mp4,Data-Processing\Raw-Data\Otsu\M4\240p\Traffic2\Traffic2-Mask.mp4,0.6555,0.0576,0.732,0.6152,0.0443,0.6907,50
240p,Traffic2,K4,A0.001_,T0.7,M5,Data-Processing\Raw-Data\Param-Sweep\240p\Traffic2\K4\A0.001_\T0.7\M5\Traffic2-Mask.mp4,Data-Processing\Raw-Data\OpenCV\M5\240p\Traffic2\Traffic2-Mask.mp4,Data-Processing\Raw-Data\Otsu\M5\240p\Traffic2\Traffic2-Mask.mp4,0.6611,0.0588,0.7403,0.6427,0.0499,0.7205,50
240p,Traffic2,K4,A0.001_,T0.9,M3,Data-Processing\Raw-Data\Param-Sweep\240p\Traffic2\K4\A0.001_\T0.9\M3\Traffic2-Mask.mp4,Data-Processing\Raw-Data\OpenCV\M3\240p\Traffic2\Traffic2-Mask.mp4,Data-Processing\Raw-Data\Otsu\M3\240p\Traffic2\Traffic2-Mask.mp4,0.7414,0.0627,0.8465,0.6038,0.0356,0.6743,50
240p,Traffic2,K4,A0.001_,T0.9,M4,Data-Processing\Raw-Data\Param-Sweep\240p\Traffic2\K4\A0.001_\T0.9\M4\Traffic2-Mask.mp4,Data-Processing\Raw-Data\OpenCV\M4\240p\Traffic2\Traffic2-Mask.mp4,Data-Processing\Raw-Data\Otsu\M4\240p\Traffic2\Traffic2-Mask.mp4,0.8061,0.0362,0.8703,0.7391,0.024,0.7779,50
240p,Traffic2,K4,A0.001_,T0.9,M5,Data-Processing\Raw-Data\Param-Sweep\240p\Traffic2\K4\A0.001_\T0.9\M5\Traffic2-Mask.mp4,Data-Processing\Raw-Data\OpenCV\M5\240p\Traffic2\Traffic2-Mask.mp4,Data-Processing\Raw-Data\Otsu\M5\240p\Traffic2\Traffic2-Mask.mp4,0.8174,0.0377,0.8806,0.7798,0.0272,0.8228,50
240p,Traffic2,K4,A0.01_,T0.5,M3,Data-Processing\Raw-Data\Param-Sweep\240p\Traffic2\K4\A0.01_\T0.5\M3\Traffic2-Mask.mp4,Data-Processing\Raw-Data\OpenCV\M3\240p\Traffic2\Traffic2-Mask.mp4,Data-Processing\Raw-Data\Otsu\M3\240p\Traffic2\Traffic2-Mask.mp4,0.7918,0.0442,0.8632,0.6356,0.0253,0.693,50
240p,Traffic2,K4,A0.01_,T0.5,M4,Data-Processing\Raw-Data\Param-Sweep\240p\Traffic2\K4\A0.01_\T0.5\M4\Traffic2-Mask.mp4,Data-Processing\Raw-Data\OpenCV\M4\240p\Traffic2\Traffic2-Mask.mp4,Data-Processing\Raw-Data\Otsu\M4\240p\Traffic2\Traffic2-Mask.mp4,0.8403,0.0282,0.8817,0.764,0.0182,0.785,50
240p,Traffic2,K4,A0.01_,T0.5,M5,Data-Processing\Raw-Data\Param-Sweep\240p\Traffic2\K4\A0.01_\T0.5\M5\Traffic2-Mask.mp4,Data-Processing\Raw-Data\OpenCV\M5\240p\Traffic2\Traffic2-Mask.mp4,Data-Processing\Raw-Data\Otsu\M5\240p\Traffic2\Traffic2-Mask.mp4,0.8535,0.0293,0.8929,0.8079,0.0203,0.8376,50
240p,Traffic2,K4,A0.01_,T0.7,M3,Data-Processing\Raw-Data\Param-Sweep\240p\Traffic2\K4\A0.01_\T0.7\M3\Traffic2-Mask.mp4,Data-Processing\Raw-Data\OpenCV\M3\240p\Traffic2\Traffic2-Mask.mp4,Data-Processing\Raw-Data\Otsu\M3\240p\Traffic2\Traffic2-Mask.mp4,0.8288,0.0367,0.8828,0.6643,0.0162,0.6993,50
240p,Traffic2,K4,A0.01_,T0.7,M4,Data-Processing\Raw-Data\Param-Sweep\240p\Traffic2\K4\A0.01_\T0.7\M4\Traffic2-Mask.mp4,Data-Processing\Raw-Data\OpenCV\M4\240p\Traffic2\Traffic2-Mask.mp4,Data-Processing\Raw-Data\Otsu\M4\240p\Traffic2\Traffic2-Mask.mp4,0.8643,0.0238,0.8958,0.7916,0.0055,0.7937,50
240p,Traffic2,K4,A0.01_,T0.7,M5,Data-Processing\Raw-Data\Param-Sweep\240p\Traffic2\K4\A0.01_\T0.7\M5\Traffic2-Mask.mp4,Data-Processing\Raw-Data\OpenCV\M5\240p\Traffic2\Traffic2-Mask.mp4,Data-Processing\Raw-Data\Otsu\M5\240p\Traffic2\Traffic2-Mask.mp4,0.8828,0.0229,0.9179,0.8385,0.0056,0.8473,50
240p,Traffic2,K4,A0.01_,T0.9,M3,Data-Processing\Raw-Data\Param-Sweep\240p\Traffic2\K4\A0.01_\T0.9\M3\Traffic2-Mask.mp4,Data-Processing\Raw-Data\OpenCV\M3\240p\Traffic2\Traffic2-Mask.mp4,Data-Processing\Raw-Data\Otsu\M3\240p\Traffic2\Traffic2-Mask.mp4,0.8759,0.028,0.9066,0.7208,0.0029,0.7177,50
240p,Traffic2,K4,A0.01_,T0.9,M4,Data-Processing\Raw-Data\Param-Sweep\240p\Traffic2\K4\A0.01_\T0.9\M4\Traffic2-Mask.mp4,Data-Processing\Raw-Data\OpenCV\M4\240p\Traffic2\Traffic2-Mask.mp4,Data-Processing\Raw-Data\Otsu\M4\240p\Traffic2\Traffic2-Mask.mp4,0.8813,0.0242,0.9059,0.8213,0.0019,0.8176,50
240p,Traffic2,K4,A0.01_,T0.9,M5,Data-Processing\Raw-Data\Param-Sweep\240p\Traffic2\K4\A0.01_\T0.9\M5\Traffic2-Mask.mp4,Data-Processing\Raw-Data\OpenCV\M5\240p\Traffic2\Traffic2-Mask.mp4,Data-Processing\Raw-Data\Otsu\M5\240p\Traffic2\Traffic2-Mask.mp4,0.9032,0.0228,0.9334,0.8717,0.0016,0.8688,50
240p,Traffic2,K4,A0.1_,T0.5,M3,Data-Processing\Raw-Data\Param-Sweep\240p\Traffic2\K4\A0.1_\T0.5\M3\Traffic2-Mask.mp4,Data-Processing\Raw-Data\OpenCV\M3\240p\Traffic2\Traffic2-Mask.mp4,Data-Processing\Raw-Data\Otsu\M3\240p\Traffic2\Traffic2-Mask.mp4,0.7887,0.0364,0.8437,0.6711,0.0105,0.6817,50
240p,Traffic2,K4,A0.1_,T0.5,M4,Data-Processing\Raw-Data\Param-Sweep\240p\Traffic2\K4\A0.1_\T0.5\M4\Traffic2-Mask.mp4,Data-Processing\Raw-Data\OpenCV\M4\240p\Traffic2\Traffic2-Mask.mp4,Data-Processing\Raw-Data\Otsu\M4\240p\Traffic2\Traffic2-Mask.mp4,0.8393,0.0307,0.885,0.7959,0.0076,0.8073,50
240p,Traffic2,K4,A0.1_,T0.5,M5,Data-Processing\Raw-Data\Param-Sweep\240p\Traffic2\K4\A0.1_\T0.5\M5\Traffic2-Mask.mp4,Data-Processing\Raw-Data\OpenCV\M5\240p\Traffic2\Traffic2-Mask.mp4,Data-Processing\Raw-Data\Otsu\M5\240p\Traffic2\Traffic2-Mask.mp4,0.8524,0.0289,0.8994,0.845,0.008,0.8593,50
240p,Traffic2,K4,A0.1_,T0.7,M3,Data-Processing\Raw-Data\Param-Sweep\240p\Traffic2\K4\A0.1_\T0.7\M3\Traffic2-Mask.mp4,Data-Processing\Raw-Data\OpenCV\M3\240p\Traffic2\Traffic2-Mask.mp4,Data-Processing\Raw-Data\Otsu\M3\240p\Traffic2\Traffic2-Mask.mp4,0.8232,0.0288,0.8589,0.7055,0.004,0.6987,50
240p,Traffic2,K4,A0.1_,T0.7,M4,Data-Processing\Raw-Data\Param-Sweep\240p\Traffic2\K4\A0.1_\T0.7\M4\Traffic2-Mask.mp4,Data-Processing\Raw-Data\OpenCV\M4\240p\Traffic2\Traffic2-Mask.mp4,Data-Processing\Raw-Data\Otsu\M4\240p\Traffic2\Traffic2-Mask.mp4,0.8623,0.0244,0.8933,0.8236,0.0017,0.8206,50
240p,Traffic2,K4,A0.1_,T0.7,M5,Data-Processing\Raw-Data\Param-Sweep\240p\Traffic2\K4\A0.1_\T0.7\M5\Traffic2-Mask.mp4,Data-Processing\Raw-Data\OpenCV\M5\240p\Traffic2\Traffic2-Mask.mp4,Data-Processing\Raw-Data\Otsu\M5\240p\Traffic2\Traffic2-Mask.mp4,0.8774,0.0226,0.9064,0.8758,0.0013,0.8782,50
240p,Traffic2,K4,A0.1_,T0.9,M3,Data-Processing\Raw-Data\Param-Sweep\240p\Traffic2\K4\A0.1_\T0.9\M3\Traffic2-Mask.mp4,Data-Processing\Raw-Data\OpenCV\M3\240p\Traffic2\Traffic2-Mask.mp4,Data-Processing\Raw-Data\Otsu\M3\240p\Traffic2\Traffic2-Mask.mp4,0.8497,0.028,0.8768,0.7297,0.0025,0.7282,50
240p,Traffic2,K4,A0.1_,T0.9,M4,Data-Processing\Raw-Data\Param-Sweep\240p\Traffic2\K4\A0.1_\T0.9\M4\Traffic2-Mask.mp4,Data-Processing\Raw-Data\OpenCV\M4\240p\Traffic2\Traffic2-Mask.mp4,Data-Processing\Raw-Data\Otsu\M4\240p\Traffic2\Traffic2-Mask.mp4,0.8727,0.0247,0.9004,0.8355,0.0014,0.835,50
240p,Traffic2,K4,A0.1_,T0.9,M5,Data-Processing\Raw-Data\Param-Sweep\240p\Traffic2\K4\A0.1_\T0.9\M5\Traffic2-Mask.mp4,Data-Processing\Raw-Data\OpenCV\M5\240p\Traffic2\Traffic2-Mask.mp4,Data-Processing\Raw-Data\Otsu\M5\240p\Traffic2\Traffic2-Mask.mp4,0.8894,0.0229,0.9171,0.8896,0.001,0.8879,50
360p,Traffic2,K2,A0.001_,T0.5,M3,Data-Processing\Raw-Data\Param-Sweep\360p\Traffic2\K2\A0.001_\T0.5\M3\Traffic2-Mask.mp4,Data-Processing\Raw-Data\OpenCV\M3\360p\Traffic2\Traffic2-Mask.mp4,Data-Processing\Raw-Data\Otsu\M3\360p\Traffic2\Traffic2-Mask.mp4,0.2188,0.0151,0.2855,0.2412,0.0278,0.2952,50
360p,Traffic2,K2,A0.001_,T0.5,M4,Data-Processing\Raw-Data\Param-Sweep\360p\Traffic2\K2\A0.001_\T0.5\M4\Traffic2-Mask.mp4,Data-Processing\Raw-Data\OpenCV\M4\360p\Traffic2\Traffic2-Mask.mp4,Data-Processing\Raw-Data\Otsu\M4\360p\Traffic2\Traffic2-Mask.mp4,0.3809,0.0294,0.4601,0.3905,0.0354,0.4561,50
360p,Traffic2,K2,A0.001_,T0.5,M5,Data-Processing\Raw-Data\Param-Sweep\360p\Traffic2\K2\A0.001_\T0.5\M5\Traffic2-Mask.mp4,Data-Processing\Raw-Data\OpenCV\M5\360p\Traffic2\Traffic2-Mask.mp4,Data-Processing\Raw-Data\Otsu\M5\360p\Traffic2\Traffic2-Mask.mp4,0.3817,0.0301,0.4629,0.3914,0.0359,0.4568,50
360p,Traffic2,K2,A0.001_,T0.7,M3,Data-Processing\Raw-Data\Param-Sweep\360p\Traffic2\K2\A0.001_\T0.7\M3\Traffic2-Mask.mp4,Data-Processing\Raw-Data\OpenCV\M3\360p\Traffic2\Traffic2-Mask.mp4,Data-Processing\Raw-Data\Otsu\M3\360p\Traffic2\Traffic2-Mask.mp4,0.2419,0.0213,0.2884,0.2593,0.0319,0.296,50
360p,Traffic2,K2,A0.001_,T0.7,M4,Data-Processing\Raw-Data\Param-Sweep\360p\Traffic2\K2\A0.001_\T0.7\M4\Traffic2-Mask.mp4,Data-Processing\Raw-Data\OpenCV\M4\360p\Traffic2\Traffic2-Mask.mp4,Data-Processing\Raw-Data\Otsu\M4\360p\Traffic2\Traffic2-Mask.mp4,0.4224,0.0434,0.4619,0.4221,0.0437,0.457,50
360p,Traffic2,K2,A0.001_,T0.7,M5,Data-Processing\Raw-Data\Param-Sweep\360p\Traffic2\K2\A0.001_\T0.7\M5\Traffic2-Mask.mp4,Data-Processing\Raw-Data\OpenCV\M5\360p\Traffic2\Traffic2-Mask.mp4,Data-Processing\Raw-Data\Otsu\M5\360p\Traffic2\Traffic2-Mask.mp4,0.4233,0.0443,0.4643,0.4271,0.0461,0.4605,50
360p,Traffic2,K2,A0.001_,T0.9,M3,Data-Processing\Raw-Data\Param-Sweep\360p\Traffic2\K2\A0.001_\T0.9\M3\Traffic2-Mask.mp4,Data-Processing\Raw-Data\OpenCV\M3\360p\Traffic2\Traffic2-Mask.mp4,Data-Processing\Raw-Data\Otsu\M3\360p\Traffic2\Traffic2-Mask.mp4,0.4388,0.053,0.4789,0.3922,0.0394,0.4166,50
360p,Traffic2,K2,A0.001_,T0.9,M4,Data-Processing\Raw-Data\Param-Sweep\360p\Traffic2\K2\A0.001_\T0.9\M4\Traffic2-Mask.mp4,Data-Processing\Raw-Data\OpenCV\M4\360p\Traffic2\Traffic2-Mask.mp4,Data-Processing\Raw-Data\Otsu\M4\360p\Traffic2\Traffic2-Mask.mp4,0.6079,0.0565,0.664,0.561,0.0436,0.6067,50
360p,Traffic2,K2,A0.001_,T0.9,M5,Data-Processing\Raw-Data\Param-Sweep\360p\Traffic2\K2\A0.001_\T0.9\M5\Traffic2-Mask.mp4,Data-Processing\Raw-Data\OpenCV\M5\360p\Traffic2\Traffic2-Mask.mp4,Data-Processing\Raw-Data\Otsu\M5\360p\Traffic2\Traffic2-Mask.mp4,0.6091,0.0576,0.6657,0.584,0.049,0.6292,50
360p,Traffic2,K2,A0.01_,T0.5,M3,Data-Processing\Raw-Data\Param-Sweep\360p\Traffic2\K2\A0.01_\T0.5\M3\Traffic2-Mask.mp4,Data-Processing\Raw-Data\OpenCV\M3\360p\Traffic2\Traffic2-Mask.mp4,Data-Processing\Raw-Data\Otsu\M3\360p\Traffic2\Traffic2-Mask.mp4,0.7163,0.0548,0.8131,0.5669,0.0306,0.6194,50
360p,Traffic2,K2,A0.01_,T0.5,M4,Data-Processing\Raw-Data\Param-Sweep\360p\Traffic2\K2\A0.01_\T0.5\M4\Traffic2-Mask.mp4,Data-Processing\Raw-Data\OpenCV\M4\360p\Traffic2\Traffic2-Mask.mp4,Data-Processing\Raw-Data\Otsu\M4\360p\Traffic2\Traffic2-Mask.mp4,0.7931,0.0369,0.8549,0.7046,0.0245,0.7473,50
360p,Traffic2,K2,A0.01_,T0.5,M5,Data-Processing\Raw-Data\Param-Sweep\360p\Traffic2\K2\A0.01_\T0.5\M5\Traffic2-Mask.mp4,Data-Processing\Raw-Data\OpenCV\M5\360p\Traffic2\Traffic2-Mask.mp4,Data-Processing\Raw-Data\Otsu\M5\360p\Traffic2\Traffic2-Mask.mp4,0.7986,0.0382,0.8661,0.744,0.028,0.7941,50
360p,Traffic2,K2,A0.01_,T0.7,M3,Data-Processing\Raw-Data\Param-Sweep\360p\Traffic2\K2\A0.01_\T0.7\M3\Traffic2-Mask.mp4,Data-Processing\Raw-Data\OpenCV\M3\360p\Traffic2\Traffic2-Mask.mp4,Data-Processing\Raw-Data\Otsu\M3\360p\Traffic2\Traffic2-Mask.mp4,0.7649,0.0425,0.8337,0.6012,0.0229,0.6403,50
360p,Traffic2,K2,A0.01_,T0.7,M4,Data-Processing\Raw-Data\Param-Sweep\360p\Traffic2\K2\A0.01_\T0.7\M4\Traffic2-Mask.mp4,Data-Processing\Raw-Data\OpenCV\M4\360p\Traffic2\Traffic2-Mask.mp4,Data-Processing\Raw-Data\Otsu\M4\360p\Traffic2\Traffic2-Mask.mp4,0.8247,0.0273,0.8633,0.7291,0.0169,0.7595,50
360p,Traffic2,K2,A0.01_,T0.7,M5,Data-Processing\Raw-Data\Param-Sweep\360p\Traffic2\K2\A0.01_\T0.7\M5\Traffic2-Mask.mp4,Data-Processing\Raw-Data\OpenCV\M5\360p\Traffic2\Traffic2-Mask.mp4,Data-Processing\Raw-Data\Otsu\M5\360p\Traffic2\Traffic2-Mask.mp4,0.8305,0.0283,0.8743,0.7704,0.0192,0.7995,50
360p,Traffic2,K2,A0.01_,T0.9,M3,Data-Processing\Raw-Data\Param-Sweep\360p\Traffic2\K2\A0.01_\T0.9\M3\Traffic2-Mask.mp4,Data-Processing\Raw-Data\OpenCV\M3\360p\Traffic2\Traffic2-Mask.mp4,Data-Processing\Raw-Data\Otsu\M3\360p\Traffic2\Traffic2-Mask.mp4,0.8422,0.0263,0.8756,0.6709,0.0041,0.6741,50
360p,Traffic2,K2,A0.01_,T0.9,M4,Data-Processing\Raw-Data\Param-Sweep\360p\Traffic2\K2\A0.01_\T0.9\M4\Traffic2-Mask.mp4,Data-Processing\Raw-Data\OpenCV\M4\360p\Traffic2\Traffic2-Mask.mp4,Data-Processing\Raw-Data\Otsu\M4\360p\Traffic2\Traffic2-Mask.mp4,0.8718,0.0224,0.8961,0.7798,0.0026,0.7802,50
360p,Traffic2,K2,A0.01_,T0.9,M5,Data-Processing\Raw-Data\Param-Sweep\360p\Traffic2\K2\A0.01_\T0.9\M5\Traffic2-Mask.mp4,Data-Processing\Raw-Data\OpenCV\M5\360p\Traffic2\Traffic2-Mask.mp4,Data-Processing\Raw-Data\Otsu\M5\360p\Traffic2\Traffic2-Mask.mp4,0.8818,0.021,0.9073,0.825,0.0026,0.8262,50
360p,Traffic2,K2,A0.1_,T0.5,M3,Data-Processing\Raw-Data\Param-Sweep\360p\Traffic2\K2\A0.1_\T0.5\M3\Traffic2-Mask.mp4,Data-Processing\Raw-Data\OpenCV\M3\360p\Traffic2\Traffic2-Mask.mp4,Data-Processing\Raw-Data\Otsu\M3\360p\Traffic2\Traffic2-Mask.mp4,0.7954,0.0337,0.849,0.645,0.0102,0.6514,50
360p,Traffic2,K2,A0.1_,T0.5,M4,Data-Processing\Raw-Data\Param-Sweep\360p\Traffic2\K2\A0.1_\T0.5\M4\Traffic2-Mask.mp4,Data-Processing\Raw-Data\OpenCV\M4\360p\Traffic2\Traffic2-Mask.mp4,Data-Processing\Raw-Data\Otsu\M4\360p\Traffic2\Traffic2-Mask.mp4,0.8451,0.0297,0.8862,0.766,0.0079,0.7749,50
360p,Traffic2,K2,A0.1_,T0.5,M5,Data-Processing\Raw-Data\Param-Sweep\360p\Traffic2\K2\A0.1_\T0.5\M5\Traffic2-Mask.mp4,Data-Processing\Raw-Data\OpenCV\M5\360p\Traffic2\Traffic2-Mask.mp4,Data-Processing\Raw-Data\Otsu\M5\360p\Traffic2\Traffic2-Mask.mp4,0.8533,0.0279,0.8944,0.8114,0.0086,0.8235,50
360p,Traffic2,K2,A0.1_,T0.7,M3,Data-Processing\Raw-Data\Param-Sweep\360p\Traffic2\K2\A0.1_\T0.7\M3\Traffic2-Mask.mp4,Data-Processing\Raw-Data\OpenCV\M3\360p\Traffic2\Traffic2-Mask.mp4,Data-Processing\Raw-Data\Otsu\M3\360p\Traffic2\Traffic2-Mask.mp4,0.827,0.0299,0.8675,0.6727,0.0063,0.6682,50
360p,Traffic2,K2,A0.1_,T0.7,M4,Data-Processing\Raw-Data\Param-Sweep\360p\Traffic2\K2\A0.1_\T0.7\M4\Traffic2-Mask.mp4,Data-Processing\Raw-Data\OpenCV\M4\360p\Traffic2\Traffic2-Mask.mp4,Data-Processing\Raw-Data\Otsu\M4\360p\Traffic2\Traffic2-Mask.mp4,0.8677,0.0242,0.8972,0.789,0.0023,0.7864,50
360p,Traffic2,K2,A0.1_,T0.7,M5,Data-Processing\Raw-Data\Param-Sweep\360p\Traffic2\K2\A0.1_\T0.7\M5\Traffic2-Mask.mp4,Data-Processing\Raw-Data\OpenCV\M5\360p\Traffic2\Traffic2-Mask.mp4,Data-Processing\Raw-Data\Otsu\M5\360p\Traffic2\Traffic2-Mask.mp4,0.877,0.0223,0.9058,0.8364,0.0022,0.8341,50
360p,Traffic2,K2,A0.1_,T0.9,M3,Data-Processing\Raw-Data\Param-Sweep\360p\Traffic2\K2\A0.1_\T0.9\M3\Traffic2-Mask.mp4,Data-Processing\Raw-Data\OpenCV\M3\360p\Traffic2\Traffic2-Mask.mp4,Data-Processing\Raw-Data\Otsu\M3\360p\Traffic2\Traffic2-Mask.mp4,0.856,0.0269,0.8803,0.7035,0.0028,0.6993,50
360p,Traffic2,K2,A0.1_,T0.9,M4,Data-Processing\Raw-Data\Param-Sweep\360p\Traffic2\K2\A0.1_\T0.9\M4\Traffic2-Mask.mp4,Data-Processing\Raw-Data\OpenCV\M4\360p\Traffic2\Traffic2-Mask.mp4,Data-Processing\Raw-Data\Otsu\M4\360p\Traffic2\Traffic2-Mask.mp4,0.8775,0.0241,0.9003,0.8083,0.0015,0.8021,50
360p,Traffic2,K2,A0.1_,T0.9,M5,Data-Processing\Raw-Data\Param-Sweep\360p\Traffic2\K2\A0.1_\T0.9\M5\Traffic2-Mask.mp4,Data-Processing\Raw-Data\OpenCV\M5\360p\Traffic2\Traffic2-Mask.mp4,Data-Processing\Raw-Data\Otsu\M5\360p\Traffic2\Traffic2-Mask.mp4,0.8896,0.0223,0.9153,0.8597,0.0012,0.8546,50
360p,Traffic2,K3,A0.001_,T0.5,M3,Data-Processing\Raw-Data\Param-Sweep\360p\Traffic2\K3\A0.001_\T0.5\M3\Traffic2-Mask.mp4,Data-Processing\Raw-Data\OpenCV\M3\360p\Traffic2\Traffic2-Mask.mp4,Data-Processing\Raw-Data\Otsu\M3\360p\Traffic2\Traffic2-Mask.mp4,0.3389,0.0409,0.3031,0.3218,0.0348,0.2999,50
360p,Traffic2,K3,A0.001_,T0.5,M4,Data-Processing\Raw-Data\Param-Sweep\360p\Traffic2\K3\A0.001_\T0.5\M4\Traffic2-Mask.mp4,Data-Processing\Raw-Data\OpenCV\M4\360p\Traffic2\Traffic2-Mask.mp4,Data-Processing\Raw-Data\Otsu\M4\360p\Traffic2\Traffic2-Mask.mp4,0.501,0.0387,0.4915,0.4804,0.0345,0.4801,50
360p,Traffic2,K3,A0.001_,T0.5,M5,Data-Processing\Raw-Data\Param-Sweep\360p\Traffic2\K3\A0.001_\T0.5\M5\Traffic2-Mask.mp4,Data-Processing\Raw-Data\OpenCV\M5\360p\Traffic2\Traffic2-Mask.mp4,Data-Processing\Raw-Data\Otsu\M5\360p\Traffic2\Traffic2-Mask.mp4,0.502,0.0394,0.493,0.4926,0.0374,0.481,50
360p,Traffic2,K3,A0.001_,T0.7,M3,Data-Processing\Raw-Data\Param-Sweep\360p\Traffic2\K3\A0.001_\T0.7\M3\Traffic2-Mask.mp4,Data-Processing\Raw-Data\OpenCV\M3\360p\Traffic2\Traffic2-Mask.mp4,Data-Processing\Raw-Data\Otsu\M3\360p\Traffic2\Traffic2-Mask.mp4,0.4824,0.0765,0.4327,0.4164,0.0467,0.3737,50
360p,Traffic2,K3,A0.001_,T0.7,M4,Data-Processing\Raw-Data\Param-Sweep\360p\Traffic2\K3\A0.001_\T0.7\M4\Traffic2-Mask.mp4,Data-Processing\Raw-Data\OpenCV\M4\360p\Traffic2\Traffic2-Mask.mp4,Data-Processing\Raw-Data\Otsu\M4\360p\Traffic2\Traffic2-Mask.mp4,0.6228,0.0572,0.6509,0.5721,0.0411,0.5976,50
360p,Traffic2,K3,A0.001_,T0.7,M5,Data-Processing\Raw-Data\Param-Sweep\360p\Traffic2\K3\A0.001_\T0.7\M5\Traffic2-Mask.mp4,Data-Processing\Raw-Data\OpenCV\M5\360p\Traffic2\Traffic2-Mask.mp4,Data-Processing\Raw-Data\Otsu\M5\360p\Traffic2\Traffic2-Mask.mp4,0.6252,0.0583,0.6544,0.5975,0.0475,0.6295,50
360p,Traffic2,K3,A0.001_,T0.9,M3,Data-Processing\Raw-Data\Param-Sweep\360p\Traffic2\K3\A0.001_\T0.9\M3\Traffic2-Mask.mp4,Data-Processing\Raw-Data\OpenCV\M3\360p\Traffic2\Traffic2-Mask.mp4,Data-Processing\Raw-Data\Otsu\M3\360p\Traffic2\Traffic2-Mask.mp4,0.6741,0.0746,0.7868,0.5439,0.0394,0.6185,50
360p,Traffic2,K3,A0.001_,T0.9,M4,Data-Processing\Raw-Data\Param-Sweep\360p\Traffic2\K3\A0.001_\T0.9\M4\Traffic2-Mask.mp4,Data-Processing\Raw-Data\OpenCV\M4\360p\Traffic2\Traffic2-Mask.mp4,Data-Processing\Raw-Data\Otsu\M4\360p\Traffic2\Traffic2-Mask.mp4,0.7689,0.0461,0.8388,0.687,0.029,0.7407,50
360p,Traffic2,K3,A0.001_,T0.9,M5,Data-Processing\Raw-Data\Param-Sweep\360p\Traffic2\K3\A0.001_\T0.9\M5\Traffic2-Mask.mp4,Data-Processing\Raw-Data\OpenCV\M5\360p\Traffic2\Traffic2-Mask.mp4,Data-Processing\Raw-Data\Otsu\M5\360p\Traffic2\Traffic2-Mask.mp4,0.7742,0.0476,0.8493,0.7245,0.0341,0.7828,50
360p,Traffic2,K3,A0.01_,T0.5,M3,Data-Processing\Raw-Data\Param-Sweep\360p\Traffic2\K3\A0.01_\T0.5\M3\Traffic2-Mask.mp4,Data-Processing\Raw-Data\OpenCV\M3\360p\Traffic2\Traffic2-Mask.mp4,Data-Processing\Raw-Data\Otsu\M3\360p\Traffic2\Traffic2-Mask.mp4,0.7793,0.0466,0.8635,0.6096,0.0243,0.6604,50
360p,Traffic2,K3,A0.01_,T0.5,M4,Data-Processing\Raw-Data\Param-Sweep\360p\Traffic2\K3\A0.01_\T0.5\M4\Traffic2-Mask.mp4,Data-Processing\Raw-Data\OpenCV\M4\360p\Traffic2\Traffic2-Mask.mp4,Data-Processing\Raw-Data\Otsu\M4\360p\Traffic2\Traffic2-Mask.mp4,0.8356,0.0287,0.8831,0.7367,0.017,0.7632,50
360p,Traffic2,K3,A0.01_,T0.5,M5,Data-Processing\Raw-Data\Param-Sweep\360p\Traffic2\K3\A0.01_\T0.5\M5\Traffic2-Mask.mp4,Data-Processing\Raw-Data\OpenCV\M5\360p\Traffic2\Traffic2-Mask.mp4,Data-Processing\Raw-Data\Otsu\M5\360p\Traffic2\Traffic2-Mask.mp4,0.844,0.0299,0.8924,0.7792,0.0194,0.8104,50
360p,Traffic2,K3,A0.01_,T0.7,M3,Data-Processing\Raw-Data\Param-Sweep\360p\Traffic2\K3\A0.01_\T0.7\M3\Traffic2-Mask.mp4,Data-Processing\Raw-Data\OpenCV\M3\360p\Traffic2\Traffic2-Mask.mp4,Data-Processing\Raw-Data\Otsu\M3\360p\Traffic2\Traffic2-Mask.mp4,0.8217,0.0365,0.8879,0.6373,0.0184,0.6801,50
360p,Traffic2,K3,A0.01_,T0.7,M4,Data-Processing\Raw-Data\Param-Sweep\360p\Traffic2\K3\A0.01_\T0.7\M4\Traffic2-Mask.mp4,Data-Processing\Raw-Data\OpenCV\M4\360p\Traffic2\Traffic2-Mask.mp4,Data-Processing\Raw-Data\Otsu\M4\360p\Traffic2\Traffic2-Mask.mp4,0.8644,0.0228,0.8951,0.7589,0.0109,0.7758,50
360p,Traffic2,K3,A0.01_,T0.7,M5,Data-Processing\Raw-Data\Param-Sweep\360p\Traffic2\K3\A0.01_\T0.7\M5\Traffic2-Mask.mp4,Data-Processing\Raw-Data\OpenCV\M5\360p\Traffic2\Traffic2-Mask.mp4,Data-Processing\Raw-Data\Otsu\M5\360p\Traffic2\Traffic2-Mask.mp4,0.8758,0.0235,0.9099,0.8044,0.0121,0.8215,50
360p,Traffic2,K3,A0.01_,T0.9,M3,Data-Processing\Raw-Data\Param-Sweep\360p\Traffic2\K3\A0.01_\T0.9\M3\Traffic2-Mask.mp4,Data-Processing\Raw-Data\OpenCV\M3\360p\Traffic2\Traffic2-Mask.mp4,Data-Processing\Raw-Data\Otsu\M3\360p\Traffic2\Traffic2-Mask.mp4,0.8753,0.0263,0.9077,0.6939,0.0033,0.6921,50
360p,Traffic2,K3,A0.01_,T0.9,M4,Data-Processing\Raw-Data\Param-Sweep\360p\Traffic2\K3\A0.01_\T0.9\M4\Traffic2-Mask.mp4,Data-Processing\Raw-Data\OpenCV\M4\360p\Traffic2\Traffic2-Mask.mp4,Data-Processing\Raw-Data\Otsu\M4\360p\Traffic2\Traffic2-Mask.mp4,0.8879,0.0231,0.9124,0.7943,0.0021,0.7936,50
360p,Traffic2,K3,A0.01_,T0.9,M5,Data-Processing\Raw-Data\Param-Sweep\360p\Traffic2\K3\A0.01_\T0.9\M5\Traffic2-Mask.mp4,Data-Processing\Raw-Data\OpenCV\M5\360p\Traffic2\Traffic2-Mask.mp4,Data-Processing\Raw-Data\Otsu\M5\360p\Traffic2\Traffic2-Mask.mp4,0.9046,0.0219,0.9312,0.8434,0.002,0.8445,50
360p,Traffic2,K3,A0.1_,T0.5,M3,Data-Processing\Raw-Data\Param-Sweep\360p\Traffic2\K3\A0.1_\T0.5\M3\Traffic2-Mask.mp4,Data-Processing\Raw-Data\OpenCV\M3\360p\Traffic2\Traffic2-Mask.mp4,Data-Processing\Raw-Data\Otsu\M3\360p\Traffic2\Traffic2-Mask.mp4,0.8003,0.0344,0.856,0.6537,0.0098,0.6586,50
360p,Traffic2,K3,A0.1_,T0.5,M4,Data-Processing\Raw-Data\Param-Sweep\360p\Traffic2\K3\A0.1_\T0.5\M4\Traffic2-Mask.mp4,Data-Processing\Raw-Data\OpenCV\M4\360p\Traffic2\Traffic2-Mask.mp4,Data-Processing\Raw-Data\Otsu\M4\360p\Traffic2\Traffic2-Mask.mp4,0.85,0.0291,0.8914,0.7759,0.0066,0.7832,50
360p,Traffic2,K3,A0.1_,T0.5,M5,Data-Processing\Raw-Data\Param-Sweep\360p\Traffic2\K3\A0.1_\T0.5\M5\Traffic2-Mask.mp4,Data-Processing\Raw-Data\OpenCV\M5\360p\Traffic2\Traffic2-Mask.mp4,Data-Processing\Raw-Data\Otsu\M5\360p\Traffic2\Traffic2-Mask.mp4,0.8597,0.0274,0.901,0.8231,0.0071,0.8327,50
360p,Traffic2,K3,A0.1_,T0.7,M3,Data-Processing\Raw-Data\Param-Sweep\360p\Traffic2\K3\A0.1_\T0.7\M3\Traffic2-Mask.mp4,Data-Processing\Raw-Data\OpenCV\M3\360p\Traffic2\Traffic2-Mask.mp4,Data-Processing\Raw-Data\Otsu\M3\360p\Traffic2\Traffic2-Mask.mp4,0.8288,0.0299,0.872,0.6802,0.0058,0.676,50
360p,Traffic2,K3,A0.1_,T0.7,M4,Data-Processing\Raw-Data\Param-Sweep\360p\Traffic2\K3\A0.1_\T0.7\M4\Traffic2-Mask.mp4,Data-Processing\Raw-Data\OpenCV\M4\360p\Traffic2\Traffic2-Mask.mp4,Data-Processing\Raw-Data\Otsu\M4\360p\Traffic2\Traffic2-Mask.mp4,0.8684,0.0241,0.8994,0.7975,0.002,0.7927,50
360p,Traffic2,K3,A0.1_,T0.7,M5,Data-Processing\Raw-Data\Param-Sweep\360p\Traffic2\K3\A0.1_\T0.7\M5\Traffic2-Mask.mp4,Data-Processing\Raw-Data\OpenCV\M5\360p\Traffic2\Traffic2-Mask.mp4,Data-Processing\Raw-Data\Otsu\M5\360p\Traffic2\Traffic2-Mask.mp4,0.8797,0.0223,0.9128,0.8475,0.0017,0.843,50
360p,Traffic2,K3,A0.1_,T0.9,M3,Data-Processing\Raw-Data\Param-Sweep\360p\Traffic2\K3\A0.1_\T0.9\M3\Traffic2-Mask.mp4,Data-Processing\Raw-Data\OpenCV\M3\360p\Traffic2\Traffic2-Mask.mp4,Data-Processing\Raw-Data\Otsu\M3\360p\Traffic2\Traffic2-Mask.mp4,0.8584,0.0271,0.8807,0.7078,0.0027,0.705,50
360p,Traffic2,K3,A0.1_,T0.9,M4,Data-Processing\Raw-Data\Param-Sweep\360p\Traffic2\K3\A0.1_\T0.9\M4\Traffic2-Mask.mp4,Data-Processing\Raw-Data\OpenCV\M4\360p\Traffic2\Traffic2-Mask.mp4,Data-Processing\Raw-Data\Otsu\M4\360p\Traffic2\Traffic2-Mask.mp4,0.8776,0.0241,0.9021,0.8106,0.0014,0.8055,50
360p,Traffic2,K3,A0.1_,T0.9,M5,Data-Processing\Raw-Data\Param-Sweep\360p\Traffic2\K3\A0.1_\T0.9\M5\Traffic2-Mask.mp4,Data-Processing\Raw-Data\OpenCV\M5\360p\Traffic2\Traffic2-Mask.mp4,Data-Processing\Raw-Data\Otsu\M5\360p\Traffic2\Traffic2-Mask.mp4,0.8906,0.0223,0.9152,0.8631,0.0012,0.8582,50
360p,Traffic2,K4,A0.001_,T0.5,M3,Data-Processing\Raw-Data\Param-Sweep\360p\Traffic2\K4\A0.001_\T0.5\M3\Traffic2-Mask.mp4,Data-Processing\Raw-Data\OpenCV\M3\360p\Traffic2\Traffic2-Mask.mp4,Data-Processing\Raw-Data\Otsu\M3\360p\Traffic2\Traffic2-Mask.mp4,0.3826,0.048,0.3229,0.3499,0.0353,0.3223,50
360p,Traffic2,K4,A0.001_,T0.5,M4,Data-Processing\Raw-Data\Param-Sweep\360p\Traffic2\K4\A0.001_\T0.5\M4\Traffic2-Mask.mp4,Data-Processing\Raw-Data\OpenCV\M4\360p\Traffic2\Traffic2-Mask.mp4,Data-Processing\Raw-Data\Otsu\M4\360p\Traffic2\Traffic2-Mask.mp4,0.529,0.0394,0.503,0.5029,0.0332,0.4988,50
360p,Traffic2,K4,A0.001_,T0.5,M5,Data-Processing\Raw-Data\Param-Sweep\360p\Traffic2\K4\A0.001_\T0.5\M5\Traffic2-Mask.mp4,Data-Processing\Raw-Data\OpenCV\M5\360p\Traffic2\Traffic2-Mask.mp4,Data-Processing\Raw-Data\Otsu\M5\360p\Traffic2\Traffic2-Mask.mp4,0.5306,0.0402,0.504,0.5177,0.0365,0.5014,50
360p,Traffic2,K4,A0.001_,T0.7,M3,Data-Processing\Raw-Data\Param-Sweep\360p\Traffic2\K4\A0.001_\T0.7\M3\Traffic2-Mask.mp4,Data-Processing\Raw-Data\OpenCV\M3\360p\Traffic2\Traffic2-Mask.mp4,Data-Processing\Raw-Data\Otsu\M3\360p\Traffic2\Traffic2-Mask.mp4,0.5478,0.0856,0.5566,0.46,0.048,0.4865,50
360p,Traffic2,K4,A0.001_,T0.7,M4,Data-Processing\Raw-Data\Param-Sweep\360p\Traffic2\K4\A0.001_\T0.7\M4\Traffic2-Mask.mp4,Data-Processing\Raw-Data\OpenCV\M4\360p\Traffic2\Traffic2-Mask.mp4,Data-Processing\Raw-Data\Otsu\M4\360p\Traffic2\Traffic2-Mask.mp4,0.6597,0.059,0.7768,0.6032,0.0405,0.6921,50
360p,Traffic2,K4,A0.001_,T0.7,M5,Data-Processing\Raw-Data\Param-Sweep\360p\Traffic2\K4\A0.001_\T0.7\M5\Traffic2-Mask.mp4,Data-Processing\Raw-Data\OpenCV\M5\360p\Traffic2\Traffic2-Mask.mp4,Data-Processing\Raw-Data\Otsu\M5\360p\Traffic2\Traffic2-Mask.mp4,0.6629,0.0603,0.7819,0.6309,0.0472,0.7273,50
360p,Traffic2,K4,A0.001_,T0.9,M3,Data-Processing\Raw-Data\Param-Sweep\360p\Traffic2\K4\A0.001_\T0.9\M3\Traffic2-Mask.mp4,Data-Processing\Raw-Data\OpenCV\M3\360p\Traffic2\Traffic2-Mask.mp4,Data-Processing\Raw-Data\Otsu\M3\360p\Traffic2\Traffic2-Mask.mp4,0.7472,0.0617,0.8563,0.5917,0.0317,0.6568,50
360p,Traffic2,K4,A0.001_,T0.9,M4,Data-Processing\Raw-Data\Param-Sweep\360p\Traffic2\K4\A0.001_\T0.9\M4\Traffic2-Mask.mp4,Data-Processing\Raw-Data\OpenCV\M4\360p\Traffic2\Traffic2-Mask.mp4,Data-Processing\Raw-Data\Otsu\M4\360p\Traffic2\Traffic2-Mask.mp4,0.8132,0.0374,0.8814,0.7217,0.0221,0.7636,50
360p,Traffic2,K4,A0.001_,T0.9,M5,Data-Processing\Raw-Data\Param-Sweep\360p\Traffic2\K4\A0.001_\T0.9\M5\Traffic2-Mask.mp4,Data-Processing\Raw-Data\OpenCV\M5\360p\Traffic2\Traffic2-Mask.mp4,Data-Processing\Raw-Data\Otsu\M5\360p\Traffic2\Traffic2-Mask.mp4,0.8212,0.0388,0.8899,0.7627,0.0259,0.8106,50
360p,Traffic2,K4,A0.01_,T0.5,M3,Data-Processing\Raw-Data\Param-Sweep\360p\Traffic2\K4\A0.01_\T0.5\M3\Traffic2-Mask.mp4,Data-Processing\Raw-Data\OpenCV\M3\360p\Traffic2\Traffic2-Mask.mp4,Data-Processing\Raw-Data\Otsu\M3\360p\Traffic2\Traffic2-Mask.mp4,0.7997,0.0436,0.869,0.6221,0.0225,0.6713,50
360p,Traffic2,K4,A0.01_,T0.5,M4,Data-Processing\Raw-Data\Param-Sweep\360p\Traffic2\K4\A0.01_\T0.5\M4\Traffic2-Mask.mp4,Data-Processing\Raw-Data\OpenCV\M4\360p\Traffic2\Traffic2-Mask.mp4,Data-Processing\Raw-Data\Otsu\M4\360p\Traffic2\Traffic2-Mask.mp4,0.8473,0.0275,0.8894,0.7449,0.016,0.7697,50
360p,Traffic2,K4,A0.01_,T0.5,M5,Data-Processing\Raw-Data\Param-Sweep\360p\Traffic2\K4\A0.01_\T0.5\M5\Traffic2-Mask.mp4,Data-Processing\Raw-Data\OpenCV\M5\360p\Traffic2\Traffic2-Mask.mp4,Data-Processing\Raw-Data\Otsu\M5\360p\Traffic2\Traffic2-Mask.mp4,0.8571,0.0287,0.9021,0.7887,0.0182,0.814,50
360p,Traffic2,K4,A0.01_,T0.7,M3,Data-Processing\Raw-Data\Param-Sweep\360p\Traffic2\K4\A0.01_\T0.7\M3\Traffic2-Mask.mp4,Data-Processing\Raw-Data\OpenCV\M3\360p\Traffic2\Traffic2-Mask.mp4,Data-Processing\Raw-Data\Otsu\M3\360p\Traffic2\Traffic2-Mask.mp4,0.8352,0.0359,0.8926,0.6486,0.0145,0.6816,50
360p,Traffic2,K4,A0.01_,T0.7,M4,Data-Processing\Raw-Data\Param-Sweep\360p\Traffic2\K4\A0.01_\T0.7\M4\Traffic2-Mask.mp4,Data-Processing\Raw-Data\OpenCV\M4\360p\Traffic2\Traffic2-Mask.mp4,Data-Processing\Raw-Data\Otsu\M4\360p\Traffic2\Traffic2-Mask.mp4,0.8728,0.023,0.9018,0.7709,0.0053,0.7818,50
360p,Traffic2,K4,A0.01_,T0.7,M5,Data-Processing\Raw-Data\Param-Sweep\360p\Traffic2\K4\A0.01_\T0.7\M5\Traffic2-Mask.mp4,Data-Processing\Raw-Data\OpenCV\M5\360p\Traffic2\Traffic2-Mask.mp4,Data-Processing\Raw-Data\Otsu\M5\360p\Traffic2\Traffic2-Mask.mp4,0.8875,0.0223,0.9213,0.8182,0.0056,0.8243,50
360p,Traffic2,K4,A0.01_,T0.9,M3,Data-Processing\Raw-Data\Param-Sweep\360p\Traffic2\K4\A0.01_\T0.9\M3\Traffic2-Mask.mp4,Data-Processing\Raw-Data\OpenCV\M3\360p\Traffic2\Traffic2-Mask.mp4,Data-Processing\Raw-Data\Otsu\M3\360p\Traffic2\Traffic2-Mask.mp4,0.8825,0.0268,0.9146,0.7012,0.003,0.6984,50
360p,Traffic2,K4,A0.01_,T0.9,M4,Data-Processing\Raw-Data\Param-Sweep\360p\Traffic2\K4\A0.01_\T0.9\M4\Traffic2-Mask.mp4,Data-Processing\Raw-Data\OpenCV\M4\360p\Traffic2\Traffic2-Mask.mp4,Data-Processing\Raw-Data\Otsu\M4\360p\Traffic2\Traffic2-Mask.mp4,0.8894,0.0236,0.9137,0.7997,0.0018,0.7958,50
360p,Traffic2,K4,A0.01_,T0.9,M5,Data-Processing\Raw-Data\Param-Sweep\360p\Traffic2\K4\A0.01_\T0.9\M5\Traffic2-Mask.mp4,Data-Processing\Raw-Data\OpenCV\M5\360p\Traffic2\Traffic2-Mask.mp4,Data-Processing\Raw-Data\Otsu\M5\360p\Traffic2\Traffic2-Mask.mp4,0.9078,0.0223,0.9374,0.85,0.0017,0.8482,50
360p,Traffic2,K4,A0.1_,T0.5,M3,Data-Processing\Raw-Data\Param-Sweep\360p\Traffic2\K4\A0.1_\T0.5\M3\Traffic2-Mask.mp4,Data-Processing\Raw-Data\OpenCV\M3\360p\Traffic2\Traffic2-Mask.mp4,Data-Processing\Raw-Data\Otsu\M3\360p\Traffic2\Traffic2-Mask.mp4,0.7997,0.0343,0.8557,0.6566,0.0095,0.6607,50
360p,Traffic2,K4,A0.1_,T0.5,M4,Data-Processing\Raw-Data\Param-Sweep\360p\Traffic2\K4\A0.1_\T0.5\M4\Traffic2-Mask.mp4,Data-Processing\Raw-Data\OpenCV\M4\360p\Traffic2\Traffic2-Mask.mp4,Data-Processing\Raw-Data\Otsu\M4\360p\Traffic2\Traffic2-Mask.mp4,0.8497,0.029,0.8911,0.7794,0.0062,0.7853,50
360p,Traffic2,K4,A0.1_,T0.5,M5,Data-Processing\Raw-Data\Param-Sweep\360p\Traffic2\K4\A0.1_\T0.5\M5\Traffic2-Mask.mp4,Data-Processing\Raw-Data\OpenCV\M5\360p\Traffic2\Traffic2-Mask.mp4,Data-Processing\Raw-Data\Otsu\M5\360p\Traffic2\Traffic2-Mask.mp4,0.8599,0.0273,0.9007,0.828,0.0067,0.8358,50
360p,Traffic2,K4,A0.1_,T0.7,M3,Data-Processing\Raw-Data\Param-Sweep\360p\Traffic2\K4\A0.1_\T0.7\M3\Traffic2-Mask.mp4,Data-Processing\Raw-Data\OpenCV\M3\360p\Traffic2\Traffic2-Mask.mp4,Data-Processing\Raw-Data\Otsu\M3\360p\Traffic2\Traffic2-Mask.mp4,0.8285,0.0298,0.8721,0.6841,0.0055,0.6816,50
360p,Traffic2,K4,A0.1_,T0.7,M4,Data-Processing\Raw-Data\Param-Sweep\360p\Traffic2\K4\A0.1_\T0.7\M4\Traffic2-Mask.mp4,Data-Processing\Raw-Data\OpenCV\M4\360p\Traffic2\Traffic2-Mask.mp4,Data-Processing\Raw-Data\Otsu\M4\360p\Traffic2\Traffic2-Mask.mp4,0.8679,0.0241,0.9,0.8011,0.0019,0.796,50
360p,Traffic2,K4,A0.1_,T0.7,M5,Data-Processing\Raw-Data\Param-Sweep\360p\Traffic2\K4\A0.1_\T0.7\M5\Traffic2-Mask.mp4,Data-Processing\Raw-Data\OpenCV\M5\360p\Traffic2\Traffic2-Mask.mp4,Data-Processing\Raw-Data\Otsu\M5\360p\Traffic2\Traffic2-Mask.mp4,0.8796,0.0223,0.9091,0.8523,0.0016,0.847,50
360p,Traffic2,K4,A0.1_,T0.9,M3,Data-Processing\Raw-Data\Param-Sweep\360p\Traffic2\K4\A0.1_\T0.9\M3\Traffic2-Mask.mp4,Data-Processing\Raw-Data\OpenCV\M3\360p\Traffic2\Traffic2-Mask.mp4,Data-Processing\Raw-Data\Otsu\M3\360p\Traffic2\Traffic2-Mask.mp4,0.8587,0.0271,0.8807,0.7106,0.0027,0.709,50
360p,Traffic2,K4,A0.1_,T0.9,M4,Data-Processing\Raw-Data\Param-Sweep\360p\Traffic2\K4\A0.1_\T0.9\M4\Traffic2-Mask.mp4,Data-Processing\Raw-Data\OpenCV\M4\360p\Traffic2\Traffic2-Mask.mp4,Data-Processing\Raw-Data\Otsu\M4\360p\Traffic2\Traffic2-Mask.mp4,0.8773,0.0241,0.9014,0.8119,0.0014,0.8073,50
360p,Traffic2,K4,A0.1_,T0.9,M5,Data-Processing\Raw-Data\Param-Sweep\360p\Traffic2\K4\A0.1_\T0.9\M5\Traffic2-Mask.mp4,Data-Processing\Raw-Data\OpenCV\M5\360p\Traffic2\Traffic2-Mask.mp4,Data-Processing\Raw-Data\Otsu\M5\360p\Traffic2\Traffic2-Mask.mp4,0.8905,0.0223,0.9133,0.8649,0.0011,0.8589,50
480p,Traffic2,K2,A0.001_,T0.5,M3,Data-Processing\Raw-Data\Param-Sweep\480p\Traffic2\K2\A0.001_\T0.5\M3\Traffic2-Mask.mp4,Data-Processing\Raw-Data\OpenCV\M3\480p\Traffic2\Traffic2-Mask.mp4,Data-Processing\Raw-Data\Otsu\M3\480p\Traffic2\Traffic2-Mask.mp4,0.2265,0.0145,0.2944,0.2518,0.0272,0.3072,50
480p,Traffic2,K2,A0.001_,T0.5,M4,Data-Processing\Raw-Data\Param-Sweep\480p\Traffic2\K2\A0.001_\T0.5\M4\Traffic2-Mask.mp4,Data-Processing\Raw-Data\OpenCV\M4\480p\Traffic2\Traffic2-Mask.mp4,Data-Processing\Raw-Data\Otsu\M4\480p\Traffic2\Traffic2-Mask.mp4,0.373,0.0259,0.4458,0.3867,0.0326,0.4536,50
480p,Traffic2,K2,A0.001_,T0.5,M5,Data-Processing\Raw-Data\Param-Sweep\480p\Traffic2\K2\A0.001_\T0.5\M5\Traffic2-Mask.mp4,Data-Processing\Raw-Data\OpenCV\M5\480p\Traffic2\Traffic2-Mask.mp4,Data-Processing\Raw-Data\Otsu\M5\480p\Traffic2\Traffic2-Mask.mp4,0.3735,0.0264,0.4497,0.3876,0.0332,0.456,50
480p,Traffic2,K2,A0.001_,T0.7,M3,Data-Processing\Raw-Data\Param-Sweep\480p\Traffic2\K2\A0.001_\T0.7\M3\Traffic2-Mask.mp4,Data-Processing\Raw-Data\OpenCV\M3\480p\Traffic2\Traffic2-Mask.mp4,Data-Processing\Raw-Data\Otsu\M3\480p\Traffic2\Traffic2-Mask.mp4,0.2435,0.0184,0.2966,0.2651,0.0298,0.3099,50
480p,Traffic2,K2,A0.001_,T0.7,M4,Data-Processing\Raw-Data\Param-Sweep\480p\Traffic2\K2\A0.001_\T0.7\M4\Traffic2-Mask.mp4,Data-Processing\Raw-Data\OpenCV\M4\480p\Traffic2\Traffic2-Mask.mp4,Data-Processing\Raw-Data\Otsu\M4\480p\Traffic2\Traffic2-Mask.mp4,0.4041,0.0355,0.4458,0.4097,0.0382,0.4538,50
480p,Traffic2,K2,A0.001_,T0.7,M5,Data-Processing\Raw-Data\Param-Sweep\480p\Traffic2\K2\A0.001_\T0.7\M5\Traffic2-Mask.mp4,Data-Processing\Raw-Data\OpenCV\M5\480p\Traffic2\Traffic2-Mask.mp4,Data-Processing\Raw-Data\Otsu\M5\480p\Traffic2\Traffic2-Mask.mp4,0.4047,0.036,0.4497,0.4125,0.0395,0.456,50
480p,Traffic2,K2,A0.001_,T0.9,M3,Data-Processing\Raw-Data\Param-Sweep\480p\Traffic2\K2\A0.001_\T0.9\M3\Traffic2-Mask.mp4,Data-Processing\Raw-Data\OpenCV\M3\480p\Traffic2\Traffic2-Mask.mp4,Data-Processing\Raw-Data\Otsu\M3\480p\Traffic2\Traffic2-Mask.mp4,0.4054,0.0426,0.4287,0.374,0.0349,0.3891,50
480p,Traffic2,K2,A0.001_,T0.9,M4,Data-Processing\Raw-Data\Param-Sweep\480p\Traffic2\K2\A0.001_\T0.9\M4\Traffic2-Mask.mp4,Data-Processing\Raw-Data\OpenCV\M4\480p\Traffic2\Traffic2-Mask.mp4,Data-Processing\Raw-Data\Otsu\M4\480p\Traffic2\Traffic2-Mask.mp4,0.5857,0.0526,0.65,0.5417,0.0405,0.5772,50
480p,Traffic2,K2,A0.001_,T0.9,M5,Data-Processing\Raw-Data\Param-Sweep\480p\Traffic2\K2\A0.001_\T0.9\M5\Traffic2-Mask.mp4,Data-Processing\Raw-Data\OpenCV\M5\480p\Traffic2\Traffic2-Mask.mp4,Data-Processing\Raw-Data\Otsu\M5\480p\Traffic2\Traffic2-Mask.mp4,0.5863,0.0533,0.6495,0.5599,0.0449,0.5957,50
480p,Traffic2,K2,A0.01_,T0.5,M3,Data-Processing\Raw-Data\Param-Sweep\480p\Traffic2\K2\A0.01_\T0.5\M3\Traffic2-Mask.mp4,Data-Processing\Raw-Data\OpenCV\M3\480p\Traffic2\Traffic2-Mask.mp4,Data-Processing\Raw-Data\Otsu\M3\480p\Traffic2\Traffic2-Mask.mp4,0.7209,0.0523,0.8068,0.5648,0.028,0.6146,50
480p,Traffic2,K2,A0.01_,T0.5,M4,Data-Processing\Raw-Data\Param-Sweep\480p\Traffic2\K2\A0.01_\T0.5\M4\Traffic2-Mask.mp4,Data-Processing\Raw-Data\OpenCV\M4\480p\Traffic2\Traffic2-Mask.mp4,Data-Processing\Raw-Data\Otsu\M4\480p\Traffic2\Traffic2-Mask.mp4,0.7978,0.0363,0.8633,0.6985,0.0224,0.7354,50
480p,Traffic2,K2,A0.01_,T0.5,M5,Data-Processing\Raw-Data\Param-Sweep\480p\Traffic2\K2\A0.01_\T0.5\M5\Traffic2-Mask.mp4,Data-Processing\Raw-Data\OpenCV\M5\480p\Traffic2\Traffic2-Mask.mp4,Data-Processing\Raw-Data\Otsu\M5\480p\Traffic2\Traffic2-Mask.mp4,0.8025,0.0372,0.8704,0.736,0.0251,0.7755,50
480p,Traffic2,K2,A0.01_,T0.7,M3,Data-Processing\Raw-Data\Param-Sweep\480p\Traffic2\K2\A0.01_\T0.7\M3\Traffic2-Mask.mp4,Data-Processing\Raw-Data\OpenCV\M3\480p\Traffic2\Traffic2-Mask.mp4,Data-Processing\Raw-Data\Otsu\M3\480p\Traffic2\Traffic2-Mask.mp4,0.7673,0.042,0.8458,0.5965,0.0211,0.6344,50
480p,Traffic2,K2,A0.01_,T0.7,M4,Data-Processing\Raw-Data\Param-Sweep\480p\Traffic2\K2\A0.01_\T0.7\M4\Traffic2-Mask.mp4,Data-Processing\Raw-Data\OpenCV\M4\480p\Traffic2\Traffic2-Mask.mp4,Data-Processing\Raw-Data\Otsu\M4\480p\Traffic2\Traffic2-Mask.mp4,0.8289,0.0272,0.8736,0.7222,0.0154,0.7491,50
480p,Traffic2,K2,A0.01_,T0.7,M5,Data-Processing\Raw-Data\Param-Sweep\480p\Traffic2\K2\A0.01_\T0.7\M5\Traffic2-Mask.mp4,Data-Processing\Raw-Data\OpenCV\M5\480p\Traffic2\Traffic2-Mask.mp4,Data-Processing\Raw-Data\Otsu\M5\480p\Traffic2\Traffic2-Mask.mp4,0.834,0.0279,0.8814,0.7614,0.0171,0.7802,50
480p,Traffic2,K2,A0.01_,T0.9,M3,Data-Processing\Raw-Data\Param-Sweep\480p\Traffic2\K2\A0.01_\T0.9\M3\Traffic2-Mask.mp4,Data-Processing\Raw-Data\OpenCV\M3\480p\Traffic2\Traffic2-Mask.mp4,Data-Processing\Raw-Data\Otsu\M3\480p\Traffic2\Traffic2-Mask.mp4,0.842,0.027,0.8819,0.6623,0.0043,0.6656,50
480p,Traffic2,K2,A0.01_,T0.9,M4,Data-Processing\Raw-Data\Param-Sweep\480p\Traffic2\K2\A0.01_\T0.9\M4\Traffic2-Mask.mp4,Data-Processing\Raw-Data\OpenCV\M4\480p\Traffic2\Traffic2-Mask.mp4,Data-Processing\Raw-Data\Otsu\M4\480p\Traffic2\Traffic2-Mask.mp4,0.8773,0.0221,0.8987,0.7723,0.0024,0.7691,50
480p,Traffic2,K2,A0.01_,T0.9,M5,Data-Processing\Raw-Data\Param-Sweep\480p\Traffic2\K2\A0.01_\T0.9\M5\Traffic2-Mask.mp4,Data-Processing\Raw-Data\OpenCV\M5\480p\Traffic2\Traffic2-Mask.mp4,Data-Processing\Raw-Data\Otsu\M5\480p\Traffic2\Traffic2-Mask.mp4,0.8859,0.0208,0.9113,0.815,0.0023,0.8151,50
480p,Traffic2,K2,A0.1_,T0.5,M3,Data-Processing\Raw-Data\Param-Sweep\480p\Traffic2\K2\A0.1_\T0.5\M3\Traffic2-Mask.mp4,Data-Processing\Raw-Data\OpenCV\M3\480p\Traffic2\Traffic2-Mask.mp4,Data-Processing\Raw-Data\Otsu\M3\480p\Traffic2\Traffic2-Mask.mp4,0.8007,0.0335,0.8498,0.6393,0.0099,0.6463,50
480p,Traffic2,K2,A0.1_,T0.5,M4,Data-Processing\Raw-Data\Param-Sweep\480p\Traffic2\K2\A0.1_\T0.5\M4\Traffic2-Mask.mp4,Data-Processing\Raw-Data\OpenCV\M4\480p\Traffic2\Traffic2-Mask.mp4,Data-Processing\Raw-Data\Otsu\M4\480p\Traffic2\Traffic2-Mask.mp4,0.8538,0.0281,0.8933,0.761,0.0067,0.7668,50
480p,Traffic2,K2,A0.1_,T0.5,M5,Data-Processing\Raw-Data\Param-Sweep\480p\Traffic2\K2\A0.1_\T0.5\M5\Traffic2-Mask.mp4,Data-Processing\Raw-Data\OpenCV\M5\480p\Traffic2\Traffic2-Mask.mp4,Data-Processing\Raw-Data\Otsu\M5\480p\Traffic2\Traffic2-Mask.mp4,0.8611,0.0266,0.8994,0.8041,0.0069,0.8097,50
480p,Traffic2,K2,A0.1_,T0.7,M3,Data-Processing\Raw-Data\Param-Sweep\480p\Traffic2\K2\A0.1_\T0.7\M3\Traffic2-Mask.mp4,Data-Processing\Raw-Data\OpenCV\M3\480p\Traffic2\Traffic2-Mask.mp4,Data-Processing\Raw-Data\Otsu\M3\480p\Traffic2\Traffic2-Mask.mp4,0.8315,0.0289,0.8691,0.6657,0.0061,0.6653,50
480p,Traffic2,K2,A0.1_,T0.7,M4,Data-Processing\Raw-Data\Param-Sweep\480p\Traffic2\K2\A0.1_\T0.7\M4\Traffic2-Mask.mp4,Data-Processing\Raw-Data\OpenCV\M4\480p\Traffic2\Traffic2-Mask.mp4,Data-Processing\Raw-Data\Otsu\M4\480p\Traffic2\Traffic2-Mask.mp4,0.8726,0.0239,0.9019,0.7802,0.0024,0.7775,50
480p,Traffic2,K2,A0.1_,T0.7,M5,Data-Processing\Raw-Data\Param-Sweep\480p\Traffic2\K2\A0.1_\T0.7\M5\Traffic2-Mask.mp4,Data-Processing\Raw-Data\OpenCV\M5\480p\Traffic2\Traffic2-Mask.mp4,Data-Processing\Raw-Data\Otsu\M5\480p\Traffic2\Traffic2-Mask.mp4,0.8806,0.0222,0.9052,0.8247,0.0021,0.8198,50
480p,Traffic2,K2,A0.1_,T0.9,M3,Data-Processing\Raw-Data\Param-Sweep\480p\Traffic2\K2\A0.1_\T0.9\M3\Traffic2-Mask.mp4,Data-Processing\Raw-Data\OpenCV\M3\480p\Traffic2\Traffic2-Mask.mp4,Data-Processing\Raw-Data\Otsu\M3\480p\Traffic2\Traffic2-Mask.mp4,0.8601,0.0262,0.8819,0.6949,0.003,0.6896,50
480p,Traffic2,K2,A0.1_,T0.9,M4,Data-Processing\Raw-Data\Param-Sweep\480p\Traffic2\K2\A0.1_\T0.9\M4\Traffic2-Mask.mp4,Data-Processing\Raw-Data\OpenCV\M4\480p\Traffic2\Traffic2-Mask.mp4,Data-Processing\Raw-Data\Otsu\M4\480p\Traffic2\Traffic2-Mask.mp4,0.8813,0.0237,0.9018,0.7977,0.0015,0.7927,50
480p,Traffic2,K2,A0.1_,T0.9,M5,Data-Processing\Raw-Data\Param-Sweep\480p\Traffic2\K2\A0.1_\T0.9\M5\Traffic2-Mask.mp4,Data-Processing\Raw-Data\OpenCV\M5\480p\Traffic2\Traffic2-Mask.mp4,Data-Processing\Raw-Data\Otsu\M5\480p\Traffic2\Traffic2-Mask.mp4,0.8916,0.0221,0.9144,0.8455,0.0011,0.8389,50
480p,Traffic2,K3,A0.001_,T0.5,M3,Data-Processing\Raw-Data\Param-Sweep\480p\Traffic2\K3\A0.001_\T0.5\M3\Traffic2-Mask.mp4,Data-Processing\Raw-Data\OpenCV\M3\480p\Traffic2\Traffic2-Mask.mp4,Data-Processing\Raw-Data\Otsu\M3\480p\Traffic2\Traffic2-Mask.mp4,0.3319,0.0356,0.3087,0.3197,0.0321,0.3134,50
480p,Traffic2,K3,A0.001_,T0.5,M4,Data-Processing\Raw-Data\Param-Sweep\480p\Traffic2\K3\A0.001_\T0.5\M4\Traffic2-Mask.mp4,Data-Processing\Raw-Data\OpenCV\M4\480p\Traffic2\Traffic2-Mask.mp4,Data-Processing\Raw-Data\Otsu\M4\480p\Traffic2\Traffic2-Mask.mp4,0.4971,0.0383,0.4908,0.4763,0.0327,0.4788,50
480p,Traffic2,K3,A0.001_,T0.5,M5,Data-Processing\Raw-Data\Param-Sweep\480p\Traffic2\K3\A0.001_\T0.5\M5\Traffic2-Mask.mp4,Data-Processing\Raw-Data\OpenCV\M5\480p\Traffic2\Traffic2-Mask.mp4,Data-Processing\Raw-Data\Otsu\M5\480p\Traffic2\Traffic2-Mask.mp4,0.4978,0.0387,0.4928,0.4885,0.0356,0.485,50
480p,Traffic2,K3,A0.001_,T0.7,M3,Data-Processing\Raw-Data\Param-Sweep\480p\Traffic2\K3\A0.001_\T0.7\M3\Traffic2-Mask.mp4,Data-Processing\Raw-Data\OpenCV\M3\480p\Traffic2\Traffic2-Mask.mp4,Data-Processing\Raw-Data\Otsu\M3\480p\Traffic2\Traffic2-Mask.mp4,0.4722,0.0689,0.4068,0.4118,0.0428,0.3795,50
480p,Traffic2,K3,A0.001_,T0.7,M4,Data-Processing\Raw-Data\Param-Sweep\480p\Traffic2\K3\A0.001_\T0.7\M4\Traffic2-Mask.mp4,Data-Processing\Raw-Data\OpenCV\M4\480p\Traffic2\Traffic2-Mask.mp4,Data-Processing\Raw-Data\Otsu\M4\480p\Traffic2\Traffic2-Mask.mp4,0.6259,0.0562,0.6446,0.5701,0.038,0.6077,50
480p,Traffic2,K3,A0.001_,T0.7,M5,Data-Processing\Raw-Data\Param-Sweep\480p\Traffic2\K3\A0.001_\T0.7\M5\Traffic2-Mask.mp4,Data-Processing\Raw-Data\OpenCV\M5\480p\Traffic2\Traffic2-Mask.mp4,Data-Processing\Raw-Data\Otsu\M5\480p\Traffic2\Traffic2-Mask.mp4,0.6279,0.057,0.6462,0.5948,0.0433,0.6283,50
480p,Traffic2,K3,A0.001_,T0.9,M3,Data-Processing\Raw-Data\Param-Sweep\480p\Traffic2\K3\A0.001_\T0.9\M3\Traffic2-Mask.mp4,Data-Processing\Raw-Data\OpenCV\M3\480p\Traffic2\Traffic2-Mask.mp4,Data-Processing\Raw-Data\Otsu\M3\480p\Traffic2\Traffic2-Mask.mp4,0.6651,0.0719,0.7826,0.5366,0.0373,0.6068,50
480p,Traffic2,K3,A0.001_,T0.9,M4,Data-Processing\Raw-Data\Param-Sweep\480p\Traffic2\K3\A0.001_\T0.9\M4\Traffic2-Mask.mp4,Data-Processing\Raw-Data\OpenCV\M4\480p\Traffic2\Traffic2-Mask.mp4,Data-Processing\Raw-Data\Otsu\M4\480p\Traffic2\Traffic2-Mask.mp4,0.7727,0.0467,0.8527,0.6816,0.0276,0.7357,50
480p,Traffic2,K3,A0.001_,T0.9,M5,Data-Processing\Raw-Data\Param-Sweep\480p\Traffic2\K3\A0.001_\T0.9\M5\Traffic2-Mask.mp4,Data-Processing\Raw-Data\OpenCV\M5\480p\Traffic2\Traffic2-Mask.mp4,Data-Processing\Raw-Data\Otsu\M5\480p\Traffic2\Traffic2-Mask.mp4,0.7768,0.0477,0.8607,0.717,0.0318,0.7717,50
480p,Traffic2,K3,A0.01_,T0.5,M3,Data-Processing\Raw-Data\Param-Sweep\480p\Traffic2\K3\A0.01_\T0.5\M3\Traffic2-Mask.mp4,Data-Processing\Raw-Data\OpenCV\M3\480p\Traffic2\Traffic2-Mask.mp4,Data-Processing\Raw-Data\Otsu\M3\480p\Traffic2\Traffic2-Mask.mp4,0.7871,0.0455,0.8755,0.6085,0.0222,0.6573,50
480p,Traffic2,K3,A0.01_,T0.5,M4,Data-Processing\Raw-Data\Param-Sweep\480p\Traffic2\K3\A0.01_\T0.5\M4\Traffic2-Mask.mp4,Data-Processing\Raw-Data\OpenCV\M4\480p\Traffic2\Traffic2-Mask.mp4,Data-Processing\Raw-Data\Otsu\M4\480p\Traffic2\Traffic2-Mask.mp4,0.8404,0.0286,0.89,0.7296,0.0156,0.7617,50
480p,Traffic2,K3,A0.01_,T0.5,M5,Data-Processing\Raw-Data\Param-Sweep\480p\Traffic2\K3\A0.01_\T0.5\M5\Traffic2-Mask.mp4,Data-Processing\Raw-Data\OpenCV\M5\480p\Traffic2\Traffic2-Mask.mp4,Data-Processing\Raw-Data\Otsu\M5\480p\Traffic2\Traffic2-Mask.mp4,0.8471,0.0294,0.9015,0.7695,0.0175,0.7981,50
480p,Traffic2,K3,A0.01_,T0.7,M3,Data-Processing\Raw-Data\Param-Sweep\480p\Traffic2\K3\A0.01_\T0.7\M3\Traffic2-Mask.mp4,Data-Processing\Raw-Data\OpenCV\M3\480p\Traffic2\Traffic2-Mask.mp4,Data-Processing\Raw-Data\Otsu\M3\480p\Traffic2\Traffic2-Mask.mp4,0.8265,0.0369,0.8951,0.6339,0.0171,0.6775,50
480p,Traffic2,K3,A0.01_,T0.7,M4,Data-Processing\Raw-Data\Param-Sweep\480p\Traffic2\K3\A0.01_\T0.7\M4\Traffic2-Mask.mp4,Data-Processing\Raw-Data\OpenCV\M4\480p\Traffic2\Traffic2-Mask.mp4,Data-Processing\Raw-Data\Otsu\M4\480p\Traffic2\Traffic2-Mask.mp4,0.869,0.0227,0.9011,0.7516,0.0096,0.7721,50
480p,Traffic2,K3,A0.01_,T0.7,M5,Data-Processing\Raw-Data\Param-Sweep\480p\Traffic2\K3\A0.01_\T0.7\M5\Traffic2-Mask.mp4,Data-Processing\Raw-Data\OpenCV\M5\480p\Traffic2\Traffic2-Mask.mp4,Data-Processing\Raw-Data\Otsu\M5\480p\Traffic2\Traffic2-Mask.mp4,0.8785,0.0231,0.9157,0.7943,0.0105,0.8086,50
480p,Traffic2,K3,A0.01_,T0.9,M3,Data-Processing\Raw-Data\Param-Sweep\480p\Traffic2\K3\A0.01_\T0.9\M3\Traffic2-Mask.mp4,Data-Processing\Raw-Data\OpenCV\M3\480p\Traffic2\Traffic2-Mask.mp4,Data-Processing\Raw-Data\Otsu\M3\480p\Traffic2\Traffic2-Mask.mp4,0.8765,0.0261,0.9127,0.6857,0.0033,0.6883,50
480p,Traffic2,K3,A0.01_,T0.9,M4,Data-Processing\Raw-Data\Param-Sweep\480p\Traffic2\K3\A0.01_\T0.9\M4\Traffic2-Mask.mp4,Data-Processing\Raw-Data\OpenCV\M4\480p\Traffic2\Traffic2-Mask.mp4,Data-Processing\Raw-Data\Otsu\M4\480p\Traffic2\Traffic2-Mask.mp4,0.8935,0.0228,0.9156,0.7865,0.002,0.7835,50
480p,Traffic2,K3,A0.01_,T0.9,M5,Data-Processing\Raw-Data\Param-Sweep\480p\Traffic2\K3\A0.01_\T0.9\M5\Traffic2-Mask.mp4,Data-Processing\Raw-Data\OpenCV\M5\480p\Traffic2\Traffic2-Mask.mp4,Data-Processing\Raw-Data\Otsu\M5\480p\Traffic2\Traffic2-Mask.mp4,0.9079,0.0217,0.9336,0.8323,0.0018,0.828,50
480p,Traffic2,K3,A0.1_,T0.5,M3,Data-Processing\Raw-Data\Param-Sweep\480p\Traffic2\K3\A0.1_\T0.5\M3\Traffic2-Mask.mp4,Data-Processing\Raw-Data\OpenCV\M3\480p\Traffic2\Traffic2-Mask.mp4,Data-Processing\Raw-Data\Otsu\M3\480p\Traffic2\Traffic2-Mask.mp4,0.806,0.0342,0.8578,0.6476,0.0097,0.654,50
480p,Traffic2,K3,A0.1_,T0.5,M4,Data-Processing\Raw-Data\Param-Sweep\480p\Traffic2\K3\A0.1_\T0.5\M4\Traffic2-Mask.mp4,Data-Processing\Raw-Data\OpenCV\M4\480p\Traffic2\Traffic2-Mask.mp4,Data-Processing\Raw-Data\Otsu\M4\480p\Traffic2\Traffic2-Mask.mp4,0.8574,0.0281,0.8952,0.7697,0.0059,0.7723,50
480p,Traffic2,K3,A0.1_,T0.5,M5,Data-Processing\Raw-Data\Param-Sweep\480p\Traffic2\K3\A0.1_\T0.5\M5\Traffic2-Mask.mp4,Data-Processing\Raw-Data\OpenCV\M5\480p\Traffic2\Traffic2-Mask.mp4,Data-Processing\Raw-Data\Otsu\M5\480p\Traffic2\Traffic2-Mask.mp4,0.8658,0.0264,0.9016,0.8145,0.0061,0.8194,50
480p,Traffic2,K3,A0.1_,T0.7,M3,Data-Processing\Raw-Data\Param-Sweep\480p\Traffic2\K3\A0.1_\T0.7\M3\Traffic2-Mask.mp4,Data-Processing\Raw-Data\OpenCV\M3\480p\Traffic2\Traffic2-Mask.mp4,Data-Processing\Raw-Data\Otsu\M3\480p\Traffic2\Traffic2-Mask.mp4,0.8338,0.0289,0.872,0.6729,0.0057,0.6733,50
480p,Traffic2,K3,A0.1_,T0.7,M4,Data-Processing\Raw-Data\Param-Sweep\480p\Traffic2\K3\A0.1_\T0.7\M4\Traffic2-Mask.mp4,Data-Processing\Raw-Data\OpenCV\M4\480p\Traffic2\Traffic2-Mask.mp4,Data-Processing\Raw-Data\Otsu\M4\480p\Traffic2\Traffic2-Mask.mp4,0.873,0.0238,0.9037,0.7881,0.002,0.7836,50
480p,Traffic2,K3,A0.1_,T0.7,M5,Data-Processing\Raw-Data\Param-Sweep\480p\Traffic2\K3\A0.1_\T0.7\M5\Traffic2-Mask.mp4,Data-Processing\Raw-Data\OpenCV\M5\480p\Traffic2\Traffic2-Mask.mp4,Data-Processing\Raw-Data\Otsu\M5\480p\Traffic2\Traffic2-Mask.mp4,0.8829,0.0221,0.9116,0.835,0.0017,0.829,50
480p,Traffic2,K3,A0.1_,T0.9,M3,Data-Processing\Raw-Data\Param-Sweep\480p\Traffic2\K3\A0.1_\T0.9\M3\Traffic2-Mask.mp4,Data-Processing\Raw-Data\OpenCV\M3\480p\Traffic2\Traffic2-Mask.mp4,Data-Processing\Raw-Data\Otsu\M3\480p\Traffic2\Traffic2-Mask.mp4,0.8631,0.0264,0.8835,0.6996,0.0028,0.6941,50
480p,Traffic2,K3,A0.1_,T0.9,M4,Data-Processing\Raw-Data\Param-Sweep\480p\Traffic2\K3\A0.1_\T0.9\M4\Traffic2-Mask.mp4,Data-Processing\Raw-Data\OpenCV\M4\480p\Traffic2\Traffic2-Mask.mp4,Data-Processing\Raw-Data\Otsu\M4\480p\Traffic2\Traffic2-Mask.mp4,0.8816,0.0237,0.901,0.8004,0.0015,0.7973,50
480p,Traffic2,K3,A0.1_,T0.9,M5,Data-Processing\Raw-Data\Param-Sweep\480p\Traffic2\K3\A0.1_\T0.9\M5\Traffic2-Mask.mp4,Data-Processing\Raw-Data\OpenCV\M5\480p\Traffic2\Traffic2-Mask.mp4,Data-Processing\Raw-Data\Otsu\M5\480p\Traffic2\Traffic2-Mask.mp4,0.8928,0.0222,0.9153,0.8491,0.0011,0.8429,50
480p,Traffic2,K4,A0.001_,T0.5,M3,Data-Processing\Raw-Data\Param-Sweep\480p\Traffic2\K4\A0.001_\T0.5\M3\Traffic2-Mask.mp4,Data-Processing\Raw-Data\OpenCV\M3\480p\Traffic2\Traffic2-Mask.mp4,Data-Processing\Raw-Data\Otsu\M3\480p\Traffic2\Traffic2-Mask.mp4,0.3827,0.0453,0.3281,0.3509,0.0331,0.3319,50
480p,Traffic2,K4,A0.001_,T0.5,M4,Data-Processing\Raw-Data\Param-Sweep\480p\Traffic2\K4\A0.001_\T0.5\M4\Traffic2-Mask.mp4,Data-Processing\Raw-Data\OpenCV\M4\480p\Traffic2\Traffic2-Mask.mp4,Data-Processing\Raw-Data\Otsu\M4\480p\Traffic2\Traffic2-Mask.mp4,0.5312,0.0395,0.4939,0.5023,0.031,0.4905,50
480p,Traffic2,K4,A0.001_,T0.5,M5,Data-Processing\Raw-Data\Param-Sweep\480p\Traffic2\K4\A0.001_\T0.5\M5\Traffic2-Mask.mp4,Data-Processing\Raw-Data\OpenCV\M5\480p\Traffic2\Traffic2-Mask.mp4,Data-Processing\Raw-Data\Otsu\M5\480p\Traffic2\Traffic2-Mask.mp4,0.5323,0.04,0.4961,0.5178,0.0342,0.4931,50
480p,Traffic2,K4,A0.001_,T0.7,M3,Data-Processing\Raw-Data\Param-Sweep\480p\Traffic2\K4\A0.001_\T0.7\M3\Traffic2-Mask.mp4,Data-Processing\Raw-Data\OpenCV\M3\480p\Traffic2\Traffic2-Mask.mp4,Data-Processing\Raw-Data\Otsu\M3\480p\Traffic2\Traffic2-Mask.mp4,0.5457,0.0816,0.5519,0.4579,0.0446,0.4825,50
480p,Traffic2,K4,A0.001_,T0.7,M4,Data-Processing\Raw-Data\Param-Sweep\480p\Traffic2\K4\A0.001_\T0.7\M4\Traffic2-Mask.mp4,Data-Processing\Raw-Data\OpenCV\M4\480p\Traffic2\Traffic2-Mask.mp4,Data-Processing\Raw-Data\Otsu\M4\480p\Traffic2\Traffic2-Mask.mp4,0.6651,0.0587,0.7613,0.6018,0.0376,0.6967,50
480p,Traffic2,K4,A0.001_,T0.7,M5,Data-Processing\Raw-Data\Param-Sweep\480p\Traffic2\K4\A0.001_\T0.7\M5\Traffic2-Mask.mp4,Data-Processing\Raw-Data\OpenCV\M5\480p\Traffic2\Traffic2-Mask.mp4,Data-Processing\Raw-Data\Otsu\M5\480p\Traffic2\Traffic2-Mask.mp4,0.6679,0.0596,0.7665,0.6291,0.0432,0.7346,50
480p,Traffic2,K4,A0.001_,T0.9,M3,Data-Processing\Raw-Data\Param-Sweep\480p\Traffic2\K4\A0.001_\T0.9\M3\Traffic2-Mask.mp4,Data-Processing\Raw-Data\OpenCV\M3\480p\Traffic2\Traffic2-Mask.mp4,Data-Processing\Raw-Data\Otsu\M3\480p\Traffic2\Traffic2-Mask.mp4,0.7462,0.0616,0.8606,0.5867,0.0306,0.6517,50
480p,Traffic2,K4,A0.001_,T0.9,M4,Data-Processing\Raw-Data\Param-Sweep\480p\Traffic2\K4\A0.001_\T0.9\M4\Traffic2-Mask.mp4,Data-Processing\Raw-Data\OpenCV\M4\480p\Traffic2\Traffic2-Mask.mp4,Data-Processing\Raw-Data\Otsu\M4\480p\Traffic2\Traffic2-Mask.mp4,0.8169,0.0382,0.8907,0.7147,0.021,0.7599,50
480p,Traffic2,K4,A0.001_,T0.9,M5,Data-Processing\Raw-Data\Param-Sweep\480p\Traffic2\K4\A0.001_\T0.9\M5\Traffic2-Mask.mp4,Data-Processing\Raw-Data\OpenCV\M5\480p\Traffic2\Traffic2-Mask.mp4,Data-Processing\Raw-Data\Otsu\M5\480p\Traffic2\Traffic2-Mask.mp4,0.8234,0.0392,0.8978,0.7531,0.0243,0.803,50
480p,Traffic2,K4,A0.01_,T0.5,M3,Data-Processing\Raw-Data\Param-Sweep\480p\Traffic2\K4\A0.01_\T0.5\M3\Traffic2-Mask.mp4,Data-Processing\Raw-Data\OpenCV\M3\480p\Traffic2\Traffic2-Mask.mp4,Data-Processing\Raw-Data\Otsu\M3\480p\Traffic2\Traffic2-Mask.mp4,0.8069,0.0427,0.8803,0.6204,0.0205,0.665,50
480p,Traffic2,K4,A0.01_,T0.5,M4,Data-Processing\Raw-Data\Param-Sweep\480p\Traffic2\K4\A0.01_\T0.5\M4\Traffic2-Mask.mp4,Data-Processing\Raw-Data\OpenCV\M4\480p\Traffic2\Traffic2-Mask.mp4,Data-Processing\Raw-Data\Otsu\M4\480p\Traffic2\Traffic2-Mask.mp4,0.852,0.0272,0.8979,0.7378,0.0144,0.7666,50
480p,Traffic2,K4,A0.01_,T0.5,M5,Data-Processing\Raw-Data\Param-Sweep\480p\Traffic2\K4\A0.01_\T0.5\M5\Traffic2-Mask.mp4,Data-Processing\Raw-Data\OpenCV\M5\480p\Traffic2\Traffic2-Mask.mp4,Data-Processing\Raw-Data\Otsu\M5\480p\Traffic2\Traffic2-Mask.mp4,0.8602,0.028,0.9058,0.7788,0.0161,0.8045,50
480p,Traffic2,K4,A0.01_,T0.7,M3,Data-Processing\Raw-Data\Param-Sweep\480p\Traffic2\K4\A0.01_\T0.7\M3\Traffic2-Mask.mp4,Data-Processing\Raw-Data\OpenCV\M3\480p\Traffic2\Traffic2-Mask.mp4,Data-Processing\Raw-Data\Otsu\M3\480p\Traffic2\Traffic2-Mask.mp4,0.8401,0.0358,0.8999,0.6448,0.0132,0.6802,50
480p,Traffic2,K4,A0.01_,T0.7,M4,Data-Processing\Raw-Data\Param-Sweep\480p\Traffic2\K4\A0.01_\T0.7\M4\Traffic2-Mask.mp4,Data-Processing\Raw-Data\OpenCV\M4\480p\Traffic2\Traffic2-Mask.mp4,Data-Processing\Raw-Data\Otsu\M4\480p\Traffic2\Traffic2-Mask.mp4,0.8774,0.0227,0.9077,0.7631,0.0048,0.7762,50
480p,Traffic2,K4,A0.01_,T0.7,M5,Data-Processing\Raw-Data\Param-Sweep\480p\Traffic2\K4\A0.01_\T0.7\M5\Traffic2-Mask.mp4,Data-Processing\Raw-Data\OpenCV\M5\480p\Traffic2\Traffic2-Mask.mp4,Data-Processing\Raw-Data\Otsu\M5\480p\Traffic2\Traffic2-Mask.mp4,0.8902,0.0221,0.9228,0.8072,0.005,0.8146,50
480p,Traffic2,K4,A0.01_,T0.9,M3,Data-Processing\Raw-Data\Param-Sweep\480p\Traffic2\K4\A0.01_\T0.9\M3\Traffic2-Mask.mp4,Data-Processing\Raw-Data\OpenCV\M3\480p\Traffic2\Traffic2-Mask.mp4,Data-Processing\Raw-Data\Otsu\M3\480p\Traffic2\Traffic2-Mask.mp4,0.8853,0.0261,0.9188,0.6931,0.0031,0.692,50
480p,Traffic2,K4,A0.01_,T0.9,M4,Data-Processing\Raw-Data\Param-Sweep\480p\Traffic2\K4\A0.01_\T0.9\M4\Traffic2-Mask.mp4,Data-Processing\Raw-Data\OpenCV\M4\480p\Traffic2\Traffic2-Mask.mp4,Data-Processing\Raw-Data\Otsu\M4\480p\Traffic2\Traffic2-Mask.mp4,0.8947,0.0233,0.9201,0.7908,0.0018,0.7888,50
480p,Traffic2,K4,A0.01_,T0.9,M5,Data-Processing\Raw-Data\Param-Sweep\480p\Traffic2\K4\A0.01_\T0.9\M5\Traffic2-Mask.mp4,Data-Processing\Raw-Data\OpenCV\M5\480p\Traffic2\Traffic2-Mask.mp4,Data-Processing\Raw-Data\Otsu\M5\480p\Traffic2\Traffic2-Mask.mp4,0.9109,0.0221,0.9384,0.8381,0.0015,0.8338,50
480p,Traffic2,K4,A0.1_,T0.5,M3,Data-Processing\Raw-Data\Param-Sweep\480p\Traffic2\K4\A0.1_\T0.5\M3\Traffic2-Mask.mp4,Data-Processing\Raw-Data\OpenCV\M3\480p\Traffic2\Traffic2-Mask.mp4,Data-Processing\Raw-Data\Otsu\M3\480p\Traffic2\Traffic2-Mask.mp4,0.8055,0.0343,0.858,0.6506,0.0095,0.6599,50
480p,Traffic2,K4,A0.1_,T0.5,M4,Data-Processing\Raw-Data\Param-Sweep\480p\Traffic2\K4\A0.1_\T0.5\M4\Traffic2-Mask.mp4,Data-Processing\Raw-Data\OpenCV\M4\480p\Traffic2\Traffic2-Mask.mp4,Data-Processing\Raw-Data\Otsu\M4\480p\Traffic2\Traffic2-Mask.mp4,0.8568,0.0279,0.8941,0.7731,0.0056,0.7748,50
480p,Traffic2,K4,A0.1_,T0.5,M5,Data-Processing\Raw-Data\Param-Sweep\480p\Traffic2\K4\A0.1_\T0.5\M5\Traffic2-Mask.mp4,Data-Processing\Raw-Data\OpenCV\M5\480p\Traffic2\Traffic2-Mask.mp4,Data-Processing\Raw-Data\Otsu\M5\480p\Traffic2\Traffic2-Mask.mp4,0.8658,0.0263,0.9023,0.8189,0.0057,0.8235,50
480p,Traffic2,K4,A0.1_,T0.7,M3,Data-Processing\Raw-Data\Param-Sweep\480p\Traffic2\K4\A0.1_\T0.7\M3\Traffic2-Mask.mp4,Data-Processing\Raw-Data\OpenCV\M3\480p\Traffic2\Traffic2-Mask.mp4,Data-Processing\Raw-Data\Otsu\M3\480p\Traffic2\Traffic2-Mask.mp4,0.8335,0.0289,0.8732,0.677,0.0055,0.6772,50
480p,Traffic2,K4,A0.1_,T0.7,M4,Data-Processing\Raw-Data\Param-Sweep\480p\Traffic2\K4\A0.1_\T0.7\M4\Traffic2-Mask.mp4,Data-Processing\Raw-Data\OpenCV\M4\480p\Traffic2\Traffic2-Mask.mp4,Data-Processing\Raw-Data\Otsu\M4\480p\Traffic2\Traffic2-Mask.mp4,0.8725,0.0237,0.8991,0.7919,0.0019,0.7876,50
480p,Traffic2,K4,A0.1_,T0.7,M5,Data-Processing\Raw-Data\Param-Sweep\480p\Traffic2\K4\A0.1_\T0.7\M5\Traffic2-Mask.mp4,Data-Processing\Raw-Data\OpenCV\M5\480p\Traffic2\Traffic2-Mask.mp4,Data-Processing\Raw-Data\Otsu\M5\480p\Traffic2\Traffic2-Mask.mp4,0.8829,0.0221,0.9105,0.8399,0.0015,0.8358,50
480p,Traffic2,K4,A0.1_,T0.9,M3,Data-Processing\Raw-Data\Param-Sweep\480p\Traffic2\K4\A0.1_\T0.9\M3\Traffic2-Mask.mp4,Data-Processing\Raw-Data\OpenCV\M3\480p\Traffic2\Traffic2-Mask.mp4,Data-Processing\Raw-Data\Otsu\M3\480p\Traffic2\Traffic2-Mask.mp4,0.8641,0.0263,0.8843,0.7025,0.0027,0.6971,50
480p,Traffic2,K4,A0.1_,T0.9,M4,Data-Processing\Raw-Data\Param-Sweep\480p\Traffic2\K4\A0.1_\T0.9\M4\Traffic2-Mask.mp4,Data-Processing\Raw-Data\OpenCV\M4\480p\Traffic2\Traffic2-Mask.mp4,Data-Processing\Raw-Data\Otsu\M4\480p\Traffic2\Traffic2-Mask.mp4,0.8812,0.0237,0.9013,0.8018,0.0014,0.7996,50
480p,Traffic2,K4,A0.1_,T0.9,M5,Data-Processing\Raw-Data\Param-Sweep\480p\Traffic2\K4\A0.1_\T0.9\M5\Traffic2-Mask.mp4,Data-Processing\Raw-Data\OpenCV\M5\480p\Traffic2\Traffic2-Mask.mp4,Data-Processing\Raw-Data\Otsu\M5\480p\Traffic2\Traffic2-Mask.mp4,0.8929,0.0222,0.915,0.8512,0.001,0.8455,50
120p,Traffic2,K2,A0.001_,T0.5,M3,Data-Processing\Raw-Data\Param-Sweep\120p\Traffic2\K2\A0.001_\T0.5\M3\Traffic2-Mask.mp4,Data-Processing\Raw-Data\OpenCV\M3\120p\Traffic2\Traffic2-Mask.mp4,Data-Processing\Raw-Data\Otsu\M3\120p\Traffic2\Traffic2-Mask.mp4,0.2231,0.0218,0.2766,0.2223,0.0275,0.265,100
120p,Traffic2,K2,A0.001_,T0.5,M4,Data-Processing\Raw-Data\Param-Sweep\120p\Traffic2\K2\A0.001_\T0.5\M4\Traffic2-Mask.mp4,Data-Processing\Raw-Data\OpenCV\M4\120p\Traffic2\Traffic2-Mask.mp4,Data-Processing\Raw-Data\Otsu\M4\120p\Traffic2\Traffic2-Mask.mp4,0.4904,0.0467,0.5903,0.4894,0.0498,0.5928,100
120p,Traffic2,K2,A0.001_,T0.5,M5,Data-Processing\Raw-Data\Param-Sweep\120p\Traffic2\K2\A0.001_\T0.5\M5\Traffic2-Mask.mp4,Data-Processing\Raw-Data\OpenCV\M5\120p\Traffic2\Traffic2-Mask.mp4,Data-Processing\Raw-Data\Otsu\M5\120p\Traffic2\Traffic2-Mask.mp4,0.4968,0.0488,0.6017,0.4918,0.0505,0.5997,100
120p,Traffic2,K2,A0.001_,T0.7,M3,Data-Processing\Raw-Data\Param-Sweep\120p\Traffic2\K2\A0.001_\T0.7\M3\Traffic2-Mask.mp4,Data-Processing\Raw-Data\OpenCV\M3\120p\Traffic2\Traffic2-Mask.mp4,Data-Processing\Raw-Data\Otsu\M3\120p\Traffic2\Traffic2-Mask.mp4,0.2705,0.0383,0.2835,0.2664,0.0412,0.2746,100
120p,Traffic2,K2,A0.001_,T0.7,M4,Data-Processing\Raw-Data\Param-Sweep\120p\Traffic2\K2\A0.001_\T0.7\M4\Traffic2-Mask.mp4,Data-Processing\Raw-Data\OpenCV\M4\120p\Traffic2\Traffic2-Mask.mp4,Data-Processing\Raw-Data\Otsu\M4\120p\Traffic2\Traffic2-Mask.mp4,0.5297,0.0614,0.5989,0.5272,0.0629,0.5986,100
120p,Traffic2,K2,A0.001_,T0.7,M5,Data-Processing\Raw-Data\Param-Sweep\120p\Traffic2\K2\A0.001_\T0.7\M5\Traffic2-Mask.mp4,Data-Processing\Raw-Data\OpenCV\M5\120p\Traffic2\Traffic2-Mask.mp4,Data-Processing\Raw-Data\Otsu\M5\120p\Traffic2\Traffic2-Mask.mp4,0.5362,0.0639,0.6081,0.5308,0.0644,0.6025,100
120p,Traffic2,K2,A0.001_,T0.9,M3,Data-Processing\Raw-Data\Param-Sweep\120p\Traffic2\K2\A0.001_\T0.9\M3\Traffic2-Mask.mp4,Data-Processing\Raw-Data\OpenCV\M3\120p\Traffic2\Traffic2-Mask.mp4,Data-Processing\Raw-Data\Otsu\M3\120p\Traffic2\Traffic2-Mask.mp4,0.4835,0.0617,0.5076,0.4493,0.0546,0.4758,100
120p,Traffic2,K2,A0.001_,T0.9,M4,Data-Processing\Raw-Data\Param-Sweep\120p\Traffic2\K2\A0.001_\T0.9\M4\Traffic2-Mask.mp4,Data-Processing\Raw-Data\OpenCV\M4\120p\Traffic2\Traffic2-Mask.mp4,Data-Processing\Raw-Data\Otsu\M4\120p\Traffic2\Traffic2-Mask.mp4,0.6407,0.0557,0.7145,0.6311,0.0554,0.7084,100
120p,Traffic2,K2,A0.001_,T0.9,M5,Data-Processing\Raw-Data\Param-Sweep\120p\Traffic2\K2\A0.001_\T0.9\M5\Traffic2-Mask.mp4,Data-Processing\Raw-Data\OpenCV\M5\120p\Traffic2\Traffic2-Mask.mp4,Data-Processing\Raw-Data\Otsu\M5\120p\Traffic2\Traffic2-Mask.mp4,0.6479,0.0582,0.7192,0.6392,0.0579,0.7164,100
120p,Traffic2,K2,A0.01_,T0.5,M3,Data-Processing\Raw-Data\Param-Sweep\120p\Traffic2\K2\A0.01_\T0.5\M3\Traffic2-Mask.mp4,Data-Processing\Raw-Data\OpenCV\M3\120p\Traffic2\Traffic2-Mask.mp4,Data-Processing\Raw-Data\Otsu\M3\120p\Traffic2\Traffic2-Mask.mp4,0.6877,0.0542,0.7669,0.6191,0.0477,0.6957,100
120p,Traffic2,K2,A0.01_,T0.5,M4,Data-Processing\Raw-Data\Param-Sweep\120p\Traffic2\K2\A0.01_\T0.5\M4\Traffic2-Mask.mp4,Data-Processing\Raw-Data\OpenCV\M4\120p\Traffic2\Traffic2-Mask.mp4,Data-Processing\Raw-Data\Otsu\M4\120p\Traffic2\Traffic2-Mask.mp4,0.7749,0.0397,0.8234,0.752,0.0396,0.8028,100
120p,Traffic2,K2,A0.01_,T0.5,M5,Data-Processing\Raw-Data\Param-Sweep\120p\Traffic2\K2\A0.01_\T0.5\M5\Traffic2-Mask.mp4,Data-Processing\Raw-Data\OpenCV\M5\120p\Traffic2\Traffic2-Mask.mp4,Data-Processing\Raw-Data\Otsu\M5\120p\Traffic2\Traffic2-Mask.mp4,0.7883,0.0419,0.8481,0.7709,0.0425,0.823,100
120p,Traffic2,K2,A0.01_,T0.7,M3,Data-Processing\Raw-Data\Param-Sweep\120p\Traffic2\K2\A0.01_\T0.7\M3\Traffic2-Mask.mp4,Data-Processing\Raw-Data\OpenCV\M3\120p\Traffic2\Traffic2-Mask.mp4,Data-Processing\Raw-Data\Otsu\M3\120p\Traffic2\Traffic2-Mask.mp4,0.7405,0.0394,0.8022,0.6636,0.0359,0.71,100
120p,Traffic2,K2,A0.01_,T0.7,M4,Data-Processing\Raw-Data\Param-Sweep\120p\Traffic2\K2\A0.01_\T0.7\M4\Traffic2-Mask.mp4,Data-Processing\Raw-Data\OpenCV\M4\120p\Traffic2\Traffic2-Mask.mp4,Data-Processing\Raw-Data\Otsu\M4\120p\Traffic2\Traffic2-Mask.mp4,0.8027,0.0277,0.8394,0.7771,0.0277,0.8123,100
120p,Traffic2,K2,A0.01_,T0.7,M5,Data-Processing\Raw-Data\Param-Sweep\120p\Traffic2\K2\A0.01_\T0.7\M5\Traffic2-Mask.mp4,Data-Processing\Raw-Data\OpenCV\M5\120p\Traffic2\Traffic2-Mask.mp4,Data-Processing\Raw-Data\Otsu\M5\120p\Traffic2\Traffic2-Mask.mp4,0.8168,0.0292,0.8593,0.7969,0.0299,0.8341,100
120p,Traffic2,K2,A0.01_,T0.9,M3,Data-Processing\Raw-Data\Param-Sweep\120p\Traffic2\K2\A0.01_\T0.9\M3\Traffic2-Mask.mp4,Data-Processing\Raw-Data\OpenCV\M3\120p\Traffic2\Traffic2-Mask.mp4,Data-Processing\Raw-Data\Otsu\M3\120p\Traffic2\Traffic2-Mask.mp4,0.8102,0.0266,0.8476,0.7307,0.0143,0.7551,100
120p,Traffic2,K2,A0.01_,T0.9,M4,Data-Processing\Raw-Data\Param-Sweep\120p\Traffic2\K2\A0.01_\T0.9\M4\Traffic2-Mask.mp4,Data-Processing\Raw-Data\OpenCV\M4\120p\Traffic2\Traffic2-Mask.mp4,Data-Processing\Raw-Data\Otsu\M4\120p\Traffic2\Traffic2-Mask.mp4,0.8457,0.019,0.8675,0.8284,0.0074,0.8325,100
120p,Traffic2,K2,A0.01_,T0.9,M5,Data-Processing\Raw-Data\Param-Sweep\120p\Traffic2\K2\A0.01_\T0.9\M5\Traffic2-Mask.mp4,Data-Processing\Raw-Data\OpenCV\M5\120p\Traffic2\Traffic2-Mask.mp4,Data-Processing\Raw-Data\Otsu\M5\120p\Traffic2\Traffic2-Mask.mp4,0.8639,0.0183,0.8866,0.8488,0.0082,0.8536,100
120p,Traffic2,K2,A0.1_,T0.5,M3,Data-Processing\Raw-Data\Param-Sweep\120p\Traffic2\K2\A0.1_\T0.5\M3\Traffic2-Mask.mp4,Data-Processing\Raw-Data\OpenCV\M3\120p\Traffic2\Traffic2-Mask.mp4,Data-Processing\Raw-Data\Otsu\M3\120p\Traffic2\Traffic2-Mask.mp4,0.7658,0.0328,0.8208,0.7065,0.0158,0.7311,100
120p,Traffic2,K2,A0.1_,T0.5,M4,Data-Processing\Raw-Data\Param-Sweep\120p\Traffic2\K2\A0.1_\T0.5\M4\Traffic2-Mask.mp4,Data-Processing\Raw-Data\OpenCV\M4\120p\Traffic2\Traffic2-Mask.mp4,Data-Processing\Raw-Data\Otsu\M4\120p\Traffic2\Traffic2-Mask.mp4,0.826,0.0255,0.8687,0.82,0.0116,0.8398,100
120p,Traffic2,K2,A0.1_,T0.5,M5,Data-Processing\Raw-Data\Param-Sweep\120p\Traffic2\K2\A0.1_\T0.5\M5\Traffic2-Mask.mp4,Data-Processing\Raw-Data\OpenCV\M5\120p\Traffic2\Traffic2-Mask.mp4,Data-Processing\Raw-Data\Otsu\M5\120p\Traffic2\Traffic2-Mask.mp4,0.8438,0.0239,0.8862,0.8474,0.0117,0.8654,100
120p,Traffic2,K2,A0.1_,T0.7,M3,Data-Processing\Raw-Data\Param-Sweep\120p\Traffic2\K2\A0.1_\T0.7\M3\Traffic2-Mask.mp4,Data-Processing\Raw-Data\OpenCV\M3\120p\Traffic2\Traffic2-Mask.mp4,Data-Processing\Raw-Data\Otsu\M3\120p\Traffic2\Traffic2-Mask.mp4,0.81,0.0263,0.8482,0.7494,0.0079,0.7559,100
120p,Traffic2,K2,A0.1_,T0.7,M4,Data-Processing\Raw-Data\Param-Sweep\120p\Traffic2\K2\A0.1_\T0.7\M4\Traffic2-Mask.mp4,Data-Processing\Raw-Data\OpenCV\M4\120p\Traffic2\Traffic2-Mask.mp4,Data-Processing\Raw-Data\Otsu\M4\120p\Traffic2\Traffic2-Mask.mp4,0.8573,0.0203,0.885,0.854,0.0046,0.8597,100
120p,Traffic2,K2,A0.1_,T0.7,M5,Data-Processing\Raw-Data\Param-Sweep\120p\Traffic2\K2\A0.1_\T0.7\M5\Traffic2-Mask.mp4,Data-Processing\Raw-Data\OpenCV\M5\120p\Traffic2\Traffic2-Mask.mp4,Data-Processing\Raw-Data\Otsu\M5\120p\Traffic2\Traffic2-Mask.mp4,0.8775,0.0185,0.9058,0.8837,0.0045,0.8916,100
120p,Traffic2,K2,A0.1_,T0.9,M3,Data-Processing\Raw-Data\Param-Sweep\120p\Traffic2\K2\A0.1_\T0.9\M3\Traffic2-Mask.mp4,Data-Processing\Raw-Data\OpenCV\M3\120p\Traffic2\Traffic2-Mask.mp4,Data-Processing\Raw-Data\Otsu\M3\120p\Traffic2\Traffic2-Mask.mp4,0.8327,0.0272,0.8677,0.7807,0.0072,0.7843,100
120p,Traffic2,K2,A0.1_,T0.9,M4,Data-Processing\Raw-Data\Param-Sweep\120p\Traffic2\K2\A0.1_\T0.9\M4\Traffic2-Mask.mp4,Data-Processing\Raw-Data\OpenCV\M4\120p\Traffic2\Traffic2-Mask.mp4,Data-Processing\Raw-Data\Otsu\M4\120p\Traffic2\Traffic2-Mask.mp4,0.8729,0.0208,0.9027,0.8797,0.0038,0.8798,100
120p,Traffic2,K2,A0.1_,T0.9,M5,Data-Processing\Raw-Data\Param-Sweep\120p\Traffic2\K2\A0.1_\T0.9\M5\Traffic2-Mask.mp4,Data-Processing\Raw-Data\OpenCV\M5\120p\Traffic2\Traffic2-Mask.mp4,Data-Processing\Raw-Data\Otsu\M5\120p\Traffic2\Traffic2-Mask.mp4,0.8977,0.0191,0.9305,0.9188,0.0038,0.9266,100
120p,Traffic2,K3,A0.001_,T0.5,M3,Data-Processing\Raw-Data\Param-Sweep\120p\Traffic2\K3\A0.001_\T0.5\M3\Traffic2-Mask.mp4,Data-Processing\Raw-Data\OpenCV\M3\120p\Traffic2\Traffic2-Mask.mp4,Data-Processing\Raw-Data\Otsu\M3\120p\Traffic2\Traffic2-Mask.mp4,0.3333,0.0435,0.2918,0.3159,0.0439,0.278,100
120p,Traffic2,K3,A0.001_,T0.5,M4,Data-Processing\Raw-Data\Param-Sweep\120p\Traffic2\K3\A0.001_\T0.5\M4\Traffic2-Mask.mp4,Data-Processing\Raw-Data\OpenCV\M4\120p\Traffic2\Traffic2-Mask.mp4,Data-Processing\Raw-Data\Otsu\M4\120p\Traffic2\Traffic2-Mask.mp4,0.5496,0.0388,0.6116,0.5474,0.041,0.6043,100
120p,Traffic2,K3,A0.001_,T0.5,M5,Data-Processing\Raw-Data\Param-Sweep\120p\Traffic2\K3\A0.001_\T0.5\M5\Traffic2-Mask.mp4,Data-Processing\Raw-Data\OpenCV\M5\120p\Traffic2\Traffic2-Mask.mp4,Data-Processing\Raw-Data\Otsu\M5\120p\Traffic2\Traffic2-Mask.mp4,0.5566,0.0403,0.6228,0.5518,0.0418,0.6128,100
120p,Traffic2,K3,A0.001_,T0.7,M3,Data-Processing\Raw-Data\Param-Sweep\120p\Traffic2\K3\A0.001_\T0.7\M3\Traffic2-Mask.mp4,Data-Processing\Raw-Data\OpenCV\M3\120p\Traffic2\Traffic2-Mask.mp4,Data-Processing\Raw-Data\Otsu\M3\120p\Traffic2\Traffic2-Mask.mp4,0.4739,0.0792,0.4163,0.4371,0.0695,0.4004,100
120p,Traffic2,K3,A0.001_,T0.7,M4,Data-Processing\Raw-Data\Param-Sweep\120p\Traffic2\K3\A0.001_\T0.7\M4\Traffic2-Mask.mp4,Data-Processing\Raw-Data\OpenCV\M4\120p\Traffic2\Traffic2-Mask.mp4,Data-Processing\Raw-Data\Otsu\M4\120p\Traffic2\Traffic2-Mask.mp4,0.6288,0.0515,0.6446,0.6221,0.0514,0.642,100
120p,Traffic2,K3,A0.001_,T0.7,M5,Data-Processing\Raw-Data\Param-Sweep\120p\Traffic2\K3\A0.001_\T0.7\M5\Traffic2-Mask.mp4,Data-Processing\Raw-Data\OpenCV\M5\120p\Traffic2\Traffic2-Mask.mp4,Data-Processing\Raw-Data\Otsu\M5\120p\Traffic2\Traffic2-Mask.mp4,0.6392,0.0534,0.6532,0.6329,0.0535,0.6545,100
120p,Traffic2,K3,A0.001_,T0.9,M3,Data-Processing\Raw-Data\Param-Sweep\120p\Traffic2\K3\A0.001_\T0.9\M3\Traffic2-Mask.mp4,Data-Processing\Raw-Data\OpenCV\M3\120p\Traffic2\Traffic2-Mask.mp4,Data-Processing\Raw-Data\Otsu\M3\120p\Traffic2\Traffic2-Mask.mp4,0.664,0.0691,0.7411,0.5987,0.0572,0.6804,100
120p,Traffic2,K3,A0.001_,T0.9,M4,Data-Processing\Raw-Data\Param-Sweep\120p\Traffic2\K3\A0.001_\T0.9\M4\Traffic2-Mask.mp4,Data-Processing\Raw-Data\OpenCV\M4\120p\Traffic2\Traffic2-Mask.mp4,Data-Processing\Raw-Data\Otsu\M4\120p\Traffic2\Traffic2-Mask.mp4,0.755,0.0391,0.8017,0.739,0.0372,0.7791,100
120p,Traffic2,K3,A0.001_,T0.9,M5,Data-Processing\Raw-Data\Param-Sweep\120p\Traffic2\K3\A0.001_\T0.9\M5\Traffic2-Mask.mp4,Data-Processing\Raw-Data\OpenCV\M5\120p\Traffic2\Traffic2-Mask.mp4,Data-Processing\Raw-Data\Otsu\M5\120p\Traffic2\Traffic2-Mask.mp4,0.7709,0.0408,0.8128,0.7568,0.0402,0.794,100
120p,Traffic2,K3,A0.01_,T0.5,M3,Data-Processing\Raw-Data\Param-Sweep\120p\Traffic2\K3\A0.01_\T0.5\M3\Traffic2-Mask.mp4,Data-Processing\Raw-Data\OpenCV\M3\120p\Traffic2\Traffic2-Mask.mp4,Data-Processing\Raw-Data\Otsu\M3\120p\Traffic2\Traffic2-Mask.mp4,0.7508,0.0446,0.8249,0.6666,0.0388,0.7385,100
120p,Traffic2,K3,A0.01_,T0.5,M4,Data-Processing\Raw-Data\Param-Sweep\120p\Traffic2\K3\A0.01_\T0.5\M4\Traffic2-Mask.mp4,Data-Processing\Raw-Data\OpenCV\M4\120p\Traffic2\Traffic2-Mask.mp4,Data-Processing\Raw-Data\Otsu\M4\120p\Traffic2\Traffic2-Mask.mp4,0.8139,0.0287,0.8586,0.7879,0.0286,0.8297,100
120p,Traffic2,K3,A0.01_,T0.5,M5,Data-Processing\Raw-Data\Param-Sweep\120p\Traffic2\K3\A0.01_\T0.5\M5\Traffic2-Mask.mp4,Data-Processing\Raw-Data\OpenCV\M5\120p\Traffic2\Traffic2-Mask.mp4,Data-Processing\Raw-Data\Otsu\M5\120p\Traffic2\Traffic2-Mask.mp4,0.8341,0.0307,0.8822,0.811,0.0309,0.855,100
120p,Traffic2,K3,A0.01_,T0.7,M3,Data-Processing\Raw-Data\Param-Sweep\120p\Traffic2\K3\A0.01_\T0.7\M3\Traffic2-Mask.mp4,Data-Processing\Raw-Data\OpenCV\M3\120p\Traffic2\Traffic2-Mask.mp4,Data-Processing\Raw-Data\Otsu\M3\120p\Traffic2\Traffic2-Mask.mp4,0.8038,0.0316,0.8571,0.7112,0.0262,0.7573,100
120p,Traffic2,K3,A0.01_,T0.7,M4,Data-Processing\Raw-Data\Param-Sweep\120p\Traffic2\K3\A0.01_\T0.7\M4\Traffic2-Mask.mp4,Data-Processing\Raw-Data\OpenCV\M4\120p\Traffic2\Traffic2-Mask.mp4,Data-Processing\Raw-Data\Otsu\M4\120p\Traffic2\Traffic2-Mask.mp4,0.8414,0.0213,0.8692,0.8149,0.0191,0.8424,100
120p,Traffic2,K3,A0.01_,T0.7,M5,Data-Processing\Raw-Data\Param-Sweep\120p\Traffic2\K3\A0.01_\T0.7\M5\Traffic2-Mask.mp4,Data-Processing\Raw-Data\OpenCV\M5\120p\Traffic2\Traffic2-Mask.mp4,Data-Processing\Raw-Data\Otsu\M5\120p\Traffic2\Traffic2-Mask.mp4,0.8658,0.0221,0.901,0.8392,0.0208,0.8656,100
120p,Traffic2,K3,A0.01_,T0.9,M3,Data-Processing\Raw-Data\Param-Sweep\120p\Traffic2\K3\A0.01_\T0.9\M3\Traffic2-Mask.mp4,Data-Processing\Raw-Data\OpenCV\M3\120p\Traffic2\Traffic2-Mask.mp4,Data-Processing\Raw-Data\Otsu\M3\120p\Traffic2\Traffic2-Mask.mp4,0.8526,0.0249,0.8856,0.7633,0.01,0.7804,100
120p,Traffic2,K3,A0.01_,T0.9,M4,Data-Processing\Raw-Data\Param-Sweep\120p\Traffic2\K3\A0.01_\T0.9\M4\Traffic2-Mask.mp4,Data-Processing\Raw-Data\OpenCV\M4\120p\Traffic2\Traffic2-Mask.mp4,Data-Processing\Raw-Data\Otsu\M4\120p\Traffic2\Traffic2-Mask.mp4,0.8692,0.0181,0.8909,0.8552,0.0036,0.8571,100
120p,Traffic2,K3,A0.01_,T0.9,M5,Data-Processing\Raw-Data\Param-Sweep\120p\Traffic2\K3\A0.01_\T0.9\M5\Traffic2-Mask.mp4,Data-Processing\Raw-Data\OpenCV\M5\120p\Traffic2\Traffic2-Mask.mp4,Data-Processing\Raw-Data\Otsu\M5\120p\Traffic2\Traffic2-Mask.mp4,0.9001,0.0169,0.9216,0.8836,0.0039,0.886,100
120p,Traffic2,K3,A0.1_,T0.5,M3,Data-Processing\Raw-Data\Param-Sweep\120p\Traffic2\K3\A0.1_\T0.5\M3\Traffic2-Mask.mp4,Data-Processing\Raw-Data\OpenCV\M3\120p\Traffic2\Traffic2-Mask.mp4,Data-Processing\Raw-Data\Otsu\M3\120p\Traffic2\Traffic2-Mask.mp4,0.7768,0.0335,0.8307,0.7209,0.0156,0.7462,100
120p,Traffic2,K3,A0.1_,T0.5,M4,Data-Processing\Raw-Data\Param-Sweep\120p\Traffic2\K3\A0.1_\T0.5\M4\Traffic2-Mask.mp4,Data-Processing\Raw-Data\OpenCV\M4\120p\Traffic2\Traffic2-Mask.mp4,Data-Processing\Raw-Data\Otsu\M4\120p\Traffic2\Traffic2-Mask.mp4,0.8364,0.0261,0.8791,0.836,0.0112,0.8564,100
120p,Traffic2,K3,A0.1_,T0.5,M5,Data-Processing\Raw-Data\Param-Sweep\120p\Traffic2\K3\A0.1_\T0.5\M5\Traffic2-Mask.mp4,Data-Processing\Raw-Data\OpenCV\M5\120p\Traffic2\Traffic2-Mask.mp4,Data-Processing\Raw-Data\Otsu\M5\120p\Traffic2\Traffic2-Mask.mp4,0.8569,0.0242,0.9014,0.8672,0.0113,0.8871,100
120p,Traffic2,K3,A0.1_,T0.7,M3,Data-Processing\Raw-Data\Param-Sweep\120p\Traffic2\K3\A0.1_\T0.7\M3\Traffic2-Mask.mp4,Data-Processing\Raw-Data\OpenCV\M3\120p\Traffic2\Traffic2-Mask.mp4,Data-Processing\Raw-Data\Otsu\M3\120p\Traffic2\Traffic2-Mask.mp4,0.8159,0.0268,0.8537,0.7615,0.0078,0.7688,100
120p,Traffic2,K3,A0.1_,T0.7,M4,Data-Processing\Raw-Data\Param-Sweep\120p\Traffic2\K3\A0.1_\T0.7\M4\Traffic2-Mask.mp4,Data-Processing\Raw-Data\OpenCV\M4\120p\Traffic2\Traffic2-Mask.mp4,Data-Processing\Raw-Data\Otsu\M4\120p\Traffic2\Traffic2-Mask.mp4,0.8633,0.0209,0.8918,0.867,0.0046,0.8728,100
120p,Traffic2,K3,A0.1_,T0.7,M5,Data-Processing\Raw-Data\Param-Sweep\120p\Traffic2\K3\A0.1_\T0.7\M5\Traffic2-Mask.mp4,Data-Processing\Raw-Data\OpenCV\M5\120p\Traffic2\Traffic2-Mask.mp4,Data-Processing\Raw-Data\Otsu\M5\120p\Traffic2\Traffic2-Mask.mp4,0.887,0.0192,0.9147,0.9038,0.0045,0.9092,100
120p,Traffic2,K3,A0.1_,T0.9,M3,Data-Processing\Raw-Data\Param-Sweep\120p\Traffic2\K3\A0.1_\T0.9\M3\Traffic2-Mask.mp4,Data-Processing\Raw-Data\OpenCV\M3\120p\Traffic2\Traffic2-Mask.mp4,Data-Processing\Raw-Data\Otsu\M3\120p\Traffic2\Traffic2-Mask.mp4,0.8345,0.0271,0.8682,0.7848,0.007,0.7916,100
120p,Traffic2,K3,A0.1_,T0.9,M4,Data-Processing\Raw-Data\Param-Sweep\120p\Traffic2\K3\A0.1_\T0.9\M4\Traffic2-Mask.mp4,Data-Processing\Raw-Data\OpenCV\M4\120p\Traffic2\Traffic2-Mask.mp4,Data-Processing\Raw-Data\Otsu\M4\120p\Traffic2\Traffic2-Mask.mp4,0.8737,0.0205,0.903,0.8819,0.0035,0.8841,100
120p,Traffic2,K3,A0.1_,T0.9,M5,Data-Processing\Raw-Data\Param-Sweep\120p\Traffic2\K3\A0.1_\T0.9\M5\Traffic2-Mask.mp4,Data-Processing\Raw-Data\OpenCV\M5\120p\Traffic2\Traffic2-Mask.mp4,Data-Processing\Raw-Data\Otsu\M5\120p\Traffic2\Traffic2-Mask.mp4,0.8988,0.0189,0.9314,0.9219,0.0035,0.9297,100
120p,Traffic2,K4,A0.001_,T0.5,M3,Data-Processing\Raw-Data\Param-Sweep\120p\Traffic2\K4\A0.001_\T0.5\M3\Traffic2-Mask.mp4,Data-Processing\Raw-Data\OpenCV\M3\120p\Traffic2\Traffic2-Mask.mp4,Data-Processing\Raw-Data\Otsu\M3\120p\Traffic2\Traffic2-Mask.mp4,0.3653,0.0471,0.3072,0.3453,0.0463,0.3073,100
120p,Traffic2,K4,A0.001_,T0.5,M4,Data-Processing\Raw-Data\Param-Sweep\120p\Traffic2\K4\A0.001_\T0.5\M4\Traffic2-Mask.mp4,Data-Processing\Raw-Data\OpenCV\M4\120p\Traffic2\Traffic2-Mask.mp4,Data-Processing\Raw-Data\Otsu\M4\120p\Traffic2\Traffic2-Mask.mp4,0.5677,0.0374,0.6116,0.5641,0.0394,0.6043,100
120p,Traffic2,K4,A0.001_,T0.5,M5,Data-Processing\Raw-Data\Param-Sweep\120p\Traffic2\K4\A0.001_\T0.5\M5\Traffic2-Mask.mp4,Data-Processing\Raw-Data\OpenCV\M5\120p\Traffic2\Traffic2-Mask.mp4,Data-Processing\Raw-Data\Otsu\M5\120p\Traffic2\Traffic2-Mask.mp4,0.5754,0.0389,0.6264,0.57,0.0402,0.6128,100
120p,Traffic2,K4,A0.001_,T0.7,M3,Data-Processing\Raw-Data\Param-Sweep\120p\Traffic2\K4\A0.001_\T0.7\M3\Traffic2-Mask.mp4,Data-Processing\Raw-Data\OpenCV\M3\120p\Traffic2\Traffic2-Mask.mp4,Data-Processing\Raw-Data\Otsu\M3\120p\Traffic2\Traffic2-Mask.mp4,0.5261,0.0828,0.6115,0.4819,0.0706,0.5601,100
120p,Traffic2,K4,A0.001_,T0.7,M4,Data-Processing\Raw-Data\Param-Sweep\120p\Traffic2\K4\A0.001_\T0.7\M4\Traffic2-Mask.mp4,Data-Processing\Raw-Data\OpenCV\M4\120p\Traffic2\Traffic2-Mask.mp4,Data-Processing\Raw-Data\Otsu\M4\120p\Traffic2\Traffic2-Mask.mp4,0.6612,0.051,0.7326,0.6511,0.0501,0.7,100
120p,Traffic2,K4,A0.001_,T0.7,M5,Data-Processing\Raw-Data\Param-Sweep\120p\Traffic2\K4\A0.001_\T0.7\M5\Traffic2-Mask.mp4,Data-Processing\Raw-Data\OpenCV\M5\120p\Traffic2\Traffic2-Mask.mp4,Data-Processing\Raw-Data\Otsu\M5\120p\Traffic2\Traffic2-Mask.mp4,0.6732,0.0531,0.7374,0.6645,0.0532,0.7182,100
120p,Traffic2,K4,A0.001_,T0.9,M3,Data-Processing\Raw-Data\Param-Sweep\120p\Traffic2\K4\A0.001_\T0.9\M3\Traffic2-Mask.mp4,Data-Processing\Raw-Data\OpenCV\M3\120p\Traffic2\Traffic2-Mask.mp4,Data-Processing\Raw-Data\Otsu\M3\120p\Traffic2\Traffic2-Mask.mp4,0.7274,0.055,0.8096,0.6514,0.0456,0.7317,100
120p,Traffic2,K4,A0.001_,T0.9,M4,Data-Processing\Raw-Data\Param-Sweep\120p\Traffic2\K4\A0.001_\T0.9\M4\Traffic2-Mask.mp4,Data-Processing\Raw-Data\OpenCV\M4\120p\Traffic2\Traffic2-Mask.mp4,Data-Processing\Raw-Data\Otsu\M4\120p\Traffic2\Traffic2-Mask.mp4,0.7961,0.0299,0.8355,0.7769,0.0281,0.813,100
120p,Traffic2,K4,A0.001_,T0.9,M5,Data-Processing\Raw-Data\Param-Sweep\120p\Traffic2\K4\A0.001_\T0.9\M5\Traffic2-Mask.mp4,Data-Processing\Raw-Data\OpenCV\M5\120p\Traffic2\Traffic2-Mask.mp4,Data-Processing\Raw-Data\Otsu\M5\120p\Traffic2\Traffic2-Mask.mp4,0.8175,0.0311,0.8553,0.7978,0.0308,0.8374,100
120p,Traffic2,K4,A0.01_,T0.5,M3,Data-Processing\Raw-Data\Param-Sweep\120p\Traffic2\K4\A0.01_\T0.5\M3\Traffic2-Mask.mp4,Data-Processing\Raw-Data\OpenCV\M3\120p\Traffic2\Traffic2-Mask.mp4,Data-Processing\Raw-Data\Otsu\M3\120p\Traffic2\Traffic2-Mask.mp4,0.7705,0.0405,0.8355,0.6807,0.0357,0.7478,100
120p,Traffic2,K4,A0.01_,T0.5,M4,Data-Processing\Raw-Data\Param-Sweep\120p\Traffic2\K4\A0.01_\T0.5\M4\Traffic2-Mask.mp4,Data-Processing\Raw-Data\OpenCV\M4\120p\Traffic2\Traffic2-Mask.mp4,Data-Processing\Raw-Data\Otsu\M4\120p\Traffic2\Traffic2-Mask.mp4,0.8269,0.0265,0.866,0.7985,0.0261,0.8362,100
120p,Traffic2,K4,A0.01_,T0.5,M5,Data-Processing\Raw-Data\Param-Sweep\120p\Traffic2\K4\A0.01_\T0.5\M5\Traffic2-Mask.mp4,Data-Processing\Raw-Data\OpenCV\M5\120p\Traffic2\Traffic2-Mask.mp4,Data-Processing\Raw-Data\Otsu\M5\120p\Traffic2\Traffic2-Mask.mp4,0.849,0.0282,0.8987,0.8228,0.0282,0.8643,100
120p,Traffic2,K4,A0.01_,T0.7,M3,Data-Processing\Raw-Data\Param-Sweep\120p\Traffic2\K4\A0.01_\T0.7\M3\Traffic2-Mask.mp4,Data-Processing\Raw-Data\OpenCV\M3\120p\Traffic2\Traffic2-Mask.mp4,Data-Processing\Raw-Data\Otsu\M3\120p\Traffic2\Traffic2-Mask.mp4,0.8218,0.0297,0.8632,0.7245,0.0234,0.7606,100
120p,Traffic2,K4,A0.01_,T0.7,M4,Data-Processing\Raw-Data\Param-Sweep\120p\Traffic2\K4\A0.01_\T0.7\M4\Traffic2-Mask.mp4,Data-Processing\Raw-Data\OpenCV\M4\120p\Traffic2\Traffic2-Mask.mp4,Data-Processing\Raw-Data\Otsu\M4\120p\Traffic2\Traffic2-Mask.mp4,0.8521,0.0207,0.8856,0.8235,0.0179,0.8456,100
120p,Traffic2,K4,A0.01_,T0.7,M5,Data-Processing\Raw-Data\Param-Sweep\120p\Traffic2\K4\A0.01_\T0.7\M5\Traffic2-Mask.mp4,Data-Processing\Raw-Data\OpenCV\M5\120p\Traffic2\Traffic2-Mask.mp4,Data-Processing\Raw-Data\Otsu\M5\120p\Traffic2\Traffic2-Mask.mp4,0.8788,0.0213,0.9159,0.8494,0.0195,0.8768,100
120p,Traffic2,K4,A0.01_,T0.9,M3,Data-Processing\Raw-Data\Param-Sweep\120p\Traffic2\K4\A0.01_\T0.9\M3\Traffic2-Mask.mp4,Data-Processing\Raw-Data\OpenCV\M3\120p\Traffic2\Traffic2-Mask.mp4,Data-Processing\Raw-Data\Otsu\M3\120p\Traffic2\Traffic2-Mask.mp4,0.8637,0.0245,0.9025,0.7768,0.0069,0.7845,100
120p,Traffic2,K4,A0.01_,T0.9,M4,Data-Processing\Raw-Data\Param-Sweep\120p\Traffic2\K4\A0.01_\T0.9\M4\Traffic2-Mask.mp4,Data-Processing\Raw-Data\OpenCV\M4\120p\Traffic2\Traffic2-Mask.mp4,Data-Processing\Raw-Data\Otsu\M4\120p\Traffic2\Traffic2-Mask.mp4,0.8771,0.0184,0.899,0.8663,0.0027,0.8629,100
120p,Traffic2,K4,A0.01_,T0.9,M5,Data-Processing\Raw-Data\Param-Sweep\120p\Traffic2\K4\A0.01_\T0.9\M5\Traffic2-Mask.mp4,Data-Processing\Raw-Data\OpenCV\M5\120p\Traffic2\Traffic2-Mask.mp4,Data-Processing\Raw-Data\Otsu\M5\120p\Traffic2\Traffic2-Mask.mp4,0.9097,0.0172,0.9341,0.8976,0.0028,0.897,100
120p,Traffic2,K4,A0.1_,T0.5,M3,Data-Processing\Raw-Data\Param-Sweep\120p\Traffic2\K4\A0.1_\T0.5\M3\Traffic2-Mask.mp4,Data-Processing\Raw-Data\OpenCV\M3\120p\Traffic2\Traffic2-Mask.mp4,Data-Processing\Raw-Data\Otsu\M3\120p\Traffic2\Traffic2-Mask.mp4,0.7772,0.0333,0.8328,0.725,0.0153,0.7495,100
120p,Traffic2,K4,A0.1_,T0.5,M4,Data-Processing\Raw-Data\Param-Sweep\120p\Traffic2\K4\A0.1_\T0.5\M4\Traffic2-Mask.mp4,Data-Processing\Raw-Data\OpenCV\M4\120p\Traffic2\Traffic2-Mask.mp4,Data-Processing\Raw-Data\Otsu\M4\120p\Traffic2\Traffic2-Mask.mp4,0.8385,0.0262,0.8804,0.8416,0.011,0.861,100
120p,Traffic2,K4,A0.1_,T0.5,M5,Data-Processing\Raw-Data\Param-Sweep\120p\Traffic2\K4\A0.1_\T0.5\M5\Traffic2-Mask.mp4,Data-Processing\Raw-Data\OpenCV\M5\120p\Traffic2\Traffic2-Mask.mp4,Data-Processing\Raw-Data\Otsu\M5\120p\Traffic2\Traffic2-Mask.mp4,0.8597,0.0245,0.9026,0.8756,0.0111,0.8975,100
120p,Traffic2,K4,A0.1_,T0.7,M3,Data-Processing\Raw-Data\Param-Sweep\120p\Traffic2\K4\A0.1_\T0.7\M3\Traffic2-Mask.mp4,Data-Processing\Raw-Data\OpenCV\M3\120p\Traffic2\Traffic2-Mask.mp4,Data-Processing\Raw-Data\Otsu\M3\120p\Traffic2\Traffic2-Mask.mp4,0.8153,0.027,0.8548,0.7666,0.0078,0.7759,100
120p,Traffic2,K4,A0.1_,T0.7,M4,Data-Processing\Raw-Data\Param-Sweep\120p\Traffic2\K4\A0.1_\T0.7\M4\Traffic2-Mask.mp4,Data-Processing\Raw-Data\OpenCV\M4\120p\Traffic2\Traffic2-Mask.mp4,Data-Processing\Raw-Data\Otsu\M4\120p\Traffic2\Traffic2-Mask.mp4,0.8643,0.021,0.8922,0.872,0.0045,0.8781,100
120p,Traffic2,K4,A0.1_,T0.7,M5,Data-Processing\Raw-Data\Param-Sweep\120p\Traffic2\K4\A0.1_\T0.7\M5\Traffic2-Mask.mp4,Data-Processing\Raw-Data\OpenCV\M5\120p\Traffic2\Traffic2-Mask.mp4,Data-Processing\Raw-Data\Otsu\M5\120p\Traffic2\Traffic2-Mask.mp4,0.8884,0.0194,0.9185,0.9109,0.0045,0.9204,100
120p,Traffic2,K4,A0.1_,T0.9,M3,Data-Processing\Raw-Data\Param-Sweep\120p\Traffic2\K4\A0.1_\T0.9\M3\Traffic2-Mask.mp4,Data-Processing\Raw-Data\OpenCV\M3\120p\Traffic2\Traffic2-Mask.mp4,Data-Processing\Raw-Data\Otsu\M3\120p\Traffic2\Traffic2-Mask.mp4,0.8351,0.0268,0.8685,0.7881,0.0067,0.7969,100
120p,Traffic2,K4,A0.1_,T0.9,M4,Data-Processing\Raw-Data\Param-Sweep\120p\Traffic2\K4\A0.1_\T0.9\M4\Traffic2-Mask.mp4,Data-Processing\Raw-Data\OpenCV\M4\120p\Traffic2\Traffic2-Mask.mp4,Data-Processing\Raw-Data\Otsu\M4\120p\Traffic2\Traffic2-Mask.mp4,0.8746,0.0203,0.9028,0.8839,0.0033,0.8848,100
120p,Traffic2,K4,A0.1_,T0.9,M5,Data-Processing\Raw-Data\Param-Sweep\120p\Traffic2\K4\A0.1_\T0.9\M5\Traffic2-Mask.mp4,Data-Processing\Raw-Data\OpenCV\M5\120p\Traffic2\Traffic2-Mask.mp4,Data-Processing\Raw-Data\Otsu\M5\120p\Traffic2\Traffic2-Mask.mp4,0.8995,0.0186,0.9314,0.9245,0.0032,0.9307,100
240p,Traffic2,K2,A0.001_,T0.5,M3,Data-Processing\Raw-Data\Param-Sweep\240p\Traffic2\K2\A0.001_\T0.5\M3\Traffic2-Mask.mp4,Data-Processing\Raw-Data\OpenCV\M3\240p\Traffic2\Traffic2-Mask.mp4,Data-Processing\Raw-Data\Otsu\M3\240p\Traffic2\Traffic2-Mask.mp4,0.2213,0.0187,0.2726,0.2273,0.0253,0.2782,100
240p,Traffic2,K2,A0.001_,T0.5,M4,Data-Processing\Raw-Data\Param-Sweep\240p\Traffic2\K2\A0.001_\T0.5\M4\Traffic2-Mask.mp4,Data-Processing\Raw-Data\OpenCV\M4\240p\Traffic2\Traffic2-Mask.mp4,Data-Processing\Raw-Data\Otsu\M4\240p\Traffic2\Traffic2-Mask.mp4,0.4189,0.0375,0.5018,0.4156,0.0414,0.5008,100
240p,Traffic2,K2,A0.001_,T0.5,M5,Data-Processing\Raw-Data\Param-Sweep\240p\Traffic2\K2\A0.001_\T0.5\M5\Traffic2-Mask.mp4,Data-Processing\Raw-Data\OpenCV\M5\240p\Traffic2\Traffic2-Mask.mp4,Data-Processing\Raw-Data\Otsu\M5\240p\Traffic2\Traffic2-Mask.mp4,0.4212,0.0384,0.5049,0.4157,0.042,0.5001,100
240p,Traffic2,K2,A0.001_,T0.7,M3,Data-Processing\Raw-Data\Param-Sweep\240p\Traffic2\K2\A0.001_\T0.7\M3\Traffic2-Mask.mp4,Data-Processing\Raw-Data\OpenCV\M3\240p\Traffic2\Traffic2-Mask.mp4,Data-Processing\Raw-Data\Otsu\M3\240p\Traffic2\Traffic2-Mask.mp4,0.2583,0.0307,0.2786,0.257,0.0335,0.2804,100
240p,Traffic2,K2,A0.001_,T0.7,M4,Data-Processing\Raw-Data\Param-Sweep\240p\Traffic2\K2\A0.001_\T0.7\M4\Traffic2-Mask.mp4,Data-Processing\Raw-Data\OpenCV\M4\240p\Traffic2\Traffic2-Mask.mp4,Data-Processing\Raw-Data\Otsu\M4\240p\Traffic2\Traffic2-Mask.mp4,0.4654,0.0549,0.505,0.4524,0.0531,0.5092,100
240p,Traffic2,K2,A0.001_,T0.7,M5,Data-Processing\Raw-Data\Param-Sweep\240p\Traffic2\K2\A0.001_\T0.7\M5\Traffic2-Mask.mp4,Data-Processing\Raw-Data\OpenCV\M5\240p\Traffic2\Traffic2-Mask.mp4,Data-Processing\Raw-Data\Otsu\M5\240p\Traffic2\Traffic2-Mask.mp4,0.4678,0.0561,0.5083,0.4583,0.0568,0.5064,100
240p,Traffic2,K2,A0.001_,T0.9,M3,Data-Processing\Raw-Data\Param-Sweep\240p\Traffic2\K2\A0.001_\T0.9\M3\Traffic2-Mask.mp4,Data-Processing\Raw-Data\OpenCV\M3\240p\Traffic2\Traffic2-Mask.mp4,Data-Processing\Raw-Data\Otsu\M3\240p\Traffic2\Traffic2-Mask.mp4,0.4778,0.0602,0.549,0.4143,0.0434,0.4697,100
240p,Traffic2,K2,A0.001_,T0.9,M4,Data-Processing\Raw-Data\Param-Sweep\240p\Traffic2\K2\A0.001_\T0.9\M4\Traffic2-Mask.mp4,Data-Processing\Raw-Data\OpenCV\M4\240p\Traffic2\Traffic2-Mask.mp4,Data-Processing\Raw-Data\Otsu\M4\240p\Traffic2\Traffic2-Mask.mp4,0.6327,0.0557,0.7002,0.5849,0.0484,0.6567,100
240p,Traffic2,K2,A0.001_,T0.9,M5,Data-Processing\Raw-Data\Param-Sweep\240p\Traffic2\K2\A0.001_\T0.9\M5\Traffic2-Mask.mp4,Data-Processing\Raw-Data\OpenCV\M5\240p\Traffic2\Traffic2-Mask.mp4,Data-Processing\Raw-Data\Otsu\M5\240p\Traffic2\Traffic2-Mask.mp4,0.6355,0.0568,0.7089,0.6091,0.054,0.6801,100
240p,Traffic2,K2,A0.01_,T0.5,M3,Data-Processing\Raw-Data\Param-Sweep\240p\Traffic2\K2\A0.01_\T0.5\M3\Traffic2-Mask.mp4,Data-Processing\Raw-Data\OpenCV\M3\240p\Traffic2\Traffic2-Mask.mp4,Data-Processing\Raw-Data\Otsu\M3\240p\Traffic2\Traffic2-Mask.mp4,0.714,0.0513,0.8064,0.5743,0.034,0.6433,100
240p,Traffic2,K2,A0.01_,T0.5,M4,Data-Processing\Raw-Data\Param-Sweep\240p\Traffic2\K2\A0.01_\T0.5\M4\Traffic2-Mask.mp4,Data-Processing\Raw-Data\OpenCV\M4\240p\Traffic2\Traffic2-Mask.mp4,Data-Processing\Raw-Data\Otsu\M4\240p\Traffic2\Traffic2-Mask.mp4,0.7938,0.0337,0.8424,0.719,0.0303,0.7595,100
240p,Traffic2,K2,A0.01_,T0.5,M5,Data-Processing\Raw-Data\Param-Sweep\240p\Traffic2\K2\A0.01_\T0.5\M5\Traffic2-Mask.mp4,Data-Processing\Raw-Data\OpenCV\M5\240p\Traffic2\Traffic2-Mask.mp4,Data-Processing\Raw-Data\Otsu\M5\240p\Traffic2\Traffic2-Mask.mp4,0.8019,0.0347,0.8541,0.7576,0.034,0.8009,100
240p,Traffic2,K2,A0.01_,T0.7,M3,Data-Processing\Raw-Data\Param-Sweep\240p\Traffic2\K2\A0.01_\T0.7\M3\Traffic2-Mask.mp4,Data-Processing\Raw-Data\OpenCV\M3\240p\Traffic2\Traffic2-Mask.mp4,Data-Processing\Raw-Data\Otsu\M3\240p\Traffic2\Traffic2-Mask.mp4,0.7655,0.0379,0.8292,0.612,0.0255,0.6639,100
240p,Traffic2,K2,A0.01_,T0.7,M4,Data-Processing\Raw-Data\Param-Sweep\240p\Traffic2\K2\A0.01_\T0.7\M4\Traffic2-Mask.mp4,Data-Processing\Raw-Data\OpenCV\M4\240p\Traffic2\Traffic2-Mask.mp4,Data-Processing\Raw-Data\Otsu\M4\240p\Traffic2\Traffic2-Mask.mp4,0.8246,0.0233,0.8531,0.7445,0.0214,0.7767,100
240p,Traffic2,K2,A0.01_,T0.7,M5,Data-Processing\Raw-Data\Param-Sweep\240p\Traffic2\K2\A0.01_\T0.7\M5\Traffic2-Mask.mp4,Data-Processing\Raw-Data\OpenCV\M5\240p\Traffic2\Traffic2-Mask.mp4,Data-Processing\Raw-Data\Otsu\M5\240p\Traffic2\Traffic2-Mask.mp4,0.8333,0.024,0.87,0.7851,0.0239,0.8173,100
240p,Traffic2,K2,A0.01_,T0.9,M3,Data-Processing\Raw-Data\Param-Sweep\240p\Traffic2\K2\A0.01_\T0.9\M3\Traffic2-Mask.mp4,Data-Processing\Raw-Data\OpenCV\M3\240p\Traffic2\Traffic2-Mask.mp4,Data-Processing\Raw-Data\Otsu\M3\240p\Traffic2\Traffic2-Mask.mp4,0.8381,0.0241,0.868,0.6752,0.0111,0.6916,100
240p,Traffic2,K2,A0.01_,T0.9,M4,Data-Processing\Raw-Data\Param-Sweep\240p\Traffic2\K2\A0.01_\T0.9\M4\Traffic2-Mask.mp4,Data-Processing\Raw-Data\OpenCV\M4\240p\Traffic2\Traffic2-Mask.mp4,Data-Processing\Raw-Data\Otsu\M4\240p\Traffic2\Traffic2-Mask.mp4,0.8658,0.0169,0.8899,0.7891,0.0062,0.7967,100
240p,Traffic2,K2,A0.01_,T0.9,M5,Data-Processing\Raw-Data\Param-Sweep\240p\Traffic2\K2\A0.01_\T0.9\M5\Traffic2-Mask.mp4,Data-Processing\Raw-Data\OpenCV\M5\240p\Traffic2\Traffic2-Mask.mp4,Data-Processing\Raw-Data\Otsu\M5\240p\Traffic2\Traffic2-Mask.mp4,0.878,0.0158,0.9013,0.8322,0.0065,0.8399,100
240p,Traffic2,K2,A0.1_,T0.5,M3,Data-Processing\Raw-Data\Param-Sweep\240p\Traffic2\K2\A0.1_\T0.5\M3\Traffic2-Mask.mp4,Data-Processing\Raw-Data\OpenCV\M3\240p\Traffic2\Traffic2-Mask.mp4,Data-Processing\Raw-Data\Otsu\M3\240p\Traffic2\Traffic2-Mask.mp4,0.7809,0.0269,0.8305,0.65,0.0094,0.6607,100
240p,Traffic2,K2,A0.1_,T0.5,M4,Data-Processing\Raw-Data\Param-Sweep\240p\Traffic2\K2\A0.1_\T0.5\M4\Traffic2-Mask.mp4,Data-Processing\Raw-Data\OpenCV\M4\240p\Traffic2\Traffic2-Mask.mp4,Data-Processing\Raw-Data\Otsu\M4\240p\Traffic2\Traffic2-Mask.mp4,0.8402,0.0191,0.8729,0.7811,0.0049,0.7876,100
240p,Traffic2,K2,A0.1_,T0.5,M5,Data-Processing\Raw-Data\Param-Sweep\240p\Traffic2\K2\A0.1_\T0.5\M5\Traffic2-Mask.mp4,Data-Processing\Raw-Data\OpenCV\M5\240p\Traffic2\Traffic2-Mask.mp4,Data-Processing\Raw-Data\Otsu\M5\240p\Traffic2\Traffic2-Mask.mp4,0.8523,0.0171,0.8852,0.8256,0.0049,0.837,100
240p,Traffic2,K2,A0.1_,T0.7,M3,Data-Processing\Raw-Data\Param-Sweep\240p\Traffic2\K2\A0.1_\T0.7\M3\Traffic2-Mask.mp4,Data-Processing\Raw-Data\OpenCV\M3\240p\Traffic2\Traffic2-Mask.mp4,Data-Processing\Raw-Data\Otsu\M3\240p\Traffic2\Traffic2-Mask.mp4,0.824,0.023,0.8579,0.6872,0.005,0.6864,100
240p,Traffic2,K2,A0.1_,T0.7,M4,Data-Processing\Raw-Data\Param-Sweep\240p\Traffic2\K2\A0.1_\T0.7\M4\Traffic2-Mask.mp4,Data-Processing\Raw-Data\OpenCV\M4\240p\Traffic2\Traffic2-Mask.mp4,Data-Processing\Raw-Data\Otsu\M4\240p\Traffic2\Traffic2-Mask.mp4,0.8646,0.0175,0.8896,0.8069,0.0024,0.8044,100
240p,Traffic2,K2,A0.1_,T0.7,M5,Data-Processing\Raw-Data\Param-Sweep\240p\Traffic2\K2\A0.1_\T0.7\M5\Traffic2-Mask.mp4,Data-Processing\Raw-Data\OpenCV\M5\240p\Traffic2\Traffic2-Mask.mp4,Data-Processing\Raw-Data\Otsu\M5\240p\Traffic2\Traffic2-Mask.mp4,0.8781,0.0154,0.9016,0.8536,0.0021,0.855,100
240p,Traffic2,K2,A0.1_,T0.9,M3,Data-Processing\Raw-Data\Param-Sweep\240p\Traffic2\K2\A0.1_\T0.9\M3\Traffic2-Mask.mp4,Data-Processing\Raw-Data\OpenCV\M3\240p\Traffic2\Traffic2-Mask.mp4,Data-Processing\Raw-Data\Otsu\M3\240p\Traffic2\Traffic2-Mask.mp4,0.8476,0.023,0.8747,0.7169,0.0035,0.7173,100
240p,Traffic2,K2,A0.1_,T0.9,M4,Data-Processing\Raw-Data\Param-Sweep\240p\Traffic2\K2\A0.1_\T0.9\M4\Traffic2-Mask.mp4,Data-Processing\Raw-Data\OpenCV\M4\240p\Traffic2\Traffic2-Mask.mp4,Data-Processing\Raw-Data\Otsu\M4\240p\Traffic2\Traffic2-Mask.mp4,0.877,0.0175,0.8987,0.8295,0.0016,0.8281,100
240p,Traffic2,K2,A0.1_,T0.9,M5,Data-Processing\Raw-Data\Param-Sweep\240p\Traffic2\K2\A0.1_\T0.9\M5\Traffic2-Mask.mp4,Data-Processing\Raw-Data\OpenCV\M5\240p\Traffic2\Traffic2-Mask.mp4,Data-Processing\Raw-Data\Otsu\M5\240p\Traffic2\Traffic2-Mask.mp4,0.8933,0.0155,0.9177,0.881,0.0012,0.8825,100
240p,Traffic2,K3,A0.001_,T0.5,M3,Data-Processing\Raw-Data\Param-Sweep\240p\Traffic2\K3\A0.001_\T0.5\M3\Traffic2-Mask.mp4,Data-Processing\Raw-Data\OpenCV\M3\240p\Traffic2\Traffic2-Mask.mp4,Data-Processing\Raw-Data\Otsu\M3\240p\Traffic2\Traffic2-Mask.mp4,0.3422,0.0431,0.2926,0.3128,0.0356,0.291,100
240p,Traffic2,K3,A0.001_,T0.5,M4,Data-Processing\Raw-Data\Param-Sweep\240p\Traffic2\K3\A0.001_\T0.5\M4\Traffic2-Mask.mp4,Data-Processing\Raw-Data\OpenCV\M4\240p\Traffic2\Traffic2-Mask.mp4,Data-Processing\Raw-Data\Otsu\M4\240p\Traffic2\Traffic2-Mask.mp4,0.518,0.0365,0.51,0.4925,0.0362,0.5109,100
240p,Traffic2,K3,A0.001_,T0.5,M5,Data-Processing\Raw-Data\Param-Sweep\240p\Traffic2\K3\A0.001_\T0.5\M5\Traffic2-Mask.mp4,Data-Processing\Raw-Data\OpenCV\M5\240p\Traffic2\Traffic2-Mask.mp4,Data-Processing\Raw-Data\Otsu\M5\240p\Traffic2\Traffic2-Mask.mp4,0.5206,0.0371,0.5152,0.5051,0.0383,0.5098,100
240p,Traffic2,K3,A0.001_,T0.7,M3,Data-Processing\Raw-Data\Param-Sweep\240p\Traffic2\K3\A0.001_\T0.7\M3\Traffic2-Mask.mp4,Data-Processing\Raw-Data\OpenCV\M3\240p\Traffic2\Traffic2-Mask.mp4,Data-Processing\Raw-Data\Otsu\M3\240p\Traffic2\Traffic2-Mask.mp4,0.4904,0.0809,0.4107,0.4178,0.0527,0.3819,100
240p,Traffic2,K3,A0.001_,T0.7,M4,Data-Processing\Raw-Data\Param-Sweep\240p\Traffic2\K3\A0.001_\T0.7\M4\Traffic2-Mask.mp4,Data-Processing\Raw-Data\OpenCV\M4\240p\Traffic2\Traffic2-Mask.mp4,Data-Processing\Raw-Data\Otsu\M4\240p\Traffic2\Traffic2-Mask.mp4,0.6258,0.054,0.6573,0.5788,0.0457,0.5983,100
240p,Traffic2,K3,A0.001_,T0.7,M5,Data-Processing\Raw-Data\Param-Sweep\240p\Traffic2\K3\A0.001_\T0.7\M5\Traffic2-Mask.mp4,Data-Processing\Raw-Data\OpenCV\M5\240p\Traffic2\Traffic2-Mask.mp4,Data-Processing\Raw-Data\Otsu\M5\240p\Traffic2\Traffic2-Mask.mp4,0.6304,0.0551,0.6578,0.6038,0.0511,0.6263,100
240p,Traffic2,K3,A0.001_,T0.9,M3,Data-Processing\Raw-Data\Param-Sweep\240p\Traffic2\K3\A0.001_\T0.9\M3\Traffic2-Mask.mp4,Data-Processing\Raw-Data\OpenCV\M3\240p\Traffic2\Traffic2-Mask.mp4,Data-Processing\Raw-Data\Otsu\M3\240p\Traffic2\Traffic2-Mask.mp4,0.6824,0.071,0.7783,0.5545,0.0429,0.6346,100
240p,Traffic2,K3,A0.001_,T0.9,M4,Data-Processing\Raw-Data\Param-Sweep\240p\Traffic2\K3\A0.001_\T0.9\M4\Traffic2-Mask.mp4,Data-Processing\Raw-Data\OpenCV\M4\240p\Traffic2\Traffic2-Mask.mp4,Data-Processing\Raw-Data\Otsu\M4\240p\Traffic2\Traffic2-Mask.mp4,0.7673,0.0408,0.8245,0.6966,0.0332,0.7471,100
240p,Traffic2,K3,A0.001_,T0.9,M5,Data-Processing\Raw-Data\Param-Sweep\240p\Traffic2\K3\A0.001_\T0.9\M5\Traffic2-Mask.mp4,Data-Processing\Raw-Data\OpenCV\M5\240p\Traffic2\Traffic2-Mask.mp4,Data-Processing\Raw-Data\Otsu\M5\240p\Traffic2\Traffic2-Mask.mp4,0.7757,0.0421,0.8388,0.733,0.0378,0.7885,100
240p,Traffic2,K3,A0.01_,T0.5,M3,Data-Processing\Raw-Data\Param-Sweep\240p\Traffic2\K3\A0.01_\T0.5\M3\Traffic2-Mask.mp4,Data-Processing\Raw-Data\OpenCV\M3\240p\Traffic2\Traffic2-Mask.mp4,Data-Processing\Raw-Data\Otsu\M3\240p\Traffic2\Traffic2-Mask.mp4,0.7766,0.0426,0.8517,0.6181,0.0282,0.6845,100
240p,Traffic2,K3,A0.01_,T0.5,M4,Data-Processing\Raw-Data\Param-Sweep\240p\Traffic2\K3\A0.01_\T0.5\M4\Traffic2-Mask.mp4,Data-Processing\Raw-Data\OpenCV\M4\240p\Traffic2\Traffic2-Mask.mp4,Data-Processing\Raw-Data\Otsu\M4\240p\Traffic2\Traffic2-Mask.mp4,0.8347,0.0247,0.8702,0.7512,0.0219,0.7923,100
240p,Traffic2,K3,A0.01_,T0.5,M5,Data-Processing\Raw-Data\Param-Sweep\240p\Traffic2\K3\A0.01_\T0.5\M5\Traffic2-Mask.mp4,Data-Processing\Raw-Data\OpenCV\M5\240p\Traffic2\Traffic2-Mask.mp4,Data-Processing\Raw-Data\Otsu\M5\240p\Traffic2\Traffic2-Mask.mp4,0.8464,0.0255,0.8886,0.7934,0.0246,0.8341,100
240p,Traffic2,K3,A0.01_,T0.7,M3,Data-Processing\Raw-Data\Param-Sweep\240p\Traffic2\K3\A0.01_\T0.7\M3\Traffic2-Mask.mp4,Data-Processing\Raw-Data\OpenCV\M3\240p\Traffic2\Traffic2-Mask.mp4,Data-Processing\Raw-Data\Otsu\M3\240p\Traffic2\Traffic2-Mask.mp4,0.8258,0.03,0.8742,0.6546,0.019,0.6957,100
240p,Traffic2,K3,A0.01_,T0.7,M4,Data-Processing\Raw-Data\Param-Sweep\240p\Traffic2\K3\A0.01_\T0.7\M4\Traffic2-Mask.mp4,Data-Processing\Raw-Data\OpenCV\M4\240p\Traffic2\Traffic2-Mask.mp4,Data-Processing\Raw-Data\Otsu\M4\240p\Traffic2\Traffic2-Mask.mp4,0.8616,0.0186,0.8906,0.7756,0.0148,0.7991,100
240p,Traffic2,K3,A0.01_,T0.7,M5,Data-Processing\Raw-Data\Param-Sweep\240p\Traffic2\K3\A0.01_\T0.7\M5\Traffic2-Mask.mp4,Data-Processing\Raw-Data\OpenCV\M5\240p\Traffic2\Traffic2-Mask.mp4,Data-Processing\Raw-Data\Otsu\M5\240p\Traffic2\Traffic2-Mask.mp4,0.8773,0.0186,0.9081,0.8203,0.0164,0.8431,100
240p,Traffic2,K3,A0.01_,T0.9,M3,Data-Processing\Raw-Data\Param-Sweep\240p\Traffic2\K3\A0.01_\T0.9\M3\Traffic2-Mask.mp4,Data-Processing\Raw-Data\OpenCV\M3\240p\Traffic2\Traffic2-Mask.mp4,Data-Processing\Raw-Data\Otsu\M3\240p\Traffic2\Traffic2-Mask.mp4,0.8725,0.0225,0.8997,0.7017,0.0078,0.7137,100
240p,Traffic2,K3,A0.01_,T0.9,M4,Data-Processing\Raw-Data\Param-Sweep\240p\Traffic2\K3\A0.01_\T0.9\M4\Traffic2-Mask.mp4,Data-Processing\Raw-Data\OpenCV\M4\240p\Traffic2\Traffic2-Mask.mp4,Data-Processing\Raw-Data\Otsu\M4\240p\Traffic2\Traffic2-Mask.mp4,0.8838,0.0164,0.9035,0.8103,0.003,0.8119,100
240p,Traffic2,K3,A0.01_,T0.9,M5,Data-Processing\Raw-Data\Param-Sweep\240p\Traffic2\K3\A0.01_\T0.9\M5\Traffic2-Mask.mp4,Data-Processing\Raw-Data\OpenCV\M5\240p\Traffic2\Traffic2-Mask.mp4,Data-Processing\Raw-Data\Otsu\M5\240p\Traffic2\Traffic2-Mask.mp4,0.9051,0.015,0.9281,0.8578,0.003,0.8626,100
240p,Traffic2,K3,A0.1_,T0.5,M3,Data-Processing\Raw-Data\Param-Sweep\240p\Traffic2\K3\A0.1_\T0.5\M3\Traffic2-Mask.mp4,Data-Processing\Raw-Data\OpenCV\M3\240p\Traffic2\Traffic2-Mask.mp4,Data-Processing\Raw-Data\Otsu\M3\240p\Traffic2\Traffic2-Mask.mp4,0.7856,0.0271,0.8347,0.6592,0.0091,0.6685,100
240p,Traffic2,K3,A0.1_,T0.5,M4,Data-Processing\Raw-Data\Param-Sweep\240p\Traffic2\K3\A0.1_\T0.5\M4\Traffic2-Mask.mp4,Data-Processing\Raw-Data\OpenCV\M4\240p\Traffic2\Traffic2-Mask.mp4,Data-Processing\Raw-Data\Otsu\M4\240p\Traffic2\Traffic2-Mask.mp4,0.846,0.0193,0.8789,0.7918,0.0046,0.8009,100
240p,Traffic2,K3,A0.1_,T0.5,M5,Data-Processing\Raw-Data\Param-Sweep\240p\Traffic2\K3\A0.1_\T0.5\M5\Traffic2-Mask.mp4,Data-Processing\Raw-Data\OpenCV\M5\240p\Traffic2\Traffic2-Mask.mp4,Data-Processing\Raw-Data\Otsu\M5\240p\Traffic2\Traffic2-Mask.mp4,0.8592,0.0173,0.8919,0.8385,0.0045,0.8512,100
240p,Traffic2,K3,A0.1_,T0.7,M3,Data-Processing\Raw-Data\Param-Sweep\240p\Traffic2\K3\A0.1_\T0.7\M3\Traffic2-Mask.mp4,Data-Processing\Raw-Data\OpenCV\M3\240p\Traffic2\Traffic2-Mask.mp4,Data-Processing\Raw-Data\Otsu\M3\240p\Traffic2\Traffic2-Mask.mp4,0.8254,0.0233,0.8619,0.695,0.0047,0.6926,100
240p,Traffic2,K3,A0.1_,T0.7,M4,Data-Processing\Raw-Data\Param-Sweep\240p\Traffic2\K3\A0.1_\T0.7\M4\Traffic2-Mask.mp4,Data-Processing\Raw-Data\OpenCV\M4\240p\Traffic2\Traffic2-Mask.mp4,Data-Processing\Raw-Data\Otsu\M4\240p\Traffic2\Traffic2-Mask.mp4,0.8662,0.0178,0.8911,0.8165,0.0023,0.8146,100
240p,Traffic2,K3,A0.1_,T0.7,M5,Data-Processing\Raw-Data\Param-Sweep\240p\Traffic2\K3\A0.1_\T0.7\M5\Traffic2-Mask.mp4,Data-Processing\Raw-Data\OpenCV\M5\240p\Traffic2\Traffic2-Mask.mp4,Data-Processing\Raw-Data\Otsu\M5\240p\Traffic2\Traffic2-Mask.mp4,0.8816,0.0157,0.9061,0.8665,0.002,0.8688,100
240p,Traffic2,K3,A0.1_,T0.9,M3,Data-Processing\Raw-Data\Param-Sweep\240p\Traffic2\K3\A0.1_\T0.9\M3\Traffic2-Mask.mp4,Data-Processing\Raw-Data\OpenCV\M3\240p\Traffic2\Traffic2-Mask.mp4,Data-Processing\Raw-Data\Otsu\M3\240p\Traffic2\Traffic2-Mask.mp4,0.8502,0.0228,0.875,0.7216,0.0033,0.7229,100
240p,Traffic2,K3,A0.1_,T0.9,M4,Data-Processing\Raw-Data\Param-Sweep\240p\Traffic2\K3\A0.1_\T0.9\M4\Traffic2-Mask.mp4,Data-Processing\Raw-Data\OpenCV\M4\240p\Traffic2\Traffic2-Mask.mp4,Data-Processing\Raw-Data\Otsu\M4\240p\Traffic2\Traffic2-Mask.mp4,0.8777,0.0175,0.9001,0.8325,0.0015,0.8308,100
240p,Traffic2,K3,A0.1_,T0.9,M5,Data-Processing\Raw-Data\Param-Sweep\240p\Traffic2\K3\A0.1_\T0.9\M5\Traffic2-Mask.mp4,Data-Processing\Raw-Data\OpenCV\M5\240p\Traffic2\Traffic2-Mask.mp4,Data-Processing\Raw-Data\Otsu\M5\240p\Traffic2\Traffic2-Mask.mp4,0.8948,0.0155,0.9199,0.8852,0.0012,0.8851,100
240p,Traffic2,K4,A0.001_,T0.5,M3,Data-Processing\Raw-Data\Param-Sweep\240p\Traffic2\K4\A0.001_\T0.5\M3\Traffic2-Mask.mp4,Data-Processing\Raw-Data\OpenCV\M3\240p\Traffic2\Traffic2-Mask.mp4,Data-Processing\Raw-Data\Otsu\M3\240p\Traffic2\Traffic2-Mask.mp4,0.3783,0.0473,0.3105,0.3385,0.0362,0.3003,100
240p,Traffic2,K4,A0.001_,T0.5,M4,Data-Processing\Raw-Data\Param-Sweep\240p\Traffic2\K4\A0.001_\T0.5\M4\Traffic2-Mask.mp4,Data-Processing\Raw-Data\OpenCV\M4\240p\Traffic2\Traffic2-Mask.mp4,Data-Processing\Raw-Data\Otsu\M4\240p\Traffic2\Traffic2-Mask.mp4,0.5422,0.0359,0.5357,0.5129,0.0346,0.5162,100
240p,Traffic2,K4,A0.001_,T0.5,M5,Data-Processing\Raw-Data\Param-Sweep\240p\Traffic2\K4\A0.001_\T0.5\M5\Traffic2-Mask.mp4,Data-Processing\Raw-Data\OpenCV\M5\240p\Traffic2\Traffic2-Mask.mp4,Data-Processing\Raw-Data\Otsu\M5\240p\Traffic2\Traffic2-Mask.mp4,0.5453,0.0365,0.5394,0.5281,0.0369,0.5217,100
240p,Traffic2,K4,A0.001_,T0.7,M3,Data-Processing\Raw-Data\Param-Sweep\240p\Traffic2\K4\A0.001_\T0.7\M3\Traffic2-Mask.mp4,Data-Processing\Raw-Data\OpenCV\M3\240p\Traffic2\Traffic2-Mask.mp4,Data-Processing\Raw-Data\Otsu\M3\240p\Traffic2\Traffic2-Mask.mp4,0.5478,0.0869,0.6089,0.4596,0.0543,0.5234,100
240p,Traffic2,K4,A0.001_,T0.7,M4,Data-Processing\Raw-Data\Param-Sweep\240p\Traffic2\K4\A0.001_\T0.7\M4\Traffic2-Mask.mp4,Data-Processing\Raw-Data\OpenCV\M4\240p\Traffic2\Traffic2-Mask.mp4,Data-Processing\Raw-Data\Otsu\M4\240p\Traffic2\Traffic2-Mask.mp4,0.6612,0.0543,0.7439,0.6103,0.0448,0.6808,100
240p,Traffic2,K4,A0.001_,T0.7,M5,Data-Processing\Raw-Data\Param-Sweep\240p\Traffic2\K4\A0.001_\T0.7\M5\Traffic2-Mask.mp4,Data-Processing\Raw-Data\OpenCV\M5\240p\Traffic2\Traffic2-Mask.mp4,Data-Processing\Raw-Data\Otsu\M5\240p\Traffic2\Traffic2-Mask.mp4,0.667,0.0556,0.7472,0.6373,0.0508,0.7089,100
240p,Traffic2,K4,A0.001_,T0.9,M3,Data-Processing\Raw-Data\Param-Sweep\240p\Traffic2\K4\A0.001_\T0.9\M3\Traffic2-Mask.mp4,Data-Processing\Raw-Data\OpenCV\M3\240p\Traffic2\Traffic2-Mask.mp4,Data-Processing\Raw-Data\Otsu\M3\240p\Traffic2\Traffic2-Mask.mp4,0.7505,0.0577,0.8445,0.6026,0.0353,0.6827,100
240p,Traffic2,K4,A0.001_,T0.9,M4,Data-Processing\Raw-Data\Param-Sweep\240p\Traffic2\K4\A0.001_\T0.9\M4\Traffic2-Mask.mp4,Data-Processing\Raw-Data\OpenCV\M4\240p\Traffic2\Traffic2-Mask.mp4,Data-Processing\Raw-Data\Otsu\M4\240p\Traffic2\Traffic2-Mask.mp4,0.8117,0.031,0.8623,0.7342,0.0256,0.7796,100
240p,Traffic2,K4,A0.001_,T0.9,M5,Data-Processing\Raw-Data\Param-Sweep\240p\Traffic2\K4\A0.001_\T0.9\M5\Traffic2-Mask.mp4,Data-Processing\Raw-Data\OpenCV\M5\240p\Traffic2\Traffic2-Mask.mp4,Data-Processing\Raw-Data\Otsu\M5\240p\Traffic2\Traffic2-Mask.mp4,0.8238,0.0321,0.8775,0.7745,0.0291,0.8265,100
240p,Traffic2,K4,A0.01_,T0.5,M3,Data-Processing\Raw-Data\Param-Sweep\240p\Traffic2\K4\A0.01_\T0.5\M3\Traffic2-Mask.mp4,Data-Processing\Raw-Data\OpenCV\M3\240p\Traffic2\Traffic2-Mask.mp4,Data-Processing\Raw-Data\Otsu\M3\240p\Traffic2\Traffic2-Mask.mp4,0.7965,0.0391,0.8613,0.6309,0.0261,0.6925,100
240p,Traffic2,K4,A0.01_,T0.5,M4,Data-Processing\Raw-Data\Param-Sweep\240p\Traffic2\K4\A0.01_\T0.5\M4\Traffic2-Mask.mp4,Data-Processing\Raw-Data\OpenCV\M4\240p\Traffic2\Traffic2-Mask.mp4,Data-Processing\Raw-Data\Otsu\M4\240p\Traffic2\Traffic2-Mask.mp4,0.8473,0.0226,0.8827,0.7611,0.0197,0.7938,100
240p,Traffic2,K4,A0.01_,T0.5,M5,Data-Processing\Raw-Data\Param-Sweep\240p\Traffic2\K4\A0.01_\T0.5\M5\Traffic2-Mask.mp4,Data-Processing\Raw-Data\OpenCV\M5\240p\Traffic2\Traffic2-Mask.mp4,Data-Processing\Raw-Data\Otsu\M5\240p\Traffic2\Traffic2-Mask.mp4,0.8606,0.0232,0.898,0.8046,0.0221,0.8401,100
240p,Traffic2,K4,A0.01_,T0.7,M3,Data-Processing\Raw-Data\Param-Sweep\240p\Traffic2\K4\A0.01_\T0.7\M3\Traffic2-Mask.mp4,Data-Processing\Raw-Data\OpenCV\M3\240p\Traffic2\Traffic2-Mask.mp4,Data-Processing\Raw-Data\Otsu\M3\240p\Traffic2\Traffic2-Mask.mp4,0.8429,0.0281,0.883,0.6667,0.017,0.7015,100
240p,Traffic2,K4,A0.01_,T0.7,M4,Data-Processing\Raw-Data\Param-Sweep\240p\Traffic2\K4\A0.01_\T0.7\M4\Traffic2-Mask.mp4,Data-Processing\Raw-Data\OpenCV\M4\240p\Traffic2\Traffic2-Mask.mp4,Data-Processing\Raw-Data\Otsu\M4\240p\Traffic2\Traffic2-Mask.mp4,0.8705,0.0181,0.897,0.7828,0.0137,0.8013,100
240p,Traffic2,K4,A0.01_,T0.7,M5,Data-Processing\Raw-Data\Param-Sweep\240p\Traffic2\K4\A0.01_\T0.7\M5\Traffic2-Mask.mp4,Data-Processing\Raw-Data\OpenCV\M5\240p\Traffic2\Traffic2-Mask.mp4,Data-Processing\Raw-Data\Otsu\M5\240p\Traffic2\Traffic2-Mask.mp4,0.8879,0.018,0.9128,0.8284,0.0153,0.8477,100
240p,Traffic2,K4,A0.01_,T0.9,M3,Data-Processing\Raw-Data\Param-Sweep\240p\Traffic2\K4\A0.01_\T0.9\M3\Traffic2-Mask.mp4,Data-Processing\Raw-Data\OpenCV\M3\240p\Traffic2\Traffic2-Mask.mp4,Data-Processing\Raw-Data\Otsu\M3\240p\Traffic2\Traffic2-Mask.mp4,0.8792,0.0229,0.9077,0.7117,0.0055,0.7203,100
240p,Traffic2,K4,A0.01_,T0.9,M4,Data-Processing\Raw-Data\Param-Sweep\240p\Traffic2\K4\A0.01_\T0.9\M4\Traffic2-Mask.mp4,Data-Processing\Raw-Data\OpenCV\M4\240p\Traffic2\Traffic2-Mask.mp4,Data-Processing\Raw-Data\Otsu\M4\240p\Traffic2\Traffic2-Mask.mp4,0.8868,0.0168,0.9071,0.8179,0.0022,0.8184,100
240p,Traffic2,K4,A0.01_,T0.9,M5,Data-Processing\Raw-Data\Param-Sweep\240p\Traffic2\K4\A0.01_\T0.9\M5\Traffic2-Mask.mp4,Data-Processing\Raw-Data\OpenCV\M5\240p\Traffic2\Traffic2-Mask.mp4,Data-Processing\Raw-Data\Otsu\M5\240p\Traffic2\Traffic2-Mask.mp4,0.9101,0.0153,0.9336,0.8672,0.0021,0.8699,100
240p,Traffic2,K4,A0.1_,T0.5,M3,Data-Processing\Raw-Data\Param-Sweep\240p\Traffic2\K4\A0.1_\T0.5\M3\Traffic2-Mask.mp4,Data-Processing\Raw-Data\OpenCV\M3\240p\Traffic2\Traffic2-Mask.mp4,Data-Processing\Raw-Data\Otsu\M3\240p\Traffic2\Traffic2-Mask.mp4,0.7851,0.0271,0.8335,0.6624,0.009,0.6724,100
240p,Traffic2,K4,A0.1_,T0.5,M4,Data-Processing\Raw-Data\Param-Sweep\240p\Traffic2\K4\A0.1_\T0.5\M4\Traffic2-Mask.mp4,Data-Processing\Raw-Data\OpenCV\M4\240p\Traffic2\Traffic2-Mask.mp4,Data-Processing\Raw-Data\Otsu\M4\240p\Traffic2\Traffic2-Mask.mp4,0.8464,0.0193,0.8781,0.7965,0.0045,0.8032,100
240p,Traffic2,K4,A0.1_,T0.5,M5,Data-Processing\Raw-Data\Param-Sweep\240p\Traffic2\K4\A0.1_\T0.5\M5\Traffic2-Mask.mp4,Data-Processing\Raw-Data\OpenCV\M5\240p\Traffic2\Traffic2-Mask.mp4,Data-Processing\Raw-Data\Otsu\M5\240p\Traffic2\Traffic2-Mask.mp4,0.8604,0.0172,0.8933,0.8448,0.0044,0.8524,100
240p,Traffic2,K4,A0.1_,T0.7,M3,Data-Processing\Raw-Data\Param-Sweep\240p\Traffic2\K4\A0.1_\T0.7\M3\Traffic2-Mask.mp4,Data-Processing\Raw-Data\OpenCV\M3\240p\Traffic2\Traffic2-Mask.mp4,Data-Processing\Raw-Data\Otsu\M3\240p\Traffic2\Traffic2-Mask.mp4,0.8247,0.0233,0.8619,0.6997,0.0046,0.6978,100
240p,Traffic2,K4,A0.1_,T0.7,M4,Data-Processing\Raw-Data\Param-Sweep\240p\Traffic2\K4\A0.1_\T0.7\M4\Traffic2-Mask.mp4,Data-Processing\Raw-Data\OpenCV\M4\240p\Traffic2\Traffic2-Mask.mp4,Data-Processing\Raw-Data\Otsu\M4\240p\Traffic2\Traffic2-Mask.mp4,0.8665,0.0178,0.8919,0.8212,0.0022,0.8198,100
240p,Traffic2,K4,A0.1_,T0.7,M5,Data-Processing\Raw-Data\Param-Sweep\240p\Traffic2\K4\A0.1_\T0.7\M5\Traffic2-Mask.mp4,Data-Processing\Raw-Data\OpenCV\M5\240p\Traffic2\Traffic2-Mask.mp4,Data-Processing\Raw-Data\Otsu\M5\240p\Traffic2\Traffic2-Mask.mp4,0.8824,0.0157,0.9082,0.8726,0.0019,0.8753,100
240p,Traffic2,K4,A0.1_,T0.9,M3,Data-Processing\Raw-Data\Param-Sweep\240p\Traffic2\K4\A0.1_\T0.9\M3\Traffic2-Mask.mp4,Data-Processing\Raw-Data\OpenCV\M3\240p\Traffic2\Traffic2-Mask.mp4,Data-Processing\Raw-Data\Otsu\M3\240p\Traffic2\Traffic2-Mask.mp4,0.8511,0.0225,0.8751,0.7249,0.003,0.727,100
240p,Traffic2,K4,A0.1_,T0.9,M4,Data-Processing\Raw-Data\Param-Sweep\240p\Traffic2\K4\A0.1_\T0.9\M4\Traffic2-Mask.mp4,Data-Processing\Raw-Data\OpenCV\M4\240p\Traffic2\Traffic2-Mask.mp4,Data-Processing\Raw-Data\Otsu\M4\240p\Traffic2\Traffic2-Mask.mp4,0.8783,0.0175,0.9004,0.8344,0.0014,0.834,100
240p,Traffic2,K4,A0.1_,T0.9,M5,Data-Processing\Raw-Data\Param-Sweep\240p\Traffic2\K4\A0.1_\T0.9\M5\Traffic2-Mask.mp4,Data-Processing\Raw-Data\OpenCV\M5\240p\Traffic2\Traffic2-Mask.mp4,Data-Processing\Raw-Data\Otsu\M5\240p\Traffic2\Traffic2-Mask.mp4,0.8956,0.0155,0.9197,0.8877,0.0011,0.8899,100
360p,Traffic2,K2,A0.001_,T0.5,M3,Data-Processing\Raw-Data\Param-Sweep\360p\Traffic2\K2\A0.001_\T0.5\M3\Traffic2-Mask.mp4,Data-Processing\Raw-Data\OpenCV\M3\360p\Traffic2\Traffic2-Mask.mp4,Data-Processing\Raw-Data\Otsu\M3\360p\Traffic2\Traffic2-Mask.mp4,0.224,0.0162,0.2845,0.2355,0.0235,0.2999,100
360p,Traffic2,K2,A0.001_,T0.5,M4,Data-Processing\Raw-Data\Param-Sweep\360p\Traffic2\K2\A0.001_\T0.5\M4\Traffic2-Mask.mp4,Data-Processing\Raw-Data\OpenCV\M4\360p\Traffic2\Traffic2-Mask.mp4,Data-Processing\Raw-Data\Otsu\M4\360p\Traffic2\Traffic2-Mask.mp4,0.3861,0.0291,0.4627,0.385,0.0334,0.4618,100
360p,Traffic2,K2,A0.001_,T0.5,M5,Data-Processing\Raw-Data\Param-Sweep\360p\Traffic2\K2\A0.001_\T0.5\M5\Traffic2-Mask.mp4,Data-Processing\Raw-Data\OpenCV\M5\360p\Traffic2\Traffic2-Mask.mp4,Data-Processing\Raw-Data\Otsu\M5\360p\Traffic2\Traffic2-Mask.mp4,0.3873,0.0297,0.4654,0.3857,0.034,0.4616,100
360p,Traffic2,K2,A0.001_,T0.7,M3,Data-Processing\Raw-Data\Param-Sweep\360p\Traffic2\K2\A0.001_\T0.7\M3\Traffic2-Mask.mp4,Data-Processing\Raw-Data\OpenCV\M3\360p\Traffic2\Traffic2-Mask.mp4,Data-Processing\Raw-Data\Otsu\M3\360p\Traffic2\Traffic2-Mask.mp4,0.2473,0.0223,0.2852,0.2539,0.0279,0.3003,100
360p,Traffic2,K2,A0.001_,T0.7,M4,Data-Processing\Raw-Data\Param-Sweep\360p\Traffic2\K2\A0.001_\T0.7\M4\Traffic2-Mask.mp4,Data-Processing\Raw-Data\OpenCV\M4\360p\Traffic2\Traffic2-Mask.mp4,Data-Processing\Raw-Data\Otsu\M4\360p\Traffic2\Traffic2-Mask.mp4,0.4273,0.0428,0.4638,0.4165,0.0422,0.467,100
360p,Traffic2,K2,A0.001_,T0.7,M5,Data-Processing\Raw-Data\Param-Sweep\360p\Traffic2\K2\A0.001_\T0.7\M5\Traffic2-Mask.mp4,Data-Processing\Raw-Data\OpenCV\M5\360p\Traffic2\Traffic2-Mask.mp4,Data-Processing\Raw-Data\Otsu\M5\360p\Traffic2\Traffic2-Mask.mp4,0.4285,0.0436,0.4679,0.4214,0.0448,0.4705,100
360p,Traffic2,K2,A0.001_,T0.9,M3,Data-Processing\Raw-Data\Param-Sweep\360p\Traffic2\K2\A0.001_\T0.9\M3\Traffic2-Mask.mp4,Data-Processing\Raw-Data\OpenCV\M3\360p\Traffic2\Traffic2-Mask.mp4,Data-Processing\Raw-Data\Otsu\M3\360p\Traffic2\Traffic2-Mask.mp4,0.4444,0.0519,0.483,0.3869,0.0367,0.4349,100
360p,Traffic2,K2,A0.001_,T0.9,M4,Data-Processing\Raw-Data\Param-Sweep\360p\Traffic2\K2\A0.001_\T0.9\M4\Traffic2-Mask.mp4,Data-Processing\Raw-Data\OpenCV\M4\360p\Traffic2\Traffic2-Mask.mp4,Data-Processing\Raw-Data\Otsu\M4\360p\Traffic2\Traffic2-Mask.mp4,0.6132,0.0541,0.6707,0.5559,0.0438,0.6085,100
360p,Traffic2,K2,A0.001_,T0.9,M5,Data-Processing\Raw-Data\Param-Sweep\360p\Traffic2\K2\A0.001_\T0.9\M5\Traffic2-Mask.mp4,Data-Processing\Raw-Data\OpenCV\M5\360p\Traffic2\Traffic2-Mask.mp4,Data-Processing\Raw-Data\Otsu\M5\360p\Traffic2\Traffic2-Mask.mp4,0.6147,0.055,0.6724,0.5789,0.0497,0.6331,100
360p,Traffic2,K2,A0.01_,T0.5,M3,Data-Processing\Raw-Data\Param-Sweep\360p\Traffic2\K2\A0.01_\T0.5\M3\Traffic2-Mask.mp4,Data-Processing\Raw-Data\OpenCV\M3\360p\Traffic2\Traffic2-Mask.mp4,Data-Processing\Raw-Data\Otsu\M3\360p\Traffic2\Traffic2-Mask.mp4,0.7203,0.0497,0.8133,0.5618,0.0297,0.6269,100
360p,Traffic2,K2,A0.01_,T0.5,M4,Data-Processing\Raw-Data\Param-Sweep\360p\Traffic2\K2\A0.01_\T0.5\M4\Traffic2-Mask.mp4,Data-Processing\Raw-Data\OpenCV\M4\360p\Traffic2\Traffic2-Mask.mp4,Data-Processing\Raw-Data\Otsu\M4\360p\Traffic2\Traffic2-Mask.mp4,0.7991,0.0326,0.855,0.7006,0.0264,0.7456,100
360p,Traffic2,K2,A0.01_,T0.5,M5,Data-Processing\Raw-Data\Param-Sweep\360p\Traffic2\K2\A0.01_\T0.5\M5\Traffic2-Mask.mp4,Data-Processing\Raw-Data\OpenCV\M5\360p\Traffic2\Traffic2-Mask.mp4,Data-Processing\Raw-Data\Otsu\M5\360p\Traffic2\Traffic2-Mask.mp4,0.805,0.0334,0.8625,0.74,0.0304,0.7872,100
360p,Traffic2,K2,A0.01_,T0.7,M3,Data-Processing\Raw-Data\Param-Sweep\360p\Traffic2\K2\A0.01_\T0.7\M3\Traffic2-Mask.mp4,Data-Processing\Raw-Data\OpenCV\M3\360p\Traffic2\Traffic2-Mask.mp4,Data-Processing\Raw-Data\Otsu\M3\360p\Traffic2\Traffic2-Mask.mp4,0.7696,0.0385,0.8377,0.5967,0.023,0.646,100
360p,Traffic2,K2,A0.01_,T0.7,M4,Data-Processing\Raw-Data\Param-Sweep\360p\Traffic2\K2\A0.01_\T0.7\M4\Traffic2-Mask.mp4,Data-Processing\Raw-Data\OpenCV\M4\360p\Traffic2\Traffic2-Mask.mp4,Data-Processing\Raw-Data\Otsu\M4\360p\Traffic2\Traffic2-Mask.mp4,0.8315,0.0225,0.868,0.7264,0.0183,0.754,100
360p,Traffic2,K2,A0.01_,T0.7,M5,Data-Processing\Raw-Data\Param-Sweep\360p\Traffic2\K2\A0.01_\T0.7\M5\Traffic2-Mask.mp4,Data-Processing\Raw-Data\OpenCV\M5\360p\Traffic2\Traffic2-Mask.mp4,Data-Processing\Raw-Data\Otsu\M5\360p\Traffic2\Traffic2-Mask.mp4,0.8379,0.0231,0.878,0.7679,0.0211,0.7987,100
360p,Traffic2,K2,A0.01_,T0.9,M3,Data-Processing\Raw-Data\Param-Sweep\360p\Traffic2\K2\A0.01_\T0.9\M3\Traffic2-Mask.mp4,Data-Processing\Raw-Data\OpenCV\M3\360p\Traffic2\Traffic2-Mask.mp4,Data-Processing\Raw-Data\Otsu\M3\360p\Traffic2\Traffic2-Mask.mp4,0.8425,0.0238,0.8743,0.6564,0.0098,0.6753,100
360p,Traffic2,K2,A0.01_,T0.9,M4,Data-Processing\Raw-Data\Param-Sweep\360p\Traffic2\K2\A0.01_\T0.9\M4\Traffic2-Mask.mp4,Data-Processing\Raw-Data\OpenCV\M4\360p\Traffic2\Traffic2-Mask.mp4,Data-Processing\Raw-Data\Otsu\M4\360p\Traffic2\Traffic2-Mask.mp4,0.8772,0.0157,0.8997,0.7719,0.005,0.7758,100
360p,Traffic2,K2,A0.01_,T0.9,M5,Data-Processing\Raw-Data\Param-Sweep\360p\Traffic2\K2\A0.01_\T0.9\M5\Traffic2-Mask.mp4,Data-Processing\Raw-Data\OpenCV\M5\360p\Traffic2\Traffic2-Mask.mp4,Data-Processing\Raw-Data\Otsu\M5\360p\Traffic2\Traffic2-Mask.mp4,0.8867,0.0148,0.9074,0.8168,0.0056,0.8264,100
360p,Traffic2,K2,A0.1_,T0.5,M3,Data-Processing\Raw-Data\Param-Sweep\360p\Traffic2\K2\A0.1_\T0.5\M3\Traffic2-Mask.mp4,Data-Processing\Raw-Data\OpenCV\M3\360p\Traffic2\Traffic2-Mask.mp4,Data-Processing\Raw-Data\Otsu\M3\360p\Traffic2\Traffic2-Mask.mp4,0.8001,0.0218,0.8336,0.6427,0.0065,0.6487,100
360p,Traffic2,K2,A0.1_,T0.5,M4,Data-Processing\Raw-Data\Param-Sweep\360p\Traffic2\K2\A0.1_\T0.5\M4\Traffic2-Mask.mp4,Data-Processing\Raw-Data\OpenCV\M4\360p\Traffic2\Traffic2-Mask.mp4,Data-Processing\Raw-Data\Otsu\M4\360p\Traffic2\Traffic2-Mask.mp4,0.8578,0.0164,0.8797,0.7692,0.0028,0.7704,100
360p,Traffic2,K2,A0.1_,T0.5,M5,Data-Processing\Raw-Data\Param-Sweep\360p\Traffic2\K2\A0.1_\T0.5\M5\Traffic2-Mask.mp4,Data-Processing\Raw-Data\OpenCV\M5\360p\Traffic2\Traffic2-Mask.mp4,Data-Processing\Raw-Data\Otsu\M5\360p\Traffic2\Traffic2-Mask.mp4,0.8667,0.0148,0.888,0.8154,0.0028,0.815,100
360p,Traffic2,K2,A0.1_,T0.7,M3,Data-Processing\Raw-Data\Param-Sweep\360p\Traffic2\K2\A0.1_\T0.7\M3\Traffic2-Mask.mp4,Data-Processing\Raw-Data\OpenCV\M3\360p\Traffic2\Traffic2-Mask.mp4,Data-Processing\Raw-Data\Otsu\M3\360p\Traffic2\Traffic2-Mask.mp4,0.8352,0.0205,0.8613,0.6725,0.0042,0.672,100
360p,Traffic2,K2,A0.1_,T0.7,M4,Data-Processing\Raw-Data\Param-Sweep\360p\Traffic2\K2\A0.1_\T0.7\M4\Traffic2-Mask.mp4,Data-Processing\Raw-Data\OpenCV\M4\360p\Traffic2\Traffic2-Mask.mp4,Data-Processing\Raw-Data\Otsu\M4\360p\Traffic2\Traffic2-Mask.mp4,0.8746,0.0163,0.8963,0.7874,0.0019,0.7834,100
360p,Traffic2,K2,A0.1_,T0.7,M5,Data-Processing\Raw-Data\Param-Sweep\360p\Traffic2\K2\A0.1_\T0.7\M5\Traffic2-Mask.mp4,Data-Processing\Raw-Data\OpenCV\M5\360p\Traffic2\Traffic2-Mask.mp4,Data-Processing\Raw-Data\Otsu\M5\360p\Traffic2\Traffic2-Mask.mp4,0.8845,0.0146,0.9049,0.8352,0.0017,0.8325,100
360p,Traffic2,K2,A0.1_,T0.9,M3,Data-Processing\Raw-Data\Param-Sweep\360p\Traffic2\K2\A0.1_\T0.9\M3\Traffic2-Mask.mp4,Data-Processing\Raw-Data\OpenCV\M3\360p\Traffic2\Traffic2-Mask.mp4,Data-Processing\Raw-Data\Otsu\M3\360p\Traffic2\Traffic2-Mask.mp4,0.859,0.0208,0.8817,0.6997,0.0029,0.7005,100
360p,Traffic2,K2,A0.1_,T0.9,M4,Data-Processing\Raw-Data\Param-Sweep\360p\Traffic2\K2\A0.1_\T0.9\M4\Traffic2-Mask.mp4,Data-Processing\Raw-Data\OpenCV\M4\360p\Traffic2\Traffic2-Mask.mp4,Data-Processing\Raw-Data\Otsu\M4\360p\Traffic2\Traffic2-Mask.mp4,0.8833,0.0167,0.9005,0.806,0.0013,0.8026,100
360p,Traffic2,K2,A0.1_,T0.9,M5,Data-Processing\Raw-Data\Param-Sweep\360p\Traffic2\K2\A0.1_\T0.9\M5\Traffic2-Mask.mp4,Data-Processing\Raw-Data\OpenCV\M5\360p\Traffic2\Traffic2-Mask.mp4,Data-Processing\Raw-Data\Otsu\M5\360p\Traffic2\Traffic2-Mask.mp4,0.8958,0.0149,0.9125,0.8577,0.0011,0.8517,100
360p,Traffic2,K3,A0.001_,T0.5,M3,Data-Processing\Raw-Data\Param-Sweep\360p\Traffic2\K3\A0.001_\T0.5\M3\Traffic2-Mask.mp4,Data-Processing\Raw-Data\OpenCV\M3\360p\Traffic2\Traffic2-Mask.mp4,Data-Processing\Raw-Data\Otsu\M3\360p\Traffic2\Traffic2-Mask.mp4,0.3406,0.0388,0.3013,0.3137,0.0306,0.3121,100
360p,Traffic2,K3,A0.001_,T0.5,M4,Data-Processing\Raw-Data\Param-Sweep\360p\Traffic2\K3\A0.001_\T0.5\M4\Traffic2-Mask.mp4,Data-Processing\Raw-Data\OpenCV\M4\360p\Traffic2\Traffic2-Mask.mp4,Data-Processing\Raw-Data\Otsu\M4\360p\Traffic2\Traffic2-Mask.mp4,0.5041,0.0358,0.487,0.4731,0.0328,0.4793,100
360p,Traffic2,K3,A0.001_,T0.5,M5,Data-Processing\Raw-Data\Param-Sweep\360p\Traffic2\K3\A0.001_\T0.5\M5\Traffic2-Mask.mp4,Data-Processing\Raw-Data\OpenCV\M5\360p\Traffic2\Traffic2-Mask.mp4,Data-Processing\Raw-Data\Otsu\M5\360p\Traffic2\Traffic2-Mask.mp4,0.5055,0.0363,0.489,0.485,0.0358,0.4783,100
360p,Traffic2,K3,A0.001_,T0.7,M3,Data-Processing\Raw-Data\Param-Sweep\360p\Traffic2\K3\A0.001_\T0.7\M3\Traffic2-Mask.mp4,Data-Processing\Raw-Data\OpenCV\M3\360p\Traffic2\Traffic2-Mask.mp4,Data-Processing\Raw-Data\Otsu\M3\360p\Traffic2\Traffic2-Mask.mp4,0.4862,0.0742,0.4026,0.4108,0.0445,0.3705,100
360p,Traffic2,K3,A0.001_,T0.7,M4,Data-Processing\Raw-Data\Param-Sweep\360p\Traffic2\K3\A0.001_\T0.7\M4\Traffic2-Mask.mp4,Data-Processing\Raw-Data\OpenCV\M4\360p\Traffic2\Traffic2-Mask.mp4,Data-Processing\Raw-Data\Otsu\M4\360p\Traffic2\Traffic2-Mask.mp4,0.6273,0.0539,0.6496,0.5666,0.0408,0.5896,100
360p,Traffic2,K3,A0.001_,T0.7,M5,Data-Processing\Raw-Data\Param-Sweep\360p\Traffic2\K3\A0.001_\T0.7\M5\Traffic2-Mask.mp4,Data-Processing\Raw-Data\OpenCV\M5\360p\Traffic2\Traffic2-Mask.mp4,Data-Processing\Raw-Data\Otsu\M5\360p\Traffic2\Traffic2-Mask.mp4,0.6303,0.0548,0.6517,0.5916,0.0475,0.6204,100
360p,Traffic2,K3,A0.001_,T0.9,M3,Data-Processing\Raw-Data\Param-Sweep\360p\Traffic2\K3\A0.001_\T0.9\M3\Traffic2-Mask.mp4,Data-Processing\Raw-Data\OpenCV\M3\360p\Traffic2\Traffic2-Mask.mp4,Data-Processing\Raw-Data\Otsu\M3\360p\Traffic2\Traffic2-Mask.mp4,0.6798,0.0698,0.7826,0.54,0.0382,0.6166,100
360p,Traffic2,K3,A0.001_,T0.9,M4,Data-Processing\Raw-Data\Param-Sweep\360p\Traffic2\K3\A0.001_\T0.9\M4\Traffic2-Mask.mp4,Data-Processing\Raw-Data\OpenCV\M4\360p\Traffic2\Traffic2-Mask.mp4,Data-Processing\Raw-Data\Otsu\M4\360p\Traffic2\Traffic2-Mask.mp4,0.7741,0.0421,0.8424,0.682,0.0303,0.7403,100
360p,Traffic2,K3,A0.001_,T0.9,M5,Data-Processing\Raw-Data\Param-Sweep\360p\Traffic2\K3\A0.001_\T0.9\M5\Traffic2-Mask.mp4,Data-Processing\Raw-Data\OpenCV\M5\360p\Traffic2\Traffic2-Mask.mp4,Data-Processing\Raw-Data\Otsu\M5\360p\Traffic2\Traffic2-Mask.mp4,0.78,0.043,0.8512,0.7193,0.036,0.784,100
360p,Traffic2,K3,A0.01_,T0.5,M3,Data-Processing\Raw-Data\Param-Sweep\360p\Traffic2\K3\A0.01_\T0.5\M3\Traffic2-Mask.mp4,Data-Processing\Raw-Data\OpenCV\M3\360p\Traffic2\Traffic2-Mask.mp4,Data-Processing\Raw-Data\Otsu\M3\360p\Traffic2\Traffic2-Mask.mp4,0.7822,0.0424,0.8545,0.6037,0.0248,0.6632,100
360p,Traffic2,K3,A0.01_,T0.5,M4,Data-Processing\Raw-Data\Param-Sweep\360p\Traffic2\K3\A0.01_\T0.5\M4\Traffic2-Mask.mp4,Data-Processing\Raw-Data\OpenCV\M4\360p\Traffic2\Traffic2-Mask.mp4,Data-Processing\Raw-Data\Otsu\M4\360p\Traffic2\Traffic2-Mask.mp4,0.8407,0.024,0.877,0.7321,0.0189,0.7682,100
360p,Traffic2,K3,A0.01_,T0.5,M5,Data-Processing\Raw-Data\Param-Sweep\360p\Traffic2\K3\A0.01_\T0.5\M5\Traffic2-Mask.mp4,Data-Processing\Raw-Data\OpenCV\M5\360p\Traffic2\Traffic2-Mask.mp4,Data-Processing\Raw-Data\Otsu\M5\360p\Traffic2\Traffic2-Mask.mp4,0.8496,0.0247,0.8915,0.7745,0.0218,0.811,100
360p,Traffic2,K3,A0.01_,T0.7,M3,Data-Processing\Raw-Data\Param-Sweep\360p\Traffic2\K3\A0.01_\T0.7\M3\Traffic2-Mask.mp4,Data-Processing\Raw-Data\OpenCV\M3\360p\Traffic2\Traffic2-Mask.mp4,Data-Processing\Raw-Data\Otsu\M3\360p\Traffic2\Traffic2-Mask.mp4,0.8285,0.0304,0.8789,0.6368,0.0169,0.6793,100
360p,Traffic2,K3,A0.01_,T0.7,M4,Data-Processing\Raw-Data\Param-Sweep\360p\Traffic2\K3\A0.01_\T0.7\M4\Traffic2-Mask.mp4,Data-Processing\Raw-Data\OpenCV\M4\360p\Traffic2\Traffic2-Mask.mp4,Data-Processing\Raw-Data\Otsu\M4\360p\Traffic2\Traffic2-Mask.mp4,0.8706,0.0176,0.897,0.7569,0.0125,0.7788,100
360p,Traffic2,K3,A0.01_,T0.7,M5,Data-Processing\Raw-Data\Param-Sweep\360p\Traffic2\K3\A0.01_\T0.7\M5\Traffic2-Mask.mp4,Data-Processing\Raw-Data\OpenCV\M5\360p\Traffic2\Traffic2-Mask.mp4,Data-Processing\Raw-Data\Otsu\M5\360p\Traffic2\Traffic2-Mask.mp4,0.8829,0.0176,0.913,0.8025,0.0142,0.8236,100
360p,Traffic2,K3,A0.01_,T0.9,M3,Data-Processing\Raw-Data\Param-Sweep\360p\Traffic2\K3\A0.01_\T0.9\M3\Traffic2-Mask.mp4,Data-Processing\Raw-Data\OpenCV\M3\360p\Traffic2\Traffic2-Mask.mp4,Data-Processing\Raw-Data\Otsu\M3\360p\Traffic2\Traffic2-Mask.mp4,0.8782,0.021,0.9056,0.6832,0.0064,0.6938,100
360p,Traffic2,K3,A0.01_,T0.9,M4,Data-Processing\Raw-Data\Param-Sweep\360p\Traffic2\K3\A0.01_\T0.9\M4\Traffic2-Mask.mp4,Data-Processing\Raw-Data\OpenCV\M4\360p\Traffic2\Traffic2-Mask.mp4,Data-Processing\Raw-Data\Otsu\M4\360p\Traffic2\Traffic2-Mask.mp4,0.8938,0.0155,0.9137,0.7895,0.0027,0.7881,100
360p,Traffic2,K3,A0.01_,T0.9,M5,Data-Processing\Raw-Data\Param-Sweep\360p\Traffic2\K3\A0.01_\T0.9\M5\Traffic2-Mask.mp4,Data-Processing\Raw-Data\OpenCV\M5\360p\Traffic2\Traffic2-Mask.mp4,Data-Processing\Raw-Data\Otsu\M5\360p\Traffic2\Traffic2-Mask.mp4,0.9103,0.0144,0.9317,0.8381,0.0029,0.8397,100
360p,Traffic2,K3,A0.1_,T0.5,M3,Data-Processing\Raw-Data\Param-Sweep\360p\Traffic2\K3\A0.1_\T0.5\M3\Traffic2-Mask.mp4,Data-Processing\Raw-Data\OpenCV\M3\360p\Traffic2\Traffic2-Mask.mp4,Data-Processing\Raw-Data\Otsu\M3\360p\Traffic2\Traffic2-Mask.mp4,0.805,0.0223,0.8425,0.6513,0.0063,0.6573,100
360p,Traffic2,K3,A0.1_,T0.5,M4,Data-Processing\Raw-Data\Param-Sweep\360p\Traffic2\K3\A0.1_\T0.5\M4\Traffic2-Mask.mp4,Data-Processing\Raw-Data\OpenCV\M4\360p\Traffic2\Traffic2-Mask.mp4,Data-Processing\Raw-Data\Otsu\M4\360p\Traffic2\Traffic2-Mask.mp4,0.8615,0.0168,0.8852,0.7782,0.0026,0.7797,100
360p,Traffic2,K3,A0.1_,T0.5,M5,Data-Processing\Raw-Data\Param-Sweep\360p\Traffic2\K3\A0.1_\T0.5\M5\Traffic2-Mask.mp4,Data-Processing\Raw-Data\OpenCV\M5\360p\Traffic2\Traffic2-Mask.mp4,Data-Processing\Raw-Data\Otsu\M5\360p\Traffic2\Traffic2-Mask.mp4,0.8716,0.015,0.8932,0.8262,0.0025,0.8267,100
360p,Traffic2,K3,A0.1_,T0.7,M3,Data-Processing\Raw-Data\Param-Sweep\360p\Traffic2\K3\A0.1_\T0.7\M3\Traffic2-Mask.mp4,Data-Processing\Raw-Data\OpenCV\M3\360p\Traffic2\Traffic2-Mask.mp4,Data-Processing\Raw-Data\Otsu\M3\360p\Traffic2\Traffic2-Mask.mp4,0.8358,0.0207,0.8638,0.6789,0.0039,0.6788,100
360p,Traffic2,K3,A0.1_,T0.7,M4,Data-Processing\Raw-Data\Param-Sweep\360p\Traffic2\K3\A0.1_\T0.7\M4\Traffic2-Mask.mp4,Data-Processing\Raw-Data\OpenCV\M4\360p\Traffic2\Traffic2-Mask.mp4,Data-Processing\Raw-Data\Otsu\M4\360p\Traffic2\Traffic2-Mask.mp4,0.8742,0.0165,0.8954,0.795,0.0017,0.7919,100
360p,Traffic2,K3,A0.1_,T0.7,M5,Data-Processing\Raw-Data\Param-Sweep\360p\Traffic2\K3\A0.1_\T0.7\M5\Traffic2-Mask.mp4,Data-Processing\Raw-Data\OpenCV\M5\360p\Traffic2\Traffic2-Mask.mp4,Data-Processing\Raw-Data\Otsu\M5\360p\Traffic2\Traffic2-Mask.mp4,0.8858,0.0148,0.9044,0.8454,0.0015,0.841,100
360p,Traffic2,K3,A0.1_,T0.9,M3,Data-Processing\Raw-Data\Param-Sweep\360p\Traffic2\K3\A0.1_\T0.9\M3\Traffic2-Mask.mp4,Data-Processing\Raw-Data\OpenCV\M3\360p\Traffic2\Traffic2-Mask.mp4,Data-Processing\Raw-Data\Otsu\M3\360p\Traffic2\Traffic2-Mask.mp4,0.862,0.0208,0.8816,0.7045,0.0027,0.7048,100
360p,Traffic2,K3,A0.1_,T0.9,M4,Data-Processing\Raw-Data\Param-Sweep\360p\Traffic2\K3\A0.1_\T0.9\M4\Traffic2-Mask.mp4,Data-Processing\Raw-Data\OpenCV\M4\360p\Traffic2\Traffic2-Mask.mp4,Data-Processing\Raw-Data\Otsu\M4\360p\Traffic2\Traffic2-Mask.mp4,0.8836,0.0167,0.8989,0.8085,0.0013,0.8055,100
360p,Traffic2,K3,A0.1_,T0.9,M5,Data-Processing\Raw-Data\Param-Sweep\360p\Traffic2\K3\A0.1_\T0.9\M5\Traffic2-Mask.mp4,Data-Processing\Raw-Data\OpenCV\M5\360p\Traffic2\Traffic2-Mask.mp4,Data-Processing\Raw-Data\Otsu\M5\360p\Traffic2\Traffic2-Mask.mp4,0.8968,0.0149,0.9146,0.8613,0.0011,0.8553,100
360p,Traffic2,K4,A0.001_,T0.5,M3,Data-Processing\Raw-Data\Param-Sweep\360p\Traffic2\K4\A0.001_\T0.5\M3\Traffic2-Mask.mp4,Data-Processing\Raw-Data\OpenCV\M3\360p\Traffic2\Traffic2-Mask.mp4,Data-Processing\Raw-Data\Otsu\M3\360p\Traffic2\Traffic2-Mask.mp4,0.3834,0.0449,0.3141,0.3414,0.0312,0.319,100
360p,Traffic2,K4,A0.001_,T0.5,M4,Data-Processing\Raw-Data\Param-Sweep\360p\Traffic2\K4\A0.001_\T0.5\M4\Traffic2-Mask.mp4,Data-Processing\Raw-Data\OpenCV\M4\360p\Traffic2\Traffic2-Mask.mp4,Data-Processing\Raw-Data\Otsu\M4\360p\Traffic2\Traffic2-Mask.mp4,0.5325,0.0358,0.4943,0.4961,0.0312,0.4842,100
360p,Traffic2,K4,A0.001_,T0.5,M5,Data-Processing\Raw-Data\Param-Sweep\360p\Traffic2\K4\A0.001_\T0.5\M5\Traffic2-Mask.mp4,Data-Processing\Raw-Data\OpenCV\M5\360p\Traffic2\Traffic2-Mask.mp4,Data-Processing\Raw-Data\Otsu\M5\360p\Traffic2\Traffic2-Mask.mp4,0.5344,0.0364,0.4959,0.5106,0.0347,0.4945,100
360p,Traffic2,K4,A0.001_,T0.7,M3,Data-Processing\Raw-Data\Param-Sweep\360p\Traffic2\K4\A0.001_\T0.7\M3\Traffic2-Mask.mp4,Data-Processing\Raw-Data\OpenCV\M3\360p\Traffic2\Traffic2-Mask.mp4,Data-Processing\Raw-Data\Otsu\M3\360p\Traffic2\Traffic2-Mask.mp4,0.5511,0.0834,0.5862,0.4543,0.0466,0.5195,100
360p,Traffic2,K4,A0.001_,T0.7,M4,Data-Processing\Raw-Data\Param-Sweep\360p\Traffic2\K4\A0.001_\T0.7\M4\Traffic2-Mask.mp4,Data-Processing\Raw-Data\OpenCV\M4\360p\Traffic2\Traffic2-Mask.mp4,Data-Processing\Raw-Data\Otsu\M4\360p\Traffic2\Traffic2-Mask.mp4,0.6645,0.0558,0.7654,0.5979,0.0408,0.6778,100
360p,Traffic2,K4,A0.001_,T0.7,M5,Data-Processing\Raw-Data\Param-Sweep\360p\Traffic2\K4\A0.001_\T0.7\M5\Traffic2-Mask.mp4,Data-Processing\Raw-Data\OpenCV\M5\360p\Traffic2\Traffic2-Mask.mp4,Data-Processing\Raw-Data\Otsu\M5\360p\Traffic2\Traffic2-Mask.mp4,0.6683,0.0568,0.7699,0.6253,0.0479,0.7096,100
360p,Traffic2,K4,A0.001_,T0.9,M3,Data-Processing\Raw-Data\Param-Sweep\360p\Traffic2\K4\A0.001_\T0.9\M3\Traffic2-Mask.mp4,Data-Processing\Raw-Data\OpenCV\M3\360p\Traffic2\Traffic2-Mask.mp4,Data-Processing\Raw-Data\Otsu\M3\360p\Traffic2\Traffic2-Mask.mp4,0.7537,0.0573,0.8535,0.5887,0.0314,0.6629,100
360p,Traffic2,K4,A0.001_,T0.9,M4,Data-Processing\Raw-Data\Param-Sweep\360p\Traffic2\K4\A0.001_\T0.9\M4\Traffic2-Mask.mp4,Data-Processing\Raw-Data\OpenCV\M4\360p\Traffic2\Traffic2-Mask.mp4,Data-Processing\Raw-Data\Otsu\M4\360p\Traffic2\Traffic2-Mask.mp4,0.8191,0.0319,0.8742,0.7176,0.023,0.7628,100
360p,Traffic2,K4,A0.001_,T0.9,M5,Data-Processing\Raw-Data\Param-Sweep\360p\Traffic2\K4\A0.001_\T0.9\M5\Traffic2-Mask.mp4,Data-Processing\Raw-Data\OpenCV\M5\360p\Traffic2\Traffic2-Mask.mp4,Data-Processing\Raw-Data\Otsu\M5\360p\Traffic2\Traffic2-Mask.mp4,0.8278,0.0328,0.8886,0.7583,0.0273,0.8108,100
360p,Traffic2,K4,A0.01_,T0.5,M3,Data-Processing\Raw-Data\Param-Sweep\360p\Traffic2\K4\A0.01_\T0.5\M3\Traffic2-Mask.mp4,Data-Processing\Raw-Data\OpenCV\M3\360p\Traffic2\Traffic2-Mask.mp4,Data-Processing\Raw-Data\Otsu\M3\360p\Traffic2\Traffic2-Mask.mp4,0.8013,0.0389,0.8683,0.6156,0.0229,0.6755,100
360p,Traffic2,K4,A0.01_,T0.5,M4,Data-Processing\Raw-Data\Param-Sweep\360p\Traffic2\K4\A0.01_\T0.5\M4\Traffic2-Mask.mp4,Data-Processing\Raw-Data\OpenCV\M4\360p\Traffic2\Traffic2-Mask.mp4,Data-Processing\Raw-Data\Otsu\M4\360p\Traffic2\Traffic2-Mask.mp4,0.8534,0.0217,0.8852,0.7412,0.0168,0.7721,100
360p,Traffic2,K4,A0.01_,T0.5,M5,Data-Processing\Raw-Data\Param-Sweep\360p\Traffic2\K4\A0.01_\T0.5\M5\Traffic2-Mask.mp4,Data-Processing\Raw-Data\OpenCV\M5\360p\Traffic2\Traffic2-Mask.mp4,Data-Processing\Raw-Data\Otsu\M5\360p\Traffic2\Traffic2-Mask.mp4,0.8637,0.0222,0.8987,0.7849,0.0193,0.8165,100
360p,Traffic2,K4,A0.01_,T0.7,M3,Data-Processing\Raw-Data\Param-Sweep\360p\Traffic2\K4\A0.01_\T0.7\M3\Traffic2-Mask.mp4,Data-Processing\Raw-Data\OpenCV\M3\360p\Traffic2\Traffic2-Mask.mp4,Data-Processing\Raw-Data\Otsu\M3\360p\Traffic2\Traffic2-Mask.mp4,0.8451,0.0279,0.8868,0.648,0.015,0.6839,100
360p,Traffic2,K4,A0.01_,T0.7,M4,Data-Processing\Raw-Data\Param-Sweep\360p\Traffic2\K4\A0.01_\T0.7\M4\Traffic2-Mask.mp4,Data-Processing\Raw-Data\OpenCV\M4\360p\Traffic2\Traffic2-Mask.mp4,Data-Processing\Raw-Data\Otsu\M4\360p\Traffic2\Traffic2-Mask.mp4,0.8793,0.0173,0.9029,0.7637,0.0117,0.7834,100
360p,Traffic2,K4,A0.01_,T0.7,M5,Data-Processing\Raw-Data\Param-Sweep\360p\Traffic2\K4\A0.01_\T0.7\M5\Traffic2-Mask.mp4,Data-Processing\Raw-Data\OpenCV\M5\360p\Traffic2\Traffic2-Mask.mp4,Data-Processing\Raw-Data\Otsu\M5\360p\Traffic2\Traffic2-Mask.mp4,0.8932,0.0172,0.919,0.81,0.0133,0.8266,100
360p,Traffic2,K4,A0.01_,T0.9,M3,Data-Processing\Raw-Data\Param-Sweep\360p\Traffic2\K4\A0.01_\T0.9\M3\Traffic2-Mask.mp4,Data-Processing\Raw-Data\OpenCV\M3\360p\Traffic2\Traffic2-Mask.mp4,Data-Processing\Raw-Data\Otsu\M3\360p\Traffic2\Traffic2-Mask.mp4,0.8855,0.0211,0.913,0.6927,0.0046,0.6998,100
360p,Traffic2,K4,A0.01_,T0.9,M4,Data-Processing\Raw-Data\Param-Sweep\360p\Traffic2\K4\A0.01_\T0.9\M4\Traffic2-Mask.mp4,Data-Processing\Raw-Data\OpenCV\M4\360p\Traffic2\Traffic2-Mask.mp4,Data-Processing\Raw-Data\Otsu\M4\360p\Traffic2\Traffic2-Mask.mp4,0.8955,0.0159,0.9155,0.7959,0.002,0.7945,100
360p,Traffic2,K4,A0.01_,T0.9,M5,Data-Processing\Raw-Data\Param-Sweep\360p\Traffic2\K4\A0.01_\T0.9\M5\Traffic2-Mask.mp4,Data-Processing\Raw-Data\OpenCV\M5\360p\Traffic2\Traffic2-Mask.mp4,Data-Processing\Raw-Data\Otsu\M5\360p\Traffic2\Traffic2-Mask.mp4,0.9137,0.0145,0.9351,0.846,0.002,0.8452,100
360p,Traffic2,K4,A0.1_,T0.5,M3,Data-Processing\Raw-Data\Param-Sweep\360p\Traffic2\K4\A0.1_\T0.5\M3\Traffic2-Mask.mp4,Data-Processing\Raw-Data\OpenCV\M3\360p\Traffic2\Traffic2-Mask.mp4,Data-Processing\Raw-Data\Otsu\M3\360p\Traffic2\Traffic2-Mask.mp4,0.8039,0.0223,0.8374,0.6539,0.0062,0.6603,100
360p,Traffic2,K4,A0.1_,T0.5,M4,Data-Processing\Raw-Data\Param-Sweep\360p\Traffic2\K4\A0.1_\T0.5\M4\Traffic2-Mask.mp4,Data-Processing\Raw-Data\OpenCV\M4\360p\Traffic2\Traffic2-Mask.mp4,Data-Processing\Raw-Data\Otsu\M4\360p\Traffic2\Traffic2-Mask.mp4,0.8608,0.0168,0.8835,0.7817,0.0025,0.7833,100
360p,Traffic2,K4,A0.1_,T0.5,M5,Data-Processing\Raw-Data\Param-Sweep\360p\Traffic2\K4\A0.1_\T0.5\M5\Traffic2-Mask.mp4,Data-Processing\Raw-Data\OpenCV\M5\360p\Traffic2\Traffic2-Mask.mp4,Data-Processing\Raw-Data\Otsu\M5\360p\Traffic2\Traffic2-Mask.mp4,0.8715,0.015,0.893,0.8309,0.0024,0.8305,100
360p,Traffic2,K4,A0.1_,T0.7,M3,Data-Processing\Raw-Data\Param-Sweep\360p\Traffic2\K4\A0.1_\T0.7\M3\Traffic2-Mask.mp4,Data-Processing\Raw-Data\OpenCV\M3\360p\Traffic2\Traffic2-Mask.mp4,Data-Processing\Raw-Data\Otsu\M3\360p\Traffic2\Traffic2-Mask.mp4,0.8351,0.0208,0.8634,0.683,0.0038,0.6828,100
360p,Traffic2,K4,A0.1_,T0.7,M4,Data-Processing\Raw-Data\Param-Sweep\360p\Traffic2\K4\A0.1_\T0.7\M4\Traffic2-Mask.mp4,Data-Processing\Raw-Data\OpenCV\M4\360p\Traffic2\Traffic2-Mask.mp4,Data-Processing\Raw-Data\Otsu\M4\360p\Traffic2\Traffic2-Mask.mp4,0.8737,0.0165,0.8965,0.799,0.0016,0.7964,100
360p,Traffic2,K4,A0.1_,T0.7,M5,Data-Processing\Raw-Data\Param-Sweep\360p\Traffic2\K4\A0.1_\T0.7\M5\Traffic2-Mask.mp4,Data-Processing\Raw-Data\OpenCV\M5\360p\Traffic2\Traffic2-Mask.mp4,Data-Processing\Raw-Data\Otsu\M5\360p\Traffic2\Traffic2-Mask.mp4,0.8859,0.0148,0.9058,0.8506,0.0014,0.8467,100
360p,Traffic2,K4,A0.1_,T0.9,M3,Data-Processing\Raw-Data\Param-Sweep\360p\Traffic2\K4\A0.1_\T0.9\M3\Traffic2-Mask.mp4,Data-Processing\Raw-Data\OpenCV\M3\360p\Traffic2\Traffic2-Mask.mp4,Data-Processing\Raw-Data\Otsu\M3\360p\Traffic2\Traffic2-Mask.mp4,0.8628,0.0206,0.8809,0.7074,0.0025,0.7074,100
360p,Traffic2,K4,A0.1_,T0.9,M4,Data-Processing\Raw-Data\Param-Sweep\360p\Traffic2\K4\A0.1_\T0.9\M4\Traffic2-Mask.mp4,Data-Processing\Raw-Data\OpenCV\M4\360p\Traffic2\Traffic2-Mask.mp4,Data-Processing\Raw-Data\Otsu\M4\360p\Traffic2\Traffic2-Mask.mp4,0.8835,0.0167,0.8989,0.8101,0.0012,0.8062,100
360p,Traffic2,K4,A0.1_,T0.9,M5,Data-Processing\Raw-Data\Param-Sweep\360p\Traffic2\K4\A0.1_\T0.9\M5\Traffic2-Mask.mp4,Data-Processing\Raw-Data\OpenCV\M5\360p\Traffic2\Traffic2-Mask.mp4,Data-Processing\Raw-Data\Otsu\M5\360p\Traffic2\Traffic2-Mask.mp4,0.8971,0.0149,0.9156,0.8635,0.0011,0.8581,100
480p,Traffic2,K2,A0.001_,T0.5,M3,Data-Processing\Raw-Data\Param-Sweep\480p\Traffic2\K2\A0.001_\T0.5\M3\Traffic2-Mask.mp4,Data-Processing\Raw-Data\OpenCV\M3\480p\Traffic2\Traffic2-Mask.mp4,Data-Processing\Raw-Data\Otsu\M3\480p\Traffic2\Traffic2-Mask.mp4,0.2315,0.0148,0.2953,0.245,0.0226,0.3116,100
480p,Traffic2,K2,A0.001_,T0.5,M4,Data-Processing\Raw-Data\Param-Sweep\480p\Traffic2\K2\A0.001_\T0.5\M4\Traffic2-Mask.mp4,Data-Processing\Raw-Data\OpenCV\M4\480p\Traffic2\Traffic2-Mask.mp4,Data-Processing\Raw-Data\Otsu\M4\480p\Traffic2\Traffic2-Mask.mp4,0.3786,0.0259,0.4504,0.3806,0.0308,0.4543,100
480p,Traffic2,K2,A0.001_,T0.5,M5,Data-Processing\Raw-Data\Param-Sweep\480p\Traffic2\K2\A0.001_\T0.5\M5\Traffic2-Mask.mp4,Data-Processing\Raw-Data\OpenCV\M5\480p\Traffic2\Traffic2-Mask.mp4,Data-Processing\Raw-Data\Otsu\M5\480p\Traffic2\Traffic2-Mask.mp4,0.3793,0.0263,0.4521,0.3812,0.0314,0.4562,100
480p,Traffic2,K2,A0.001_,T0.7,M3,Data-Processing\Raw-Data\Param-Sweep\480p\Traffic2\K2\A0.001_\T0.7\M3\Traffic2-Mask.mp4,Data-Processing\Raw-Data\OpenCV\M3\480p\Traffic2\Traffic2-Mask.mp4,Data-Processing\Raw-Data\Otsu\M3\480p\Traffic2\Traffic2-Mask.mp4,0.2485,0.0186,0.2964,0.2585,0.0254,0.3116,100
480p,Traffic2,K2,A0.001_,T0.7,M4,Data-Processing\Raw-Data\Param-Sweep\480p\Traffic2\K2\A0.001_\T0.7\M4\Traffic2-Mask.mp4,Data-Processing\Raw-Data\OpenCV\M4\480p\Traffic2\Traffic2-Mask.mp4,Data-Processing\Raw-Data\Otsu\M4\480p\Traffic2\Traffic2-Mask.mp4,0.4098,0.0353,0.4544,0.4039,0.0368,0.4566,100
480p,Traffic2,K2,A0.001_,T0.7,M5,Data-Processing\Raw-Data\Param-Sweep\480p\Traffic2\K2\A0.001_\T0.7\M5\Traffic2-Mask.mp4,Data-Processing\Raw-Data\OpenCV\M5\480p\Traffic2\Traffic2-Mask.mp4,Data-Processing\Raw-Data\Otsu\M5\480p\Traffic2\Traffic2-Mask.mp4,0.4106,0.0358,0.4567,0.4063,0.0382,0.4587,100
480p,Traffic2,K2,A0.001_,T0.9,M3,Data-Processing\Raw-Data\Param-Sweep\480p\Traffic2\K2\A0.001_\T0.9\M3\Traffic2-Mask.mp4,Data-Processing\Raw-Data\OpenCV\M3\480p\Traffic2\Traffic2-Mask.mp4,Data-Processing\Raw-Data\Otsu\M3\480p\Traffic2\Traffic2-Mask.mp4,0.4109,0.0415,0.4448,0.3678,0.032,0.4002,100
480p,Traffic2,K2,A0.001_,T0.9,M4,Data-Processing\Raw-Data\Param-Sweep\480p\Traffic2\K2\A0.001_\T0.9\M4\Traffic2-Mask.mp4,Data-Processing\Raw-Data\OpenCV\M4\480p\Traffic2\Traffic2-Mask.mp4,Data-Processing\Raw-Data\Otsu\M4\480p\Traffic2\Traffic2-Mask.mp4,0.5915,0.05,0.6469,0.5365,0.0401,0.5806,100
480p,Traffic2,K2,A0.001_,T0.9,M5,Data-Processing\Raw-Data\Param-Sweep\480p\Traffic2\K2\A0.001_\T0.9\M5\Traffic2-Mask.mp4,Data-Processing\Raw-Data\OpenCV\M5\480p\Traffic2\Traffic2-Mask.mp4,Data-Processing\Raw-Data\Otsu\M5\480p\Traffic2\Traffic2-Mask.mp4,0.5923,0.0505,0.6471,0.5541,0.0449,0.6016,100
480p,Traffic2,K2,A0.01_,T0.5,M3,Data-Processing\Raw-Data\Param-Sweep\480p\Traffic2\K2\A0.01_\T0.5\M3\Traffic2-Mask.mp4,Data-Processing\Raw-Data\OpenCV\M3\480p\Traffic2\Traffic2-Mask.mp4,Data-Processing\Raw-Data\Otsu\M3\480p\Traffic2\Traffic2-Mask.mp4,0.7246,0.0472,0.8139,0.5589,0.0271,0.6192,100
480p,Traffic2,K2,A0.01_,T0.5,M4,Data-Processing\Raw-Data\Param-Sweep\480p\Traffic2\K2\A0.01_\T0.5\M4\Traffic2-Mask.mp4,Data-Processing\Raw-Data\OpenCV\M4\480p\Traffic2\Traffic2-Mask.mp4,Data-Processing\Raw-Data\Otsu\M4\480p\Traffic2\Traffic2-Mask.mp4,0.804,0.0313,0.8625,0.6947,0.0239,0.745,100
480p,Traffic2,K2,A0.01_,T0.5,M5,Data-Processing\Raw-Data\Param-Sweep\480p\Traffic2\K2\A0.01_\T0.5\M5\Traffic2-Mask.mp4,Data-Processing\Raw-Data\OpenCV\M5\480p\Traffic2\Traffic2-Mask.mp4,Data-Processing\Raw-Data\Otsu\M5\480p\Traffic2\Traffic2-Mask.mp4,0.8089,0.032,0.8698,0.7313,0.0271,0.7826,100
480p,Traffic2,K2,A0.01_,T0.7,M3,Data-Processing\Raw-Data\Param-Sweep\480p\Traffic2\K2\A0.01_\T0.7\M3\Traffic2-Mask.mp4,Data-Processing\Raw-Data\OpenCV\M3\480p\Traffic2\Traffic2-Mask.mp4,Data-Processing\Raw-Data\Otsu\M3\480p\Traffic2\Traffic2-Mask.mp4,0.7717,0.0378,0.8454,0.5914,0.0211,0.6352,100
480p,Traffic2,K2,A0.01_,T0.7,M4,Data-Processing\Raw-Data\Param-Sweep\480p\Traffic2\K2\A0.01_\T0.7\M4\Traffic2-Mask.mp4,Data-Processing\Raw-Data\OpenCV\M4\480p\Traffic2\Traffic2-Mask.mp4,Data-Processing\Raw-Data\Otsu\M4\480p\Traffic2\Traffic2-Mask.mp4,0.8361,0.022,0.8771,0.72,0.0165,0.754,100
480p,Traffic2,K2,A0.01_,T0.7,M5,Data-Processing\Raw-Data\Param-Sweep\480p\Traffic2\K2\A0.01_\T0.7\M5\Traffic2-Mask.mp4,Data-Processing\Raw-Data\OpenCV\M5\480p\Traffic2\Traffic2-Mask.mp4,Data-Processing\Raw-Data\Otsu\M5\480p\Traffic2\Traffic2-Mask.mp4,0.8413,0.0225,0.8863,0.7584,0.0187,0.7913,100
480p,Traffic2,K2,A0.01_,T0.9,M3,Data-Processing\Raw-Data\Param-Sweep\480p\Traffic2\K2\A0.01_\T0.9\M3\Traffic2-Mask.mp4,Data-Processing\Raw-Data\OpenCV\M3\480p\Traffic2\Traffic2-Mask.mp4,Data-Processing\Raw-Data\Otsu\M3\480p\Traffic2\Traffic2-Mask.mp4,0.8437,0.0236,0.882,0.6498,0.0085,0.6657,100
480p,Traffic2,K2,A0.01_,T0.9,M4,Data-Processing\Raw-Data\Param-Sweep\480p\Traffic2\K2\A0.01_\T0.9\M4\Traffic2-Mask.mp4,Data-Processing\Raw-Data\OpenCV\M4\480p\Traffic2\Traffic2-Mask.mp4,Data-Processing\Raw-Data\Otsu\M4\480p\Traffic2\Traffic2-Mask.mp4,0.8832,0.0155,0.9046,0.766,0.0044,0.7719,100
480p,Traffic2,K2,A0.01_,T0.9,M5,Data-Processing\Raw-Data\Param-Sweep\480p\Traffic2\K2\A0.01_\T0.9\M5\Traffic2-Mask.mp4,Data-Processing\Raw-Data\OpenCV\M5\480p\Traffic2\Traffic2-Mask.mp4,Data-Processing\Raw-Data\Otsu\M5\480p\Traffic2\Traffic2-Mask.mp4,0.8913,0.0146,0.9132,0.8079,0.0047,0.8156,100
480p,Traffic2,K2,A0.1_,T0.5,M3,Data-Processing\Raw-Data\Param-Sweep\480p\Traffic2\K2\A0.1_\T0.5\M3\Traffic2-Mask.mp4,Data-Processing\Raw-Data\OpenCV\M3\480p\Traffic2\Traffic2-Mask.mp4,Data-Processing\Raw-Data\Otsu\M3\480p\Traffic2\Traffic2-Mask.mp4,0.8097,0.0204,0.8444,0.6399,0.0055,0.6465,100
480p,Traffic2,K2,A0.1_,T0.5,M4,Data-Processing\Raw-Data\Param-Sweep\480p\Traffic2\K2\A0.1_\T0.5\M4\Traffic2-Mask.mp4,Data-Processing\Raw-Data\OpenCV\M4\480p\Traffic2\Traffic2-Mask.mp4,Data-Processing\Raw-Data\Otsu\M4\480p\Traffic2\Traffic2-Mask.mp4,0.8671,0.0158,0.8879,0.7655,0.0023,0.7644,100
480p,Traffic2,K2,A0.1_,T0.5,M5,Data-Processing\Raw-Data\Param-Sweep\480p\Traffic2\K2\A0.1_\T0.5\M5\Traffic2-Mask.mp4,Data-Processing\Raw-Data\OpenCV\M5\480p\Traffic2\Traffic2-Mask.mp4,Data-Processing\Raw-Data\Otsu\M5\480p\Traffic2\Traffic2-Mask.mp4,0.8747,0.0142,0.8946,0.8086,0.0021,0.8068,100
480p,Traffic2,K2,A0.1_,T0.7,M3,Data-Processing\Raw-Data\Param-Sweep\480p\Traffic2\K2\A0.1_\T0.7\M3\Traffic2-Mask.mp4,Data-Processing\Raw-Data\OpenCV\M3\480p\Traffic2\Traffic2-Mask.mp4,Data-Processing\Raw-Data\Otsu\M3\480p\Traffic2\Traffic2-Mask.mp4,0.843,0.02,0.8682,0.6679,0.004,0.6672,100
480p,Traffic2,K2,A0.1_,T0.7,M4,Data-Processing\Raw-Data\Param-Sweep\480p\Traffic2\K2\A0.1_\T0.7\M4\Traffic2-Mask.mp4,Data-Processing\Raw-Data\OpenCV\M4\480p\Traffic2\Traffic2-Mask.mp4,Data-Processing\Raw-Data\Otsu\M4\480p\Traffic2\Traffic2-Mask.mp4,0.8807,0.0161,0.8989,0.7803,0.0017,0.7766,100
480p,Traffic2,K2,A0.1_,T0.7,M5,Data-Processing\Raw-Data\Param-Sweep\480p\Traffic2\K2\A0.1_\T0.7\M5\Traffic2-Mask.mp4,Data-Processing\Raw-Data\OpenCV\M5\480p\Traffic2\Traffic2-Mask.mp4,Data-Processing\Raw-Data\Otsu\M5\480p\Traffic2\Traffic2-Mask.mp4,0.8892,0.0144,0.9087,0.8247,0.0015,0.8215,100
480p,Traffic2,K2,A0.1_,T0.9,M3,Data-Processing\Raw-Data\Param-Sweep\480p\Traffic2\K2\A0.1_\T0.9\M3\Traffic2-Mask.mp4,Data-Processing\Raw-Data\OpenCV\M3\480p\Traffic2\Traffic2-Mask.mp4,Data-Processing\Raw-Data\Otsu\M3\480p\Traffic2\Traffic2-Mask.mp4,0.8643,0.02,0.882,0.6923,0.0028,0.6929,100
480p,Traffic2,K2,A0.1_,T0.9,M4,Data-Processing\Raw-Data\Param-Sweep\480p\Traffic2\K2\A0.1_\T0.9\M4\Traffic2-Mask.mp4,Data-Processing\Raw-Data\OpenCV\M4\480p\Traffic2\Traffic2-Mask.mp4,Data-Processing\Raw-Data\Otsu\M4\480p\Traffic2\Traffic2-Mask.mp4,0.8871,0.0164,0.9022,0.7964,0.0013,0.7942,100
480p,Traffic2,K2,A0.1_,T0.9,M5,Data-Processing\Raw-Data\Param-Sweep\480p\Traffic2\K2\A0.1_\T0.9\M5\Traffic2-Mask.mp4,Data-Processing\Raw-Data\OpenCV\M5\480p\Traffic2\Traffic2-Mask.mp4,Data-Processing\Raw-Data\Otsu\M5\480p\Traffic2\Traffic2-Mask.mp4,0.8979,0.0147,0.9126,0.8441,0.001,0.8396,100
480p,Traffic2,K3,A0.001_,T0.5,M3,Data-Processing\Raw-Data\Param-Sweep\480p\Traffic2\K3\A0.001_\T0.5\M3\Traffic2-Mask.mp4,Data-Processing\Raw-Data\OpenCV\M3\480p\Traffic2\Traffic2-Mask.mp4,Data-Processing\Raw-Data\Otsu\M3\480p\Traffic2\Traffic2-Mask.mp4,0.3343,0.0338,0.3049,0.3116,0.0279,0.3221,100
480p,Traffic2,K3,A0.001_,T0.5,M4,Data-Processing\Raw-Data\Param-Sweep\480p\Traffic2\K3\A0.001_\T0.5\M4\Traffic2-Mask.mp4,Data-Processing\Raw-Data\OpenCV\M4\480p\Traffic2\Traffic2-Mask.mp4,Data-Processing\Raw-Data\Otsu\M4\480p\Traffic2\Traffic2-Mask.mp4,0.5004,0.0354,0.4794,0.4689,0.031,0.4709,100
480p,Traffic2,K3,A0.001_,T0.5,M5,Data-Processing\Raw-Data\Param-Sweep\480p\Traffic2\K3\A0.001_\T0.5\M5\Traffic2-Mask.mp4,Data-Processing\Raw-Data\OpenCV\M5\480p\Traffic2\Traffic2-Mask.mp4,Data-Processing\Raw-Data\Otsu\M5\480p\Traffic2\Traffic2-Mask.mp4,0.5013,0.0357,0.4801,0.4806,0.034,0.4777,100
480p,Traffic2,K3,A0.001_,T0.7,M3,Data-Processing\Raw-Data\Param-Sweep\480p\Traffic2\K3\A0.001_\T0.7\M3\Traffic2-Mask.mp4,Data-Processing\Raw-Data\OpenCV\M3\480p\Traffic2\Traffic2-Mask.mp4,Data-Processing\Raw-Data\Otsu\M3\480p\Traffic2\Traffic2-Mask.mp4,0.4761,0.0667,0.3951,0.4053,0.0402,0.3711,100
480p,Traffic2,K3,A0.001_,T0.7,M4,Data-Processing\Raw-Data\Param-Sweep\480p\Traffic2\K3\A0.001_\T0.7\M4\Traffic2-Mask.mp4,Data-Processing\Raw-Data\OpenCV\M4\480p\Traffic2\Traffic2-Mask.mp4,Data-Processing\Raw-Data\Otsu\M4\480p\Traffic2\Traffic2-Mask.mp4,0.6305,0.0527,0.6241,0.5645,0.0376,0.5846,100
480p,Traffic2,K3,A0.001_,T0.7,M5,Data-Processing\Raw-Data\Param-Sweep\480p\Traffic2\K3\A0.001_\T0.7\M5\Traffic2-Mask.mp4,Data-Processing\Raw-Data\OpenCV\M5\480p\Traffic2\Traffic2-Mask.mp4,Data-Processing\Raw-Data\Otsu\M5\480p\Traffic2\Traffic2-Mask.mp4,0.633,0.0532,0.6244,0.5886,0.0431,0.6137,100
480p,Traffic2,K3,A0.001_,T0.9,M3,Data-Processing\Raw-Data\Param-Sweep\480p\Traffic2\K3\A0.001_\T0.9\M3\Traffic2-Mask.mp4,Data-Processing\Raw-Data\OpenCV\M3\480p\Traffic2\Traffic2-Mask.mp4,Data-Processing\Raw-Data\Otsu\M3\480p\Traffic2\Traffic2-Mask.mp4,0.6701,0.0671,0.7814,0.5312,0.0358,0.6061,100
480p,Traffic2,K3,A0.001_,T0.9,M4,Data-Processing\Raw-Data\Param-Sweep\480p\Traffic2\K3\A0.001_\T0.9\M4\Traffic2-Mask.mp4,Data-Processing\Raw-Data\OpenCV\M4\480p\Traffic2\Traffic2-Mask.mp4,Data-Processing\Raw-Data\Otsu\M4\480p\Traffic2\Traffic2-Mask.mp4,0.7789,0.0418,0.8538,0.6774,0.0283,0.7368,100
480p,Traffic2,K3,A0.001_,T0.9,M5,Data-Processing\Raw-Data\Param-Sweep\480p\Traffic2\K3\A0.001_\T0.9\M5\Traffic2-Mask.mp4,Data-Processing\Raw-Data\OpenCV\M5\480p\Traffic2\Traffic2-Mask.mp4,Data-Processing\Raw-Data\Otsu\M5\480p\Traffic2\Traffic2-Mask.mp4,0.7835,0.0425,0.8595,0.712,0.0328,0.7769,100
480p,Traffic2,K3,A0.01_,T0.5,M3,Data-Processing\Raw-Data\Param-Sweep\480p\Traffic2\K3\A0.01_\T0.5\M3\Traffic2-Mask.mp4,Data-Processing\Raw-Data\OpenCV\M3\480p\Traffic2\Traffic2-Mask.mp4,Data-Processing\Raw-Data\Otsu\M3\480p\Traffic2\Traffic2-Mask.mp4,0.7898,0.0413,0.8629,0.602,0.0226,0.6593,100
480p,Traffic2,K3,A0.01_,T0.5,M4,Data-Processing\Raw-Data\Param-Sweep\480p\Traffic2\K3\A0.01_\T0.5\M4\Traffic2-Mask.mp4,Data-Processing\Raw-Data\OpenCV\M4\480p\Traffic2\Traffic2-Mask.mp4,Data-Processing\Raw-Data\Otsu\M4\480p\Traffic2\Traffic2-Mask.mp4,0.8463,0.0236,0.8891,0.7262,0.017,0.7663,100
480p,Traffic2,K3,A0.01_,T0.5,M5,Data-Processing\Raw-Data\Param-Sweep\480p\Traffic2\K3\A0.01_\T0.5\M5\Traffic2-Mask.mp4,Data-Processing\Raw-Data\OpenCV\M5\480p\Traffic2\Traffic2-Mask.mp4,Data-Processing\Raw-Data\Otsu\M5\480p\Traffic2\Traffic2-Mask.mp4,0.8535,0.0241,0.9002,0.7654,0.0194,0.8018,100
480p,Traffic2,K3,A0.01_,T0.7,M3,Data-Processing\Raw-Data\Param-Sweep\480p\Traffic2\K3\A0.01_\T0.7\M3\Traffic2-Mask.mp4,Data-Processing\Raw-Data\OpenCV\M3\480p\Traffic2\Traffic2-Mask.mp4,Data-Processing\Raw-Data\Otsu\M3\480p\Traffic2\Traffic2-Mask.mp4,0.8323,0.0311,0.8865,0.6322,0.0156,0.6722,100
480p,Traffic2,K3,A0.01_,T0.7,M4,Data-Processing\Raw-Data\Param-Sweep\480p\Traffic2\K3\A0.01_\T0.7\M4\Traffic2-Mask.mp4,Data-Processing\Raw-Data\OpenCV\M4\480p\Traffic2\Traffic2-Mask.mp4,Data-Processing\Raw-Data\Otsu\M4\480p\Traffic2\Traffic2-Mask.mp4,0.8761,0.0172,0.9012,0.7506,0.011,0.7733,100
480p,Traffic2,K3,A0.01_,T0.7,M5,Data-Processing\Raw-Data\Param-Sweep\480p\Traffic2\K3\A0.01_\T0.7\M5\Traffic2-Mask.mp4,Data-Processing\Raw-Data\OpenCV\M5\480p\Traffic2\Traffic2-Mask.mp4,Data-Processing\Raw-Data\Otsu\M5\480p\Traffic2\Traffic2-Mask.mp4,0.8865,0.0171,0.913,0.7929,0.0123,0.8131,100
480p,Traffic2,K3,A0.01_,T0.9,M3,Data-Processing\Raw-Data\Param-Sweep\480p\Traffic2\K3\A0.01_\T0.9\M3\Traffic2-Mask.mp4,Data-Processing\Raw-Data\OpenCV\M3\480p\Traffic2\Traffic2-Mask.mp4,Data-Processing\Raw-Data\Otsu\M3\480p\Traffic2\Traffic2-Mask.mp4,0.8811,0.0204,0.9105,0.6766,0.0056,0.688,100
480p,Traffic2,K3,A0.01_,T0.9,M4,Data-Processing\Raw-Data\Param-Sweep\480p\Traffic2\K3\A0.01_\T0.9\M4\Traffic2-Mask.mp4,Data-Processing\Raw-Data\OpenCV\M4\480p\Traffic2\Traffic2-Mask.mp4,Data-Processing\Raw-Data\Otsu\M4\480p\Traffic2\Traffic2-Mask.mp4,0.8999,0.0153,0.9184,0.7822,0.0025,0.7838,100
480p,Traffic2,K3,A0.01_,T0.9,M5,Data-Processing\Raw-Data\Param-Sweep\480p\Traffic2\K3\A0.01_\T0.9\M5\Traffic2-Mask.mp4,Data-Processing\Raw-Data\OpenCV\M5\480p\Traffic2\Traffic2-Mask.mp4,Data-Processing\Raw-Data\Otsu\M5\480p\Traffic2\Traffic2-Mask.mp4,0.9142,0.0141,0.933,0.8272,0.0026,0.8275,100
480p,Traffic2,K3,A0.1_,T0.5,M3,Data-Processing\Raw-Data\Param-Sweep\480p\Traffic2\K3\A0.1_\T0.5\M3\Traffic2-Mask.mp4,Data-Processing\Raw-Data\OpenCV\M3\480p\Traffic2\Traffic2-Mask.mp4,Data-Processing\Raw-Data\Otsu\M3\480p\Traffic2\Traffic2-Mask.mp4,0.815,0.0209,0.853,0.6486,0.0055,0.6547,100
480p,Traffic2,K3,A0.1_,T0.5,M4,Data-Processing\Raw-Data\Param-Sweep\480p\Traffic2\K3\A0.1_\T0.5\M4\Traffic2-Mask.mp4,Data-Processing\Raw-Data\OpenCV\M4\480p\Traffic2\Traffic2-Mask.mp4,Data-Processing\Raw-Data\Otsu\M4\480p\Traffic2\Traffic2-Mask.mp4,0.8697,0.0161,0.8888,0.7735,0.002,0.773,100
480p,Traffic2,K3,A0.1_,T0.5,M5,Data-Processing\Raw-Data\Param-Sweep\480p\Traffic2\K3\A0.1_\T0.5\M5\Traffic2-Mask.mp4,Data-Processing\Raw-Data\OpenCV\M5\480p\Traffic2\Traffic2-Mask.mp4,Data-Processing\Raw-Data\Otsu\M5\480p\Traffic2\Traffic2-Mask.mp4,0.8786,0.0144,0.8972,0.8184,0.0018,0.8157,100
480p,Traffic2,K3,A0.1_,T0.7,M3,Data-Processing\Raw-Data\Param-Sweep\480p\Traffic2\K3\A0.1_\T0.7\M3\Traffic2-Mask.mp4,Data-Processing\Raw-Data\OpenCV\M3\480p\Traffic2\Traffic2-Mask.mp4,Data-Processing\Raw-Data\Otsu\M3\480p\Traffic2\Traffic2-Mask.mp4,0.8433,0.0203,0.8718,0.674,0.0038,0.6751,100
480p,Traffic2,K3,A0.1_,T0.7,M4,Data-Processing\Raw-Data\Param-Sweep\480p\Traffic2\K3\A0.1_\T0.7\M4\Traffic2-Mask.mp4,Data-Processing\Raw-Data\OpenCV\M4\480p\Traffic2\Traffic2-Mask.mp4,Data-Processing\Raw-Data\Otsu\M4\480p\Traffic2\Traffic2-Mask.mp4,0.8799,0.0162,0.8992,0.7875,0.0015,0.7855,100
480p,Traffic2,K3,A0.1_,T0.7,M5,Data-Processing\Raw-Data\Param-Sweep\480p\Traffic2\K3\A0.1_\T0.7\M5\Traffic2-Mask.mp4,Data-Processing\Raw-Data\OpenCV\M5\480p\Traffic2\Traffic2-Mask.mp4,Data-Processing\Raw-Data\Otsu\M5\480p\Traffic2\Traffic2-Mask.mp4,0.8902,0.0145,0.9107,0.8344,0.0013,0.8317,100
480p,Traffic2,K3,A0.1_,T0.9,M3,Data-Processing\Raw-Data\Param-Sweep\480p\Traffic2\K3\A0.1_\T0.9\M3\Traffic2-Mask.mp4,Data-Processing\Raw-Data\OpenCV\M3\480p\Traffic2\Traffic2-Mask.mp4,Data-Processing\Raw-Data\Otsu\M3\480p\Traffic2\Traffic2-Mask.mp4,0.8675,0.02,0.8877,0.6971,0.0026,0.6967,100
480p,Traffic2,K3,A0.1_,T0.9,M4,Data-Processing\Raw-Data\Param-Sweep\480p\Traffic2\K3\A0.1_\T0.9\M4\Traffic2-Mask.mp4,Data-Processing\Raw-Data\OpenCV\M4\480p\Traffic2\Traffic2-Mask.mp4,Data-Processing\Raw-Data\Otsu\M4\480p\Traffic2\Traffic2-Mask.mp4,0.8873,0.0164,0.9049,0.799,0.0012,0.7964,100
480p,Traffic2,K3,A0.1_,T0.9,M5,Data-Processing\Raw-Data\Param-Sweep\480p\Traffic2\K3\A0.1_\T0.9\M5\Traffic2-Mask.mp4,Data-Processing\Raw-Data\OpenCV\M5\480p\Traffic2\Traffic2-Mask.mp4,Data-Processing\Raw-Data\Otsu\M5\480p\Traffic2\Traffic2-Mask.mp4,0.899,0.0147,0.9132,0.8478,0.001,0.843,100
480p,Traffic2,K4,A0.001_,T0.5,M3,Data-Processing\Raw-Data\Param-Sweep\480p\Traffic2\K4\A0.001_\T0.5\M3\Traffic2-Mask.mp4,Data-Processing\Raw-Data\OpenCV\M3\480p\Traffic2\Traffic2-Mask.mp4,Data-Processing\Raw-Data\Otsu\M3\480p\Traffic2\Traffic2-Mask.mp4,0.3834,0.0424,0.3203,0.3417,0.029,0.327,100
480p,Traffic2,K4,A0.001_,T0.5,M4,Data-Processing\Raw-Data\Param-Sweep\480p\Traffic2\K4\A0.001_\T0.5\M4\Traffic2-Mask.mp4,Data-Processing\Raw-Data\OpenCV\M4\480p\Traffic2\Traffic2-Mask.mp4,Data-Processing\Raw-Data\Otsu\M4\480p\Traffic2\Traffic2-Mask.mp4,0.5345,0.0358,0.4858,0.4952,0.0294,0.4833,100
480p,Traffic2,K4,A0.001_,T0.5,M5,Data-Processing\Raw-Data\Param-Sweep\480p\Traffic2\K4\A0.001_\T0.5\M5\Traffic2-Mask.mp4,Data-Processing\Raw-Data\OpenCV\M5\480p\Traffic2\Traffic2-Mask.mp4,Data-Processing\Raw-Data\Otsu\M5\480p\Traffic2\Traffic2-Mask.mp4,0.5359,0.0362,0.4876,0.5101,0.0326,0.4846,100
480p,Traffic2,K4,A0.001_,T0.7,M3,Data-Processing\Raw-Data\Param-Sweep\480p\Traffic2\K4\A0.001_\T0.7\M3\Traffic2-Mask.mp4,Data-Processing\Raw-Data\OpenCV\M3\480p\Traffic2\Traffic2-Mask.mp4,Data-Processing\Raw-Data\Otsu\M3\480p\Traffic2\Traffic2-Mask.mp4,0.5495,0.0792,0.5602,0.4515,0.0429,0.4949,100
480p,Traffic2,K4,A0.001_,T0.7,M4,Data-Processing\Raw-Data\Param-Sweep\480p\Traffic2\K4\A0.001_\T0.7\M4\Traffic2-Mask.mp4,Data-Processing\Raw-Data\OpenCV\M4\480p\Traffic2\Traffic2-Mask.mp4,Data-Processing\Raw-Data\Otsu\M4\480p\Traffic2\Traffic2-Mask.mp4,0.6702,0.0551,0.7622,0.5968,0.0377,0.677,100
480p,Traffic2,K4,A0.001_,T0.7,M5,Data-Processing\Raw-Data\Param-Sweep\480p\Traffic2\K4\A0.001_\T0.7\M5\Traffic2-Mask.mp4,Data-Processing\Raw-Data\OpenCV\M5\480p\Traffic2\Traffic2-Mask.mp4,Data-Processing\Raw-Data\Otsu\M5\480p\Traffic2\Traffic2-Mask.mp4,0.6735,0.0558,0.7627,0.6231,0.0435,0.7125,100
480p,Traffic2,K4,A0.001_,T0.9,M3,Data-Processing\Raw-Data\Param-Sweep\480p\Traffic2\K4\A0.001_\T0.9\M3\Traffic2-Mask.mp4,Data-Processing\Raw-Data\OpenCV\M3\480p\Traffic2\Traffic2-Mask.mp4,Data-Processing\Raw-Data\Otsu\M3\480p\Traffic2\Traffic2-Mask.mp4,0.7527,0.0564,0.8566,0.583,0.0296,0.6534,100
480p,Traffic2,K4,A0.001_,T0.9,M4,Data-Processing\Raw-Data\Param-Sweep\480p\Traffic2\K4\A0.001_\T0.9\M4\Traffic2-Mask.mp4,Data-Processing\Raw-Data\OpenCV\M4\480p\Traffic2\Traffic2-Mask.mp4,Data-Processing\Raw-Data\Otsu\M4\480p\Traffic2\Traffic2-Mask.mp4,0.824,0.0322,0.8835,0.7119,0.0216,0.7575,100
480p,Traffic2,K4,A0.001_,T0.9,M5,Data-Processing\Raw-Data\Param-Sweep\480p\Traffic2\K4\A0.001_\T0.9\M5\Traffic2-Mask.mp4,Data-Processing\Raw-Data\OpenCV\M5\480p\Traffic2\Traffic2-Mask.mp4,Data-Processing\Raw-Data\Otsu\M5\480p\Traffic2\Traffic2-Mask.mp4,0.8312,0.0328,0.8953,0.7495,0.0251,0.8026,100
480p,Traffic2,K4,A0.01_,T0.5,M3,Data-Processing\Raw-Data\Param-Sweep\480p\Traffic2\K4\A0.01_\T0.5\M3\Traffic2-Mask.mp4,Data-Processing\Raw-Data\OpenCV\M3\480p\Traffic2\Traffic2-Mask.mp4,Data-Processing\Raw-Data\Otsu\M3\480p\Traffic2\Traffic2-Mask.mp4,0.8082,0.0382,0.8773,0.6136,0.0208,0.666,100
480p,Traffic2,K4,A0.01_,T0.5,M4,Data-Processing\Raw-Data\Param-Sweep\480p\Traffic2\K4\A0.01_\T0.5\M4\Traffic2-Mask.mp4,Data-Processing\Raw-Data\OpenCV\M4\480p\Traffic2\Traffic2-Mask.mp4,Data-Processing\Raw-Data\Otsu\M4\480p\Traffic2\Traffic2-Mask.mp4,0.8583,0.0213,0.8956,0.735,0.015,0.7689,100
480p,Traffic2,K4,A0.01_,T0.5,M5,Data-Processing\Raw-Data\Param-Sweep\480p\Traffic2\K4\A0.01_\T0.5\M5\Traffic2-Mask.mp4,Data-Processing\Raw-Data\OpenCV\M5\480p\Traffic2\Traffic2-Mask.mp4,Data-Processing\Raw-Data\Otsu\M5\480p\Traffic2\Traffic2-Mask.mp4,0.8669,0.0216,0.9072,0.7753,0.0169,0.8074,100
480p,Traffic2,K4,A0.01_,T0.7,M3,Data-Processing\Raw-Data\Param-Sweep\480p\Traffic2\K4\A0.01_\T0.7\M3\Traffic2-Mask.mp4,Data-Processing\Raw-Data\OpenCV\M3\480p\Traffic2\Traffic2-Mask.mp4,Data-Processing\Raw-Data\Otsu\M3\480p\Traffic2\Traffic2-Mask.mp4,0.8482,0.0285,0.8953,0.6431,0.0138,0.677,100
480p,Traffic2,K4,A0.01_,T0.7,M4,Data-Processing\Raw-Data\Param-Sweep\480p\Traffic2\K4\A0.01_\T0.7\M4\Traffic2-Mask.mp4,Data-Processing\Raw-Data\OpenCV\M4\480p\Traffic2\Traffic2-Mask.mp4,Data-Processing\Raw-Data\Otsu\M4\480p\Traffic2\Traffic2-Mask.mp4,0.8853,0.0167,0.9118,0.7574,0.0101,0.7768,100
480p,Traffic2,K4,A0.01_,T0.7,M5,Data-Processing\Raw-Data\Param-Sweep\480p\Traffic2\K4\A0.01_\T0.7\M5\Traffic2-Mask.mp4,Data-Processing\Raw-Data\OpenCV\M5\480p\Traffic2\Traffic2-Mask.mp4,Data-Processing\Raw-Data\Otsu\M5\480p\Traffic2\Traffic2-Mask.mp4,0.8972,0.0164,0.9258,0.8006,0.0113,0.8206,100
480p,Traffic2,K4,A0.01_,T0.9,M3,Data-Processing\Raw-Data\Param-Sweep\480p\Traffic2\K4\A0.01_\T0.9\M3\Traffic2-Mask.mp4,Data-Processing\Raw-Data\OpenCV\M3\480p\Traffic2\Traffic2-Mask.mp4,Data-Processing\Raw-Data\Otsu\M3\480p\Traffic2\Traffic2-Mask.mp4,0.8894,0.0202,0.9156,0.6858,0.0042,0.6934,100
480p,Traffic2,K4,A0.01_,T0.9,M4,Data-Processing\Raw-Data\Param-Sweep\480p\Traffic2\K4\A0.01_\T0.9\M4\Traffic2-Mask.mp4,Data-Processing\Raw-Data\OpenCV\M4\480p\Traffic2\Traffic2-Mask.mp4,Data-Processing\Raw-Data\Otsu\M4\480p\Traffic2\Traffic2-Mask.mp4,0.9007,0.0157,0.9217,0.7875,0.0019,0.7884,100
480p,Traffic2,K4,A0.01_,T0.9,M5,Data-Processing\Raw-Data\Param-Sweep\480p\Traffic2\K4\A0.01_\T0.9\M5\Traffic2-Mask.mp4,Data-Processing\Raw-Data\OpenCV\M5\480p\Traffic2\Traffic2-Mask.mp4,Data-Processing\Raw-Data\Otsu\M5\480p\Traffic2\Traffic2-Mask.mp4,0.9169,0.0143,0.9381,0.834,0.0019,0.8341,100
480p,Traffic2,K4,A0.1_,T0.5,M3,Data-Processing\Raw-Data\Param-Sweep\480p\Traffic2\K4\A0.1_\T0.5\M3\Traffic2-Mask.mp4,Data-Processing\Raw-Data\OpenCV\M3\480p\Traffic2\Traffic2-Mask.mp4,Data-Processing\Raw-Data\Otsu\M3\480p\Traffic2\Traffic2-Mask.mp4,0.8138,0.0209,0.8504,0.6511,0.0055,0.6557,100
480p,Traffic2,K4,A0.1_,T0.5,M4,Data-Processing\Raw-Data\Param-Sweep\480p\Traffic2\K4\A0.1_\T0.5\M4\Traffic2-Mask.mp4,Data-Processing\Raw-Data\OpenCV\M4\480p\Traffic2\Traffic2-Mask.mp4,Data-Processing\Raw-Data\Otsu\M4\480p\Traffic2\Traffic2-Mask.mp4,0.8683,0.0161,0.8889,0.7764,0.002,0.7748,100
480p,Traffic2,K4,A0.1_,T0.5,M5,Data-Processing\Raw-Data\Param-Sweep\480p\Traffic2\K4\A0.1_\T0.5\M5\Traffic2-Mask.mp4,Data-Processing\Raw-Data\OpenCV\M5\480p\Traffic2\Traffic2-Mask.mp4,Data-Processing\Raw-Data\Otsu\M5\480p\Traffic2\Traffic2-Mask.mp4,0.8777,0.0144,0.8987,0.8223,0.0017,0.82,100
480p,Traffic2,K4,A0.1_,T0.7,M3,Data-Processing\Raw-Data\Param-Sweep\480p\Traffic2\K4\A0.1_\T0.7\M3\Traffic2-Mask.mp4,Data-Processing\Raw-Data\OpenCV\M3\480p\Traffic2\Traffic2-Mask.mp4,Data-Processing\Raw-Data\Otsu\M3\480p\Traffic2\Traffic2-Mask.mp4,0.8425,0.0203,0.8728,0.6779,0.0038,0.6778,100
480p,Traffic2,K4,A0.1_,T0.7,M4,Data-Processing\Raw-Data\Param-Sweep\480p\Traffic2\K4\A0.1_\T0.7\M4\Traffic2-Mask.mp4,Data-Processing\Raw-Data\OpenCV\M4\480p\Traffic2\Traffic2-Mask.mp4,Data-Processing\Raw-Data\Otsu\M4\480p\Traffic2\Traffic2-Mask.mp4,0.8792,0.0162,0.8996,0.7913,0.0015,0.7901,100
480p,Traffic2,K4,A0.1_,T0.7,M5,Data-Processing\Raw-Data\Param-Sweep\480p\Traffic2\K4\A0.1_\T0.7\M5\Traffic2-Mask.mp4,Data-Processing\Raw-Data\OpenCV\M5\480p\Traffic2\Traffic2-Mask.mp4,Data-Processing\Raw-Data\Otsu\M5\480p\Traffic2\Traffic2-Mask.mp4,0.8901,0.0146,0.9103,0.8395,0.0012,0.835,100
480p,Traffic2,K4,A0.1_,T0.9,M3,Data-Processing\Raw-Data\Param-Sweep\480p\Traffic2\K4\A0.1_\T0.9\M3\Traffic2-Mask.mp4,Data-Processing\Raw-Data\OpenCV\M3\480p\Traffic2\Traffic2-Mask.mp4,Data-Processing\Raw-Data\Otsu\M3\480p\Traffic2\Traffic2-Mask.mp4,0.8683,0.0198,0.887,0.7,0.0024,0.7001,100
480p,Traffic2,K4,A0.1_,T0.9,M4,Data-Processing\Raw-Data\Param-Sweep\480p\Traffic2\K4\A0.1_\T0.9\M4\Traffic2-Mask.mp4,Data-Processing\Raw-Data\OpenCV\M4\480p\Traffic2\Traffic2-Mask.mp4,Data-Processing\Raw-Data\Otsu\M4\480p\Traffic2\Traffic2-Mask.mp4,0.887,0.0163,0.9045,0.8005,0.0012,0.7981,100
480p,Traffic2,K4,A0.1_,T0.9,M5,Data-Processing\Raw-Data\Param-Sweep\480p\Traffic2\K4\A0.1_\T0.9\M5\Traffic2-Mask.mp4,Data-Processing\Raw-Data\OpenCV\M5\480p\Traffic2\Traffic2-Mask.mp4,Data-Processing\Raw-Data\Otsu\M5\480p\Traffic2\Traffic2-Mask.mp4,0.8992,0.0147,0.9137,0.85,0.001,0.8462,100
120p,Traffic2,K2,A0.001_,T0.5,M3,Data-Processing\Raw-Data\Param-Sweep\120p\Traffic2\K2\A0.001_\T0.5\M3\Traffic2-Mask.mp4,Data-Processing\Raw-Data\OpenCV\M3\120p\Traffic2\Traffic2-Mask.mp4,Data-Processing\Raw-Data\Otsu\M3\120p\Traffic2\Traffic2-Mask.mp4,0.2261,0.0232,0.2786,0.2193,0.0254,0.2651,250
120p,Traffic2,K2,A0.001_,T0.5,M4,Data-Processing\Raw-Data\Param-Sweep\120p\Traffic2\K2\A0.001_\T0.5\M4\Traffic2-Mask.mp4,Data-Processing\Raw-Data\OpenCV\M4\120p\Traffic2\Traffic2-Mask.mp4,Data-Processing\Raw-Data\Otsu\M4\120p\Traffic2\Traffic2-Mask.mp4,0.4949,0.0467,0.5954,0.4879,0.0496,0.5907,250
120p,Traffic2,K2,A0.001_,T0.5,M5,Data-Processing\Raw-Data\Param-Sweep\120p\Traffic2\K2\A0.001_\T0.5\M5\Traffic2-Mask.mp4,Data-Processing\Raw-Data\OpenCV\M5\120p\Traffic2\Traffic2-Mask.mp4,Data-Processing\Raw-Data\Otsu\M5\120p\Traffic2\Traffic2-Mask.mp4,0.5011,0.0487,0.6078,0.4906,0.0504,0.5922,250
120p,Traffic2,K2,A0.001_,T0.7,M3,Data-Processing\Raw-Data\Param-Sweep\120p\Traffic2\K2\A0.001_\T0.7\M3\Traffic2-Mask.mp4,Data-Processing\Raw-Data\OpenCV\M3\120p\Traffic2\Traffic2-Mask.mp4,Data-Processing\Raw-Data\Otsu\M3\120p\Traffic2\Traffic2-Mask.mp4,0.2744,0.0399,0.2843,0.2641,0.0399,0.2738,250
120p,Traffic2,K2,A0.001_,T0.7,M4,Data-Processing\Raw-Data\Param-Sweep\120p\Traffic2\K2\A0.001_\T0.7\M4\Traffic2-Mask.mp4,Data-Processing\Raw-Data\OpenCV\M4\120p\Traffic2\Traffic2-Mask.mp4,Data-Processing\Raw-Data\Otsu\M4\120p\Traffic2\Traffic2-Mask.mp4,0.5343,0.0612,0.6014,0.5258,0.0629,0.5965,250
120p,Traffic2,K2,A0.001_,T0.7,M5,Data-Processing\Raw-Data\Param-Sweep\120p\Traffic2\K2\A0.001_\T0.7\M5\Traffic2-Mask.mp4,Data-Processing\Raw-Data\OpenCV\M5\120p\Traffic2\Traffic2-Mask.mp4,Data-Processing\Raw-Data\Otsu\M5\120p\Traffic2\Traffic2-Mask.mp4,0.5406,0.0635,0.6156,0.5295,0.0645,0.601,250
120p,Traffic2,K2,A0.001_,T0.9,M3,Data-Processing\Raw-Data\Param-Sweep\120p\Traffic2\K2\A0.001_\T0.9\M3\Traffic2-Mask.mp4,Data-Processing\Raw-Data\OpenCV\M3\120p\Traffic2\Traffic2-Mask.mp4,Data-Processing\Raw-Data\Otsu\M3\120p\Traffic2\Traffic2-Mask.mp4,0.4861,0.0614,0.5086,0.4455,0.054,0.4736,250
120p,Traffic2,K2,A0.001_,T0.9,M4,Data-Processing\Raw-Data\Param-Sweep\120p\Traffic2\K2\A0.001_\T0.9\M4\Traffic2-Mask.mp4,Data-Processing\Raw-Data\OpenCV\M4\120p\Traffic2\Traffic2-Mask.mp4,Data-Processing\Raw-Data\Otsu\M4\120p\Traffic2\Traffic2-Mask.mp4,0.6465,0.0539,0.7134,0.6312,0.0554,0.706,250
120p,Traffic2,K2,A0.001_,T0.9,M5,Data-Processing\Raw-Data\Param-Sweep\120p\Traffic2\K2\A0.001_\T0.9\M5\Traffic2-Mask.mp4,Data-Processing\Raw-Data\OpenCV\M5\120p\Traffic2\Traffic2-Mask.mp4,Data-Processing\Raw-Data\Otsu\M5\120p\Traffic2\Traffic2-Mask.mp4,0.6535,0.0563,0.7195,0.6393,0.0579,0.7106,250
120p,Traffic2,K2,A0.01_,T0.5,M3,Data-Processing\Raw-Data\Param-Sweep\120p\Traffic2\K2\A0.01_\T0.5\M3\Traffic2-Mask.mp4,Data-Processing\Raw-Data\OpenCV\M3\120p\Traffic2\Traffic2-Mask.mp4,Data-Processing\Raw-Data\Otsu\M3\120p\Traffic2\Traffic2-Mask.mp4,0.6953,0.0501,0.7759,0.6186,0.0458,0.6926,250
120p,Traffic2,K2,A0.01_,T0.5,M4,Data-Processing\Raw-Data\Param-Sweep\120p\Traffic2\K2\A0.01_\T0.5\M4\Traffic2-Mask.mp4,Data-Processing\Raw-Data\OpenCV\M4\120p\Traffic2\Traffic2-Mask.mp4,Data-Processing\Raw-Data\Otsu\M4\120p\Traffic2\Traffic2-Mask.mp4,0.7803,0.0351,0.8288,0.7517,0.0386,0.7974,250
120p,Traffic2,K2,A0.01_,T0.5,M5,Data-Processing\Raw-Data\Param-Sweep\120p\Traffic2\K2\A0.01_\T0.5\M5\Traffic2-Mask.mp4,Data-Processing\Raw-Data\OpenCV\M5\120p\Traffic2\Traffic2-Mask.mp4,Data-Processing\Raw-Data\Otsu\M5\120p\Traffic2\Traffic2-Mask.mp4,0.7944,0.0371,0.8446,0.7712,0.0413,0.8183,250
120p,Traffic2,K2,A0.01_,T0.7,M3,Data-Processing\Raw-Data\Param-Sweep\120p\Traffic2\K2\A0.01_\T0.7\M3\Traffic2-Mask.mp4,Data-Processing\Raw-Data\OpenCV\M3\120p\Traffic2\Traffic2-Mask.mp4,Data-Processing\Raw-Data\Otsu\M3\120p\Traffic2\Traffic2-Mask.mp4,0.7476,0.0344,0.8022,0.6626,0.0339,0.7032,250
120p,Traffic2,K2,A0.01_,T0.7,M4,Data-Processing\Raw-Data\Param-Sweep\120p\Traffic2\K2\A0.01_\T0.7\M4\Traffic2-Mask.mp4,Data-Processing\Raw-Data\OpenCV\M4\120p\Traffic2\Traffic2-Mask.mp4,Data-Processing\Raw-Data\Otsu\M4\120p\Traffic2\Traffic2-Mask.mp4,0.8084,0.0225,0.8429,0.7771,0.0267,0.8086,250
120p,Traffic2,K2,A0.01_,T0.7,M5,Data-Processing\Raw-Data\Param-Sweep\120p\Traffic2\K2\A0.01_\T0.7\M5\Traffic2-Mask.mp4,Data-Processing\Raw-Data\OpenCV\M5\120p\Traffic2\Traffic2-Mask.mp4,Data-Processing\Raw-Data\Otsu\M5\120p\Traffic2\Traffic2-Mask.mp4,0.8234,0.0237,0.8601,0.7974,0.0287,0.8315,250
120p,Traffic2,K2,A0.01_,T0.9,M3,Data-Processing\Raw-Data\Param-Sweep\120p\Traffic2\K2\A0.01_\T0.9\M3\Traffic2-Mask.mp4,Data-Processing\Raw-Data\OpenCV\M3\120p\Traffic2\Traffic2-Mask.mp4,Data-Processing\Raw-Data\Otsu\M3\120p\Traffic2\Traffic2-Mask.mp4,0.8202,0.02,0.8465,0.7315,0.0135,0.7471,250
120p,Traffic2,K2,A0.01_,T0.9,M4,Data-Processing\Raw-Data\Param-Sweep\120p\Traffic2\K2\A0.01_\T0.9\M4\Traffic2-Mask.mp4,Data-Processing\Raw-Data\OpenCV\M4\120p\Traffic2\Traffic2-Mask.mp4,Data-Processing\Raw-Data\Otsu\M4\120p\Traffic2\Traffic2-Mask.mp4,0.852,0.0143,0.8693,0.8262,0.0105,0.8361,250
120p,Traffic2,K2,A0.01_,T0.9,M5,Data-Processing\Raw-Data\Param-Sweep\120p\Traffic2\K2\A0.01_\T0.9\M5\Traffic2-Mask.mp4,Data-Processing\Raw-Data\OpenCV\M5\120p\Traffic2\Traffic2-Mask.mp4,Data-Processing\Raw-Data\Otsu\M5\120p\Traffic2\Traffic2-Mask.mp4,0.8708,0.0135,0.8902,0.8478,0.0114,0.8563,250
120p,Traffic2,K2,A0.1_,T0.5,M3,Data-Processing\Raw-Data\Param-Sweep\120p\Traffic2\K2\A0.1_\T0.5\M3\Traffic2-Mask.mp4,Data-Processing\Raw-Data\OpenCV\M3\120p\Traffic2\Traffic2-Mask.mp4,Data-Processing\Raw-Data\Otsu\M3\120p\Traffic2\Traffic2-Mask.mp4,0.7716,0.0318,0.8196,0.7059,0.0157,0.7251,250
120p,Traffic2,K2,A0.1_,T0.5,M4,Data-Processing\Raw-Data\Param-Sweep\120p\Traffic2\K2\A0.1_\T0.5\M4\Traffic2-Mask.mp4,Data-Processing\Raw-Data\OpenCV\M4\120p\Traffic2\Traffic2-Mask.mp4,Data-Processing\Raw-Data\Otsu\M4\120p\Traffic2\Traffic2-Mask.mp4,0.8279,0.0239,0.8669,0.8181,0.0122,0.8338,250
120p,Traffic2,K2,A0.1_,T0.5,M5,Data-Processing\Raw-Data\Param-Sweep\120p\Traffic2\K2\A0.1_\T0.5\M5\Traffic2-Mask.mp4,Data-Processing\Raw-Data\OpenCV\M5\120p\Traffic2\Traffic2-Mask.mp4,Data-Processing\Raw-Data\Otsu\M5\120p\Traffic2\Traffic2-Mask.mp4,0.8473,0.0218,0.8888,0.8456,0.0128,0.8666,250
120p,Traffic2,K2,A0.1_,T0.7,M3,Data-Processing\Raw-Data\Param-Sweep\120p\Traffic2\K2\A0.1_\T0.7\M3\Traffic2-Mask.mp4,Data-Processing\Raw-Data\OpenCV\M3\120p\Traffic2\Traffic2-Mask.mp4,Data-Processing\Raw-Data\Otsu\M3\120p\Traffic2\Traffic2-Mask.mp4,0.8115,0.0241,0.8415,0.7443,0.0079,0.7504,250
120p,Traffic2,K2,A0.1_,T0.7,M4,Data-Processing\Raw-Data\Param-Sweep\120p\Traffic2\K2\A0.1_\T0.7\M4\Traffic2-Mask.mp4,Data-Processing\Raw-Data\OpenCV\M4\120p\Traffic2\Traffic2-Mask.mp4,Data-Processing\Raw-Data\Otsu\M4\120p\Traffic2\Traffic2-Mask.mp4,0.8559,0.0191,0.8828,0.8488,0.0064,0.8552,250
120p,Traffic2,K2,A0.1_,T0.7,M5,Data-Processing\Raw-Data\Param-Sweep\120p\Traffic2\K2\A0.1_\T0.7\M5\Traffic2-Mask.mp4,Data-Processing\Raw-Data\OpenCV\M5\120p\Traffic2\Traffic2-Mask.mp4,Data-Processing\Raw-Data\Otsu\M5\120p\Traffic2\Traffic2-Mask.mp4,0.8775,0.0166,0.9064,0.8789,0.0065,0.888,250
120p,Traffic2,K2,A0.1_,T0.9,M3,Data-Processing\Raw-Data\Param-Sweep\120p\Traffic2\K2\A0.1_\T0.9\M3\Traffic2-Mask.mp4,Data-Processing\Raw-Data\OpenCV\M3\120p\Traffic2\Traffic2-Mask.mp4,Data-Processing\Raw-Data\Otsu\M3\120p\Traffic2\Traffic2-Mask.mp4,0.8416,0.0211,0.8625,0.783,0.0039,0.7843,250
120p,Traffic2,K2,A0.1_,T0.9,M4,Data-Processing\Raw-Data\Param-Sweep\120p\Traffic2\K2\A0.1_\T0.9\M4\Traffic2-Mask.mp4,Data-Processing\Raw-Data\OpenCV\M4\120p\Traffic2\Traffic2-Mask.mp4,Data-Processing\Raw-Data\Otsu\M4\120p\Traffic2\Traffic2-Mask.mp4,0.8788,0.0167,0.9,0.8815,0.0029,0.8813,250
120p,Traffic2,K2,A0.1_,T0.9,M5,Data-Processing\Raw-Data\Param-Sweep\120p\Traffic2\K2\A0.1_\T0.9\M5\Traffic2-Mask.mp4,Data-Processing\Raw-Data\OpenCV\M5\120p\Traffic2\Traffic2-Mask.mp4,Data-Processing\Raw-Data\Otsu\M5\120p\Traffic2\Traffic2-Mask.mp4,0.9041,0.0144,0.927,0.9198,0.0029,0.9241,250
120p,Traffic2,K3,A0.001_,T0.5,M3,Data-Processing\Raw-Data\Param-Sweep\120p\Traffic2\K3\A0.001_\T0.5\M3\Traffic2-Mask.mp4,Data-Processing\Raw-Data\OpenCV\M3\120p\Traffic2\Traffic2-Mask.mp4,Data-Processing\Raw-Data\Otsu\M3\120p\Traffic2\Traffic2-Mask.mp4,0.3367,0.0437,0.2928,0.3133,0.0419,0.2836,250
120p,Traffic2,K3,A0.001_,T0.5,M4,Data-Processing\Raw-Data\Param-Sweep\120p\Traffic2\K3\A0.001_\T0.5\M4\Traffic2-Mask.mp4,Data-Processing\Raw-Data\OpenCV\M4\120p\Traffic2\Traffic2-Mask.mp4,Data-Processing\Raw-Data\Otsu\M4\120p\Traffic2\Traffic2-Mask.mp4,0.5542,0.0378,0.6104,0.546,0.0408,0.6064,250
120p,Traffic2,K3,A0.001_,T0.5,M5,Data-Processing\Raw-Data\Param-Sweep\120p\Traffic2\K3\A0.001_\T0.5\M5\Traffic2-Mask.mp4,Data-Processing\Raw-Data\OpenCV\M5\120p\Traffic2\Traffic2-Mask.mp4,Data-Processing\Raw-Data\Otsu\M5\120p\Traffic2\Traffic2-Mask.mp4,0.561,0.0393,0.6241,0.5507,0.0415,0.6095,250
120p,Traffic2,K3,A0.001_,T0.7,M3,Data-Processing\Raw-Data\Param-Sweep\120p\Traffic2\K3\A0.001_\T0.7\M3\Traffic2-Mask.mp4,Data-Processing\Raw-Data\OpenCV\M3\120p\Traffic2\Traffic2-Mask.mp4,Data-Processing\Raw-Data\Otsu\M3\120p\Traffic2\Traffic2-Mask.mp4,0.4792,0.0787,0.4478,0.4351,0.0678,0.3929,250
120p,Traffic2,K3,A0.001_,T0.7,M4,Data-Processing\Raw-Data\Param-Sweep\120p\Traffic2\K3\A0.001_\T0.7\M4\Traffic2-Mask.mp4,Data-Processing\Raw-Data\OpenCV\M4\120p\Traffic2\Traffic2-Mask.mp4,Data-Processing\Raw-Data\Otsu\M4\120p\Traffic2\Traffic2-Mask.mp4,0.6336,0.05,0.6418,0.6205,0.0514,0.6321,250
120p,Traffic2,K3,A0.001_,T0.7,M5,Data-Processing\Raw-Data\Param-Sweep\120p\Traffic2\K3\A0.001_\T0.7\M5\Traffic2-Mask.mp4,Data-Processing\Raw-Data\OpenCV\M5\120p\Traffic2\Traffic2-Mask.mp4,Data-Processing\Raw-Data\Otsu\M5\120p\Traffic2\Traffic2-Mask.mp4,0.6434,0.0519,0.6504,0.6318,0.0538,0.6456,250
120p,Traffic2,K3,A0.001_,T0.9,M3,Data-Processing\Raw-Data\Param-Sweep\120p\Traffic2\K3\A0.001_\T0.9\M3\Traffic2-Mask.mp4,Data-Processing\Raw-Data\OpenCV\M3\120p\Traffic2\Traffic2-Mask.mp4,Data-Processing\Raw-Data\Otsu\M3\120p\Traffic2\Traffic2-Mask.mp4,0.6688,0.0675,0.7494,0.5954,0.0571,0.6854,250
120p,Traffic2,K3,A0.001_,T0.9,M4,Data-Processing\Raw-Data\Param-Sweep\120p\Traffic2\K3\A0.001_\T0.9\M4\Traffic2-Mask.mp4,Data-Processing\Raw-Data\OpenCV\M4\120p\Traffic2\Traffic2-Mask.mp4,Data-Processing\Raw-Data\Otsu\M4\120p\Traffic2\Traffic2-Mask.mp4,0.7606,0.0358,0.7984,0.7382,0.0371,0.7749,250
120p,Traffic2,K3,A0.001_,T0.9,M5,Data-Processing\Raw-Data\Param-Sweep\120p\Traffic2\K3\A0.001_\T0.9\M5\Traffic2-Mask.mp4,Data-Processing\Raw-Data\OpenCV\M5\120p\Traffic2\Traffic2-Mask.mp4,Data-Processing\Raw-Data\Otsu\M5\120p\Traffic2\Traffic2-Mask.mp4,0.7767,0.0373,0.8122,0.757,0.0402,0.7967,250
120p,Traffic2,K3,A0.01_,T0.5,M3,Data-Processing\Raw-Data\Param-Sweep\120p\Traffic2\K3\A0.01_\T0.5\M3\Traffic2-Mask.mp4,Data-Processing\Raw-Data\OpenCV\M3\120p\Traffic2\Traffic2-Mask.mp4,Data-Processing\Raw-Data\Otsu\M3\120p\Traffic2\Traffic2-Mask.mp4,0.7561,0.0408,0.8276,0.664,0.038,0.7349,250
120p,Traffic2,K3,A0.01_,T0.5,M4,Data-Processing\Raw-Data\Param-Sweep\120p\Traffic2\K3\A0.01_\T0.5\M4\Traffic2-Mask.mp4,Data-Processing\Raw-Data\OpenCV\M4\120p\Traffic2\Traffic2-Mask.mp4,Data-Processing\Raw-Data\Otsu\M4\120p\Traffic2\Traffic2-Mask.mp4,0.8187,0.0246,0.8567,0.7866,0.0285,0.8281,250
120p,Traffic2,K3,A0.01_,T0.5,M5,Data-Processing\Raw-Data\Param-Sweep\120p\Traffic2\K3\A0.01_\T0.5\M5\Traffic2-Mask.mp4,Data-Processing\Raw-Data\OpenCV\M5\120p\Traffic2\Traffic2-Mask.mp4,Data-Processing\Raw-Data\Otsu\M5\120p\Traffic2\Traffic2-Mask.mp4,0.8392,0.0261,0.883,0.8103,0.0308,0.8543,250
120p,Traffic2,K3,A0.01_,T0.7,M3,Data-Processing\Raw-Data\Param-Sweep\120p\Traffic2\K3\A0.01_\T0.7\M3\Traffic2-Mask.mp4,Data-Processing\Raw-Data\OpenCV\M3\120p\Traffic2\Traffic2-Mask.mp4,Data-Processing\Raw-Data\Otsu\M3\120p\Traffic2\Traffic2-Mask.mp4,0.81,0.0268,0.8565,0.7083,0.0265,0.7558,250
120p,Traffic2,K3,A0.01_,T0.7,M4,Data-Processing\Raw-Data\Param-Sweep\120p\Traffic2\K3\A0.01_\T0.7\M4\Traffic2-Mask.mp4,Data-Processing\Raw-Data\OpenCV\M4\120p\Traffic2\Traffic2-Mask.mp4,Data-Processing\Raw-Data\Otsu\M4\120p\Traffic2\Traffic2-Mask.mp4,0.8459,0.017,0.872,0.8122,0.0196,0.8413,250
120p,Traffic2,K3,A0.01_,T0.7,M5,Data-Processing\Raw-Data\Param-Sweep\120p\Traffic2\K3\A0.01_\T0.7\M5\Traffic2-Mask.mp4,Data-Processing\Raw-Data\OpenCV\M5\120p\Traffic2\Traffic2-Mask.mp4,Data-Processing\Raw-Data\Otsu\M5\120p\Traffic2\Traffic2-Mask.mp4,0.8706,0.0174,0.9023,0.8376,0.0213,0.8657,250
120p,Traffic2,K3,A0.01_,T0.9,M3,Data-Processing\Raw-Data\Param-Sweep\120p\Traffic2\K3\A0.01_\T0.9\M3\Traffic2-Mask.mp4,Data-Processing\Raw-Data\OpenCV\M3\120p\Traffic2\Traffic2-Mask.mp4,Data-Processing\Raw-Data\Otsu\M3\120p\Traffic2\Traffic2-Mask.mp4,0.8599,0.0191,0.8868,0.7614,0.011,0.7736,250
120p,Traffic2,K3,A0.01_,T0.9,M4,Data-Processing\Raw-Data\Param-Sweep\120p\Traffic2\K3\A0.01_\T0.9\M4\Traffic2-Mask.mp4,Data-Processing\Raw-Data\OpenCV\M4\120p\Traffic2\Traffic2-Mask.mp4,Data-Processing\Raw-Data\Otsu\M4\120p\Traffic2\Traffic2-Mask.mp4,0.874,0.0135,0.8913,0.8509,0.0071,0.8567,250
120p,Traffic2,K3,A0.01_,T0.9,M5,Data-Processing\Raw-Data\Param-Sweep\120p\Traffic2\K3\A0.01_\T0.9\M5\Traffic2-Mask.mp4,Data-Processing\Raw-Data\OpenCV\M5\120p\Traffic2\Traffic2-Mask.mp4,Data-Processing\Raw-Data\Otsu\M5\120p\Traffic2\Traffic2-Mask.mp4,0.9045,0.0122,0.9247,0.8795,0.0075,0.8871,250
120p,Traffic2,K3,A0.1_,T0.5,M3,Data-Processing\Raw-Data\Param-Sweep\120p\Traffic2\K3\A0.1_\T0.5\M3\Traffic2-Mask.mp4,Data-Processing\Raw-Data\OpenCV\M3\120p\Traffic2\Traffic2-Mask.mp4,Data-Processing\Raw-Data\Otsu\M3\120p\Traffic2\Traffic2-Mask.mp4,0.7807,0.0321,0.8287,0.7187,0.0154,0.7389,250
120p,Traffic2,K3,A0.1_,T0.5,M4,Data-Processing\Raw-Data\Param-Sweep\120p\Traffic2\K3\A0.1_\T0.5\M4\Traffic2-Mask.mp4,Data-Processing\Raw-Data\OpenCV\M4\120p\Traffic2\Traffic2-Mask.mp4,Data-Processing\Raw-Data\Otsu\M4\120p\Traffic2\Traffic2-Mask.mp4,0.8388,0.024,0.8787,0.8343,0.0116,0.8518,250
120p,Traffic2,K3,A0.1_,T0.5,M5,Data-Processing\Raw-Data\Param-Sweep\120p\Traffic2\K3\A0.1_\T0.5\M5\Traffic2-Mask.mp4,Data-Processing\Raw-Data\OpenCV\M5\120p\Traffic2\Traffic2-Mask.mp4,Data-Processing\Raw-Data\Otsu\M5\120p\Traffic2\Traffic2-Mask.mp4,0.8606,0.0219,0.8992,0.8657,0.0121,0.8868,250
120p,Traffic2,K3,A0.1_,T0.7,M3,Data-Processing\Raw-Data\Param-Sweep\120p\Traffic2\K3\A0.1_\T0.7\M3\Traffic2-Mask.mp4,Data-Processing\Raw-Data\OpenCV\M3\120p\Traffic2\Traffic2-Mask.mp4,Data-Processing\Raw-Data\Otsu\M3\120p\Traffic2\Traffic2-Mask.mp4,0.8165,0.0242,0.8445,0.7565,0.0078,0.7658,250
120p,Traffic2,K3,A0.1_,T0.7,M4,Data-Processing\Raw-Data\Param-Sweep\120p\Traffic2\K3\A0.1_\T0.7\M4\Traffic2-Mask.mp4,Data-Processing\Raw-Data\OpenCV\M4\120p\Traffic2\Traffic2-Mask.mp4,Data-Processing\Raw-Data\Otsu\M4\120p\Traffic2\Traffic2-Mask.mp4,0.8638,0.0195,0.8915,0.8631,0.0063,0.8717,250
120p,Traffic2,K3,A0.1_,T0.7,M5,Data-Processing\Raw-Data\Param-Sweep\120p\Traffic2\K3\A0.1_\T0.7\M5\Traffic2-Mask.mp4,Data-Processing\Raw-Data\OpenCV\M5\120p\Traffic2\Traffic2-Mask.mp4,Data-Processing\Raw-Data\Otsu\M5\120p\Traffic2\Traffic2-Mask.mp4,0.8879,0.0171,0.917,0.8992,0.0064,0.9083,250
120p,Traffic2,K3,A0.1_,T0.9,M3,Data-Processing\Raw-Data\Param-Sweep\120p\Traffic2\K3\A0.1_\T0.9\M3\Traffic2-Mask.mp4,Data-Processing\Raw-Data\OpenCV\M3\120p\Traffic2\Traffic2-Mask.mp4,Data-Processing\Raw-Data\Otsu\M3\120p\Traffic2\Traffic2-Mask.mp4,0.8436,0.021,0.8646,0.7878,0.0038,0.7895,250
120p,Traffic2,K3,A0.1_,T0.9,M4,Data-Processing\Raw-Data\Param-Sweep\120p\Traffic2\K3\A0.1_\T0.9\M4\Traffic2-Mask.mp4,Data-Processing\Raw-Data\OpenCV\M4\120p\Traffic2\Traffic2-Mask.mp4,Data-Processing\Raw-Data\Otsu\M4\120p\Traffic2\Traffic2-Mask.mp4,0.8799,0.0164,0.9002,0.8842,0.0025,0.8862,250
120p,Traffic2,K3,A0.1_,T0.9,M5,Data-Processing\Raw-Data\Param-Sweep\120p\Traffic2\K3\A0.1_\T0.9\M5\Traffic2-Mask.mp4,Data-Processing\Raw-Data\OpenCV\M5\120p\Traffic2\Traffic2-Mask.mp4,Data-Processing\Raw-Data\Otsu\M5\120p\Traffic2\Traffic2-Mask.mp4,0.9055,0.0141,0.9276,0.9237,0.0025,0.9271,250
120p,Traffic2,K4,A0.001_,T0.5,M3,Data-Processing\Raw-Data\Param-Sweep\120p\Traffic2\K4\A0.001_\T0.5\M3\Traffic2-Mask.mp4,Data-Processing\Raw-Data\OpenCV\M3\120p\Traffic2\Traffic2-Mask.mp4,Data-Processing\Raw-Data\Otsu\M3\120p\Traffic2\Traffic2-Mask.mp4,0.3693,0.0471,0.3064,0.3433,0.0446,0.3047,250
120p,Traffic2,K4,A0.001_,T0.5,M4,Data-Processing\Raw-Data\Param-Sweep\120p\Traffic2\K4\A0.001_\T0.5\M4\Traffic2-Mask.mp4,Data-Processing\Raw-Data\OpenCV\M4\120p\Traffic2\Traffic2-Mask.mp4,Data-Processing\Raw-Data\Otsu\M4\120p\Traffic2\Traffic2-Mask.mp4,0.572,0.0361,0.6143,0.5625,0.0392,0.6072,250
120p,Traffic2,K4,A0.001_,T0.5,M5,Data-Processing\Raw-Data\Param-Sweep\120p\Traffic2\K4\A0.001_\T0.5\M5\Traffic2-Mask.mp4,Data-Processing\Raw-Data\OpenCV\M5\120p\Traffic2\Traffic2-Mask.mp4,Data-Processing\Raw-Data\Otsu\M5\120p\Traffic2\Traffic2-Mask.mp4,0.5794,0.0375,0.6241,0.5686,0.0399,0.6105,250
120p,Traffic2,K4,A0.001_,T0.7,M3,Data-Processing\Raw-Data\Param-Sweep\120p\Traffic2\K4\A0.001_\T0.7\M3\Traffic2-Mask.mp4,Data-Processing\Raw-Data\OpenCV\M3\120p\Traffic2\Traffic2-Mask.mp4,Data-Processing\Raw-Data\Otsu\M3\120p\Traffic2\Traffic2-Mask.mp4,0.5313,0.082,0.6224,0.4799,0.0693,0.5613,250
120p,Traffic2,K4,A0.001_,T0.7,M4,Data-Processing\Raw-Data\Param-Sweep\120p\Traffic2\K4\A0.001_\T0.7\M4\Traffic2-Mask.mp4,Data-Processing\Raw-Data\OpenCV\M4\120p\Traffic2\Traffic2-Mask.mp4,Data-Processing\Raw-Data\Otsu\M4\120p\Traffic2\Traffic2-Mask.mp4,0.6661,0.0493,0.7282,0.6496,0.0502,0.7022,250
120p,Traffic2,K4,A0.001_,T0.7,M5,Data-Processing\Raw-Data\Param-Sweep\120p\Traffic2\K4\A0.001_\T0.7\M5\Traffic2-Mask.mp4,Data-Processing\Raw-Data\OpenCV\M5\120p\Traffic2\Traffic2-Mask.mp4,Data-Processing\Raw-Data\Otsu\M5\120p\Traffic2\Traffic2-Mask.mp4,0.6772,0.0512,0.734,0.663,0.0534,0.7153,250
120p,Traffic2,K4,A0.001_,T0.9,M3,Data-Processing\Raw-Data\Param-Sweep\120p\Traffic2\K4\A0.001_\T0.9\M3\Traffic2-Mask.mp4,Data-Processing\Raw-Data\OpenCV\M3\120p\Traffic2\Traffic2-Mask.mp4,Data-Processing\Raw-Data\Otsu\M3\120p\Traffic2\Traffic2-Mask.mp4,0.7338,0.0524,0.8125,0.6498,0.0454,0.7286,250
120p,Traffic2,K4,A0.001_,T0.9,M4,Data-Processing\Raw-Data\Param-Sweep\120p\Traffic2\K4\A0.001_\T0.9\M4\Traffic2-Mask.mp4,Data-Processing\Raw-Data\OpenCV\M4\120p\Traffic2\Traffic2-Mask.mp4,Data-Processing\Raw-Data\Otsu\M4\120p\Traffic2\Traffic2-Mask.mp4,0.8014,0.0266,0.8315,0.7758,0.0287,0.8113,250
120p,Traffic2,K4,A0.001_,T0.9,M5,Data-Processing\Raw-Data\Param-Sweep\120p\Traffic2\K4\A0.001_\T0.9\M5\Traffic2-Mask.mp4,Data-Processing\Raw-Data\OpenCV\M5\120p\Traffic2\Traffic2-Mask.mp4,Data-Processing\Raw-Data\Otsu\M5\120p\Traffic2\Traffic2-Mask.mp4,0.8223,0.0276,0.8609,0.7975,0.0315,0.836,250
120p,Traffic2,K4,A0.01_,T0.5,M3,Data-Processing\Raw-Data\Param-Sweep\120p\Traffic2\K4\A0.01_\T0.5\M3\Traffic2-Mask.mp4,Data-Processing\Raw-Data\OpenCV\M3\120p\Traffic2\Traffic2-Mask.mp4,Data-Processing\Raw-Data\Otsu\M3\120p\Traffic2\Traffic2-Mask.mp4,0.7766,0.0362,0.8357,0.6785,0.0346,0.743,250
120p,Traffic2,K4,A0.01_,T0.5,M4,Data-Processing\Raw-Data\Param-Sweep\120p\Traffic2\K4\A0.01_\T0.5\M4\Traffic2-Mask.mp4,Data-Processing\Raw-Data\OpenCV\M4\120p\Traffic2\Traffic2-Mask.mp4,Data-Processing\Raw-Data\Otsu\M4\120p\Traffic2\Traffic2-Mask.mp4,0.8329,0.0216,0.8661,0.7981,0.0256,0.8355,250
120p,Traffic2,K4,A0.01_,T0.5,M5,Data-Processing\Raw-Data\Param-Sweep\120p\Traffic2\K4\A0.01_\T0.5\M5\Traffic2-Mask.mp4,Data-Processing\Raw-Data\OpenCV\M5\120p\Traffic2\Traffic2-Mask.mp4,Data-Processing\Raw-Data\Otsu\M5\120p\Traffic2\Traffic2-Mask.mp4,0.8555,0.0228,0.8973,0.8231,0.0276,0.8621,250
120p,Traffic2,K4,A0.01_,T0.7,M3,Data-Processing\Raw-Data\Param-Sweep\120p\Traffic2\K4\A0.01_\T0.7\M3\Traffic2-Mask.mp4,Data-Processing\Raw-Data\OpenCV\M3\120p\Traffic2\Traffic2-Mask.mp4,Data-Processing\Raw-Data\Otsu\M3\120p\Traffic2\Traffic2-Mask.mp4,0.8263,0.0253,0.8667,0.7207,0.023,0.7599,250
120p,Traffic2,K4,A0.01_,T0.7,M4,Data-Processing\Raw-Data\Param-Sweep\120p\Traffic2\K4\A0.01_\T0.7\M4\Traffic2-Mask.mp4,Data-Processing\Raw-Data\OpenCV\M4\120p\Traffic2\Traffic2-Mask.mp4,Data-Processing\Raw-Data\Otsu\M4\120p\Traffic2\Traffic2-Mask.mp4,0.8568,0.0164,0.8809,0.8237,0.0164,0.8474,250
120p,Traffic2,K4,A0.01_,T0.7,M5,Data-Processing\Raw-Data\Param-Sweep\120p\Traffic2\K4\A0.01_\T0.7\M5\Traffic2-Mask.mp4,Data-Processing\Raw-Data\OpenCV\M5\120p\Traffic2\Traffic2-Mask.mp4,Data-Processing\Raw-Data\Otsu\M5\120p\Traffic2\Traffic2-Mask.mp4,0.884,0.016,0.9117,0.8504,0.0178,0.8751,250
120p,Traffic2,K4,A0.01_,T0.9,M3,Data-Processing\Raw-Data\Param-Sweep\120p\Traffic2\K4\A0.01_\T0.9\M3\Traffic2-Mask.mp4,Data-Processing\Raw-Data\OpenCV\M3\120p\Traffic2\Traffic2-Mask.mp4,Data-Processing\Raw-Data\Otsu\M3\120p\Traffic2\Traffic2-Mask.mp4,0.8686,0.0203,0.897,0.7722,0.0089,0.7817,250
120p,Traffic2,K4,A0.01_,T0.9,M4,Data-Processing\Raw-Data\Param-Sweep\120p\Traffic2\K4\A0.01_\T0.9\M4\Traffic2-Mask.mp4,Data-Processing\Raw-Data\OpenCV\M4\120p\Traffic2\Traffic2-Mask.mp4,Data-Processing\Raw-Data\Otsu\M4\120p\Traffic2\Traffic2-Mask.mp4,0.8808,0.0143,0.8983,0.8625,0.0042,0.8677,250
120p,Traffic2,K4,A0.01_,T0.9,M5,Data-Processing\Raw-Data\Param-Sweep\120p\Traffic2\K4\A0.01_\T0.9\M5\Traffic2-Mask.mp4,Data-Processing\Raw-Data\OpenCV\M5\120p\Traffic2\Traffic2-Mask.mp4,Data-Processing\Raw-Data\Otsu\M5\120p\Traffic2\Traffic2-Mask.mp4,0.9134,0.0127,0.934,0.8944,0.0043,0.9013,250
120p,Traffic2,K4,A0.1_,T0.5,M3,Data-Processing\Raw-Data\Param-Sweep\120p\Traffic2\K4\A0.1_\T0.5\M3\Traffic2-Mask.mp4,Data-Processing\Raw-Data\OpenCV\M3\120p\Traffic2\Traffic2-Mask.mp4,Data-Processing\Raw-Data\Otsu\M3\120p\Traffic2\Traffic2-Mask.mp4,0.7814,0.0322,0.8287,0.7236,0.0152,0.7421,250
120p,Traffic2,K4,A0.1_,T0.5,M4,Data-Processing\Raw-Data\Param-Sweep\120p\Traffic2\K4\A0.1_\T0.5\M4\Traffic2-Mask.mp4,Data-Processing\Raw-Data\OpenCV\M4\120p\Traffic2\Traffic2-Mask.mp4,Data-Processing\Raw-Data\Otsu\M4\120p\Traffic2\Traffic2-Mask.mp4,0.8417,0.0242,0.8803,0.8404,0.0114,0.8558,250
120p,Traffic2,K4,A0.1_,T0.5,M5,Data-Processing\Raw-Data\Param-Sweep\120p\Traffic2\K4\A0.1_\T0.5\M5\Traffic2-Mask.mp4,Data-Processing\Raw-Data\OpenCV\M5\120p\Traffic2\Traffic2-Mask.mp4,Data-Processing\Raw-Data\Otsu\M5\120p\Traffic2\Traffic2-Mask.mp4,0.8637,0.0221,0.9034,0.8745,0.0118,0.8951,250
120p,Traffic2,K4,A0.1_,T0.7,M3,Data-Processing\Raw-Data\Param-Sweep\120p\Traffic2\K4\A0.1_\T0.7\M3\Traffic2-Mask.mp4,Data-Processing\Raw-Data\OpenCV\M3\120p\Traffic2\Traffic2-Mask.mp4,Data-Processing\Raw-Data\Otsu\M3\120p\Traffic2\Traffic2-Mask.mp4,0.8167,0.0243,0.8467,0.7617,0.0076,0.7721,250
120p,Traffic2,K4,A0.1_,T0.7,M4,Data-Processing\Raw-Data\Param-Sweep\120p\Traffic2\K4\A0.1_\T0.7\M4\Traffic2-Mask.mp4,Data-Processing\Raw-Data\OpenCV\M4\120p\Traffic2\Traffic2-Mask.mp4,Data-Processing\Raw-Data\Otsu\M4\120p\Traffic2\Traffic2-Mask.mp4,0.865,0.0195,0.894,0.868,0.006,0.8749,250
120p,Traffic2,K4,A0.1_,T0.7,M5,Data-Processing\Raw-Data\Param-Sweep\120p\Traffic2\K4\A0.1_\T0.7\M5\Traffic2-Mask.mp4,Data-Processing\Raw-Data\OpenCV\M5\120p\Traffic2\Traffic2-Mask.mp4,Data-Processing\Raw-Data\Otsu\M5\120p\Traffic2\Traffic2-Mask.mp4,0.8893,0.0171,0.9185,0.9062,0.0061,0.916,250
120p,Traffic2,K4,A0.1_,T0.9,M3,Data-Processing\Raw-Data\Param-Sweep\120p\Traffic2\K4\A0.1_\T0.9\M3\Traffic2-Mask.mp4,Data-Processing\Raw-Data\OpenCV\M3\120p\Traffic2\Traffic2-Mask.mp4,Data-Processing\Raw-Data\Otsu\M3\120p\Traffic2\Traffic2-Mask.mp4,0.8443,0.0209,0.865,0.7904,0.0036,0.7924,250
120p,Traffic2,K4,A0.1_,T0.9,M4,Data-Processing\Raw-Data\Param-Sweep\120p\Traffic2\K4\A0.1_\T0.9\M4\Traffic2-Mask.mp4,Data-Processing\Raw-Data\OpenCV\M4\120p\Traffic2\Traffic2-Mask.mp4,Data-Processing\Raw-Data\Otsu\M4\120p\Traffic2\Traffic2-Mask.mp4,0.8807,0.016,0.9018,0.8857,0.0021,0.8867,250
120p,Traffic2,K4,A0.1_,T0.9,M5,Data-Processing\Raw-Data\Param-Sweep\120p\Traffic2\K4\A0.1_\T0.9\M5\Traffic2-Mask.mp4,Data-Processing\Raw-Data\OpenCV\M5\120p\Traffic2\Traffic2-Mask.mp4,Data-Processing\Raw-Data\Otsu\M5\120p\Traffic2\Traffic2-Mask.mp4,0.9062,0.0137,0.9276,0.9259,0.0021,0.9275,250
240p,Traffic2,K2,A0.001_,T0.5,M3,Data-Processing\Raw-Data\Param-Sweep\240p\Traffic2\K2\A0.001_\T0.5\M3\Traffic2-Mask.mp4,Data-Processing\Raw-Data\OpenCV\M3\240p\Traffic2\Traffic2-Mask.mp4,Data-Processing\Raw-Data\Otsu\M3\240p\Traffic2\Traffic2-Mask.mp4,0.2244,0.0201,0.2749,0.2248,0.0234,0.2759,250
240p,Traffic2,K2,A0.001_,T0.5,M4,Data-Processing\Raw-Data\Param-Sweep\240p\Traffic2\K2\A0.001_\T0.5\M4\Traffic2-Mask.mp4,Data-Processing\Raw-Data\OpenCV\M4\240p\Traffic2\Traffic2-Mask.mp4,Data-Processing\Raw-Data\Otsu\M4\240p\Traffic2\Traffic2-Mask.mp4,0.4224,0.0373,0.4987,0.4136,0.0403,0.497,250
240p,Traffic2,K2,A0.001_,T0.5,M5,Data-Processing\Raw-Data\Param-Sweep\240p\Traffic2\K2\A0.001_\T0.5\M5\Traffic2-Mask.mp4,Data-Processing\Raw-Data\OpenCV\M5\240p\Traffic2\Traffic2-Mask.mp4,Data-Processing\Raw-Data\Otsu\M5\240p\Traffic2\Traffic2-Mask.mp4,0.4247,0.0383,0.5037,0.4138,0.0408,0.4965,250
240p,Traffic2,K2,A0.001_,T0.7,M3,Data-Processing\Raw-Data\Param-Sweep\240p\Traffic2\K2\A0.001_\T0.7\M3\Traffic2-Mask.mp4,Data-Processing\Raw-Data\OpenCV\M3\240p\Traffic2\Traffic2-Mask.mp4,Data-Processing\Raw-Data\Otsu\M3\240p\Traffic2\Traffic2-Mask.mp4,0.2619,0.0322,0.2768,0.2546,0.032,0.2778,250
240p,Traffic2,K2,A0.001_,T0.7,M4,Data-Processing\Raw-Data\Param-Sweep\240p\Traffic2\K2\A0.001_\T0.7\M4\Traffic2-Mask.mp4,Data-Processing\Raw-Data\OpenCV\M4\240p\Traffic2\Traffic2-Mask.mp4,Data-Processing\Raw-Data\Otsu\M4\240p\Traffic2\Traffic2-Mask.mp4,0.469,0.0546,0.5073,0.4503,0.0522,0.5025,250
240p,Traffic2,K2,A0.001_,T0.7,M5,Data-Processing\Raw-Data\Param-Sweep\240p\Traffic2\K2\A0.001_\T0.7\M5\Traffic2-Mask.mp4,Data-Processing\Raw-Data\OpenCV\M5\240p\Traffic2\Traffic2-Mask.mp4,Data-Processing\Raw-Data\Otsu\M5\240p\Traffic2\Traffic2-Mask.mp4,0.4714,0.0557,0.5123,0.4564,0.0559,0.505,250
240p,Traffic2,K2,A0.001_,T0.9,M3,Data-Processing\Raw-Data\Param-Sweep\240p\Traffic2\K2\A0.001_\T0.9\M3\Traffic2-Mask.mp4,Data-Processing\Raw-Data\OpenCV\M3\240p\Traffic2\Traffic2-Mask.mp4,Data-Processing\Raw-Data\Otsu\M3\240p\Traffic2\Traffic2-Mask.mp4,0.4814,0.0605,0.5462,0.4122,0.0428,0.4671,250
240p,Traffic2,K2,A0.001_,T0.9,M4,Data-Processing\Raw-Data\Param-Sweep\240p\Traffic2\K2\A0.001_\T0.9\M4\Traffic2-Mask.mp4,Data-Processing\Raw-Data\OpenCV\M4\240p\Traffic2\Traffic2-Mask.mp4,Data-Processing\Raw-Data\Otsu\M4\240p\Traffic2\Traffic2-Mask.mp4,0.6368,0.0532,0.6952,0.5832,0.0475,0.6486,250
240p,Traffic2,K2,A0.001_,T0.9,M5,Data-Processing\Raw-Data\Param-Sweep\240p\Traffic2\K2\A0.001_\T0.9\M5\Traffic2-Mask.mp4,Data-Processing\Raw-Data\OpenCV\M5\240p\Traffic2\Traffic2-Mask.mp4,Data-Processing\Raw-Data\Otsu\M5\240p\Traffic2\Traffic2-Mask.mp4,0.6396,0.0544,0.6972,0.6076,0.0532,0.6763,250
240p,Traffic2,K2,A0.01_,T0.5,M3,Data-Processing\Raw-Data\Param-Sweep\240p\Traffic2\K2\A0.01_\T0.5\M3\Traffic2-Mask.mp4,Data-Processing\Raw-Data\OpenCV\M3\240p\Traffic2\Traffic2-Mask.mp4,Data-Processing\Raw-Data\Otsu\M3\240p\Traffic2\Traffic2-Mask.mp4,0.7205,0.0476,0.8023,0.5743,0.0328,0.6435,250
240p,Traffic2,K2,A0.01_,T0.5,M4,Data-Processing\Raw-Data\Param-Sweep\240p\Traffic2\K2\A0.01_\T0.5\M4\Traffic2-Mask.mp4,Data-Processing\Raw-Data\OpenCV\M4\240p\Traffic2\Traffic2-Mask.mp4,Data-Processing\Raw-Data\Otsu\M4\240p\Traffic2\Traffic2-Mask.mp4,0.7987,0.0298,0.842,0.7178,0.03,0.7588,250
240p,Traffic2,K2,A0.01_,T0.5,M5,Data-Processing\Raw-Data\Param-Sweep\240p\Traffic2\K2\A0.01_\T0.5\M5\Traffic2-Mask.mp4,Data-Processing\Raw-Data\OpenCV\M5\240p\Traffic2\Traffic2-Mask.mp4,Data-Processing\Raw-Data\Otsu\M5\240p\Traffic2\Traffic2-Mask.mp4,0.8067,0.031,0.8544,0.757,0.0337,0.8005,250
240p,Traffic2,K2,A0.01_,T0.7,M3,Data-Processing\Raw-Data\Param-Sweep\240p\Traffic2\K2\A0.01_\T0.7\M3\Traffic2-Mask.mp4,Data-Processing\Raw-Data\OpenCV\M3\240p\Traffic2\Traffic2-Mask.mp4,Data-Processing\Raw-Data\Otsu\M3\240p\Traffic2\Traffic2-Mask.mp4,0.7711,0.0341,0.8275,0.6115,0.0249,0.6618,250
240p,Traffic2,K2,A0.01_,T0.7,M4,Data-Processing\Raw-Data\Param-Sweep\240p\Traffic2\K2\A0.01_\T0.7\M4\Traffic2-Mask.mp4,Data-Processing\Raw-Data\OpenCV\M4\240p\Traffic2\Traffic2-Mask.mp4,Data-Processing\Raw-Data\Otsu\M4\240p\Traffic2\Traffic2-Mask.mp4,0.829,0.0194,0.8552,0.7428,0.0213,0.7746,250
240p,Traffic2,K2,A0.01_,T0.7,M5,Data-Processing\Raw-Data\Param-Sweep\240p\Traffic2\K2\A0.01_\T0.7\M5\Traffic2-Mask.mp4,Data-Processing\Raw-Data\OpenCV\M5\240p\Traffic2\Traffic2-Mask.mp4,Data-Processing\Raw-Data\Otsu\M5\240p\Traffic2\Traffic2-Mask.mp4,0.8377,0.0201,0.8691,0.7839,0.024,0.8116,250
240p,Traffic2,K2,A0.01_,T0.9,M3,Data-Processing\Raw-Data\Param-Sweep\240p\Traffic2\K2\A0.01_\T0.9\M3\Traffic2-Mask.mp4,Data-Processing\Raw-Data\OpenCV\M3\240p\Traffic2\Traffic2-Mask.mp4,Data-Processing\Raw-Data\Otsu\M3\240p\Traffic2\Traffic2-Mask.mp4,0.8459,0.0184,0.866,0.6771,0.0099,0.6929,250
240p,Traffic2,K2,A0.01_,T0.9,M4,Data-Processing\Raw-Data\Param-Sweep\240p\Traffic2\K2\A0.01_\T0.9\M4\Traffic2-Mask.mp4,Data-Processing\Raw-Data\OpenCV\M4\240p\Traffic2\Traffic2-Mask.mp4,Data-Processing\Raw-Data\Otsu\M4\240p\Traffic2\Traffic2-Mask.mp4,0.8724,0.0117,0.889,0.7879,0.0078,0.7979,250
240p,Traffic2,K2,A0.01_,T0.9,M5,Data-Processing\Raw-Data\Param-Sweep\240p\Traffic2\K2\A0.01_\T0.9\M5\Traffic2-Mask.mp4,Data-Processing\Raw-Data\OpenCV\M5\240p\Traffic2\Traffic2-Mask.mp4,Data-Processing\Raw-Data\Otsu\M5\240p\Traffic2\Traffic2-Mask.mp4,0.8841,0.0108,0.9022,0.8314,0.0086,0.8406,250
240p,Traffic2,K2,A0.1_,T0.5,M3,Data-Processing\Raw-Data\Param-Sweep\240p\Traffic2\K2\A0.1_\T0.5\M3\Traffic2-Mask.mp4,Data-Processing\Raw-Data\OpenCV\M3\240p\Traffic2\Traffic2-Mask.mp4,Data-Processing\Raw-Data\Otsu\M3\240p\Traffic2\Traffic2-Mask.mp4,0.7888,0.0254,0.8267,0.6511,0.0096,0.6637,250
240p,Traffic2,K2,A0.1_,T0.5,M4,Data-Processing\Raw-Data\Param-Sweep\240p\Traffic2\K2\A0.1_\T0.5\M4\Traffic2-Mask.mp4,Data-Processing\Raw-Data\OpenCV\M4\240p\Traffic2\Traffic2-Mask.mp4,Data-Processing\Raw-Data\Otsu\M4\240p\Traffic2\Traffic2-Mask.mp4,0.8445,0.0173,0.8738,0.7789,0.0062,0.7873,250
240p,Traffic2,K2,A0.1_,T0.5,M5,Data-Processing\Raw-Data\Param-Sweep\240p\Traffic2\K2\A0.1_\T0.5\M5\Traffic2-Mask.mp4,Data-Processing\Raw-Data\OpenCV\M5\240p\Traffic2\Traffic2-Mask.mp4,Data-Processing\Raw-Data\Otsu\M5\240p\Traffic2\Traffic2-Mask.mp4,0.856,0.0153,0.8837,0.8236,0.0066,0.8366,250
240p,Traffic2,K2,A0.1_,T0.7,M3,Data-Processing\Raw-Data\Param-Sweep\240p\Traffic2\K2\A0.1_\T0.7\M3\Traffic2-Mask.mp4,Data-Processing\Raw-Data\OpenCV\M3\240p\Traffic2\Traffic2-Mask.mp4,Data-Processing\Raw-Data\Otsu\M3\240p\Traffic2\Traffic2-Mask.mp4,0.8287,0.0196,0.8541,0.6863,0.0046,0.6865,250
240p,Traffic2,K2,A0.1_,T0.7,M4,Data-Processing\Raw-Data\Param-Sweep\240p\Traffic2\K2\A0.1_\T0.7\M4\Traffic2-Mask.mp4,Data-Processing\Raw-Data\OpenCV\M4\240p\Traffic2\Traffic2-Mask.mp4,Data-Processing\Raw-Data\Otsu\M4\240p\Traffic2\Traffic2-Mask.mp4,0.8684,0.0144,0.89,0.8046,0.003,0.8049,250
240p,Traffic2,K2,A0.1_,T0.7,M5,Data-Processing\Raw-Data\Param-Sweep\240p\Traffic2\K2\A0.1_\T0.7\M5\Traffic2-Mask.mp4,Data-Processing\Raw-Data\OpenCV\M5\240p\Traffic2\Traffic2-Mask.mp4,Data-Processing\Raw-Data\Otsu\M5\240p\Traffic2\Traffic2-Mask.mp4,0.8812,0.0122,0.9005,0.8515,0.0029,0.8525,250
240p,Traffic2,K2,A0.1_,T0.9,M3,Data-Processing\Raw-Data\Param-Sweep\240p\Traffic2\K2\A0.1_\T0.9\M3\Traffic2-Mask.mp4,Data-Processing\Raw-Data\OpenCV\M3\240p\Traffic2\Traffic2-Mask.mp4,Data-Processing\Raw-Data\Otsu\M3\240p\Traffic2\Traffic2-Mask.mp4,0.8563,0.0181,0.876,0.719,0.0024,0.7183,250
240p,Traffic2,K2,A0.1_,T0.9,M4,Data-Processing\Raw-Data\Param-Sweep\240p\Traffic2\K2\A0.1_\T0.9\M4\Traffic2-Mask.mp4,Data-Processing\Raw-Data\OpenCV\M4\240p\Traffic2\Traffic2-Mask.mp4,Data-Processing\Raw-Data\Otsu\M4\240p\Traffic2\Traffic2-Mask.mp4,0.883,0.0135,0.8985,0.8297,0.0014,0.8276,250
240p,Traffic2,K2,A0.1_,T0.9,M5,Data-Processing\Raw-Data\Param-Sweep\240p\Traffic2\K2\A0.1_\T0.9\M5\Traffic2-Mask.mp4,Data-Processing\Raw-Data\OpenCV\M5\240p\Traffic2\Traffic2-Mask.mp4,Data-Processing\Raw-Data\Otsu\M5\240p\Traffic2\Traffic2-Mask.mp4,0.8992,0.0113,0.9161,0.8817,0.0012,0.8821,250
240p,Traffic2,K3,A0.001_,T0.5,M3,Data-Processing\Raw-Data\Param-Sweep\240p\Traffic2\K3\A0.001_\T0.5\M3\Traffic2-Mask.mp4,Data-Processing\Raw-Data\OpenCV\M3\240p\Traffic2\Traffic2-Mask.mp4,Data-Processing\Raw-Data\Otsu\M3\240p\Traffic2\Traffic2-Mask.mp4,0.3451,0.0435,0.2919,0.3105,0.0342,0.2892,250
240p,Traffic2,K3,A0.001_,T0.5,M4,Data-Processing\Raw-Data\Param-Sweep\240p\Traffic2\K3\A0.001_\T0.5\M4\Traffic2-Mask.mp4,Data-Processing\Raw-Data\OpenCV\M4\240p\Traffic2\Traffic2-Mask.mp4,Data-Processing\Raw-Data\Otsu\M4\240p\Traffic2\Traffic2-Mask.mp4,0.5212,0.0356,0.5124,0.4902,0.0356,0.509,250
240p,Traffic2,K3,A0.001_,T0.5,M5,Data-Processing\Raw-Data\Param-Sweep\240p\Traffic2\K3\A0.001_\T0.5\M5\Traffic2-Mask.mp4,Data-Processing\Raw-Data\OpenCV\M5\240p\Traffic2\Traffic2-Mask.mp4,Data-Processing\Raw-Data\Otsu\M5\240p\Traffic2\Traffic2-Mask.mp4,0.5237,0.0363,0.5157,0.5029,0.0376,0.511,250
240p,Traffic2,K3,A0.001_,T0.7,M3,Data-Processing\Raw-Data\Param-Sweep\240p\Traffic2\K3\A0.001_\T0.7\M3\Traffic2-Mask.mp4,Data-Processing\Raw-Data\OpenCV\M3\240p\Traffic2\Traffic2-Mask.mp4,Data-Processing\Raw-Data\Otsu\M3\240p\Traffic2\Traffic2-Mask.mp4,0.4933,0.0802,0.425,0.4152,0.0516,0.3665,250
240p,Traffic2,K3,A0.001_,T0.7,M4,Data-Processing\Raw-Data\Param-Sweep\240p\Traffic2\K3\A0.001_\T0.7\M4\Traffic2-Mask.mp4,Data-Processing\Raw-Data\OpenCV\M4\240p\Traffic2\Traffic2-Mask.mp4,Data-Processing\Raw-Data\Otsu\M4\240p\Traffic2\Traffic2-Mask.mp4,0.6294,0.0525,0.652,0.5768,0.0456,0.6001,250
240p,Traffic2,K3,A0.001_,T0.7,M5,Data-Processing\Raw-Data\Param-Sweep\240p\Traffic2\K3\A0.001_\T0.7\M5\Traffic2-Mask.mp4,Data-Processing\Raw-Data\OpenCV\M5\240p\Traffic2\Traffic2-Mask.mp4,Data-Processing\Raw-Data\Otsu\M5\240p\Traffic2\Traffic2-Mask.mp4,0.6339,0.0537,0.6517,0.6019,0.0512,0.6201,250
240p,Traffic2,K3,A0.001_,T0.9,M3,Data-Processing\Raw-Data\Param-Sweep\240p\Traffic2\K3\A0.001_\T0.9\M3\Traffic2-Mask.mp4,Data-Processing\Raw-Data\OpenCV\M3\240p\Traffic2\Traffic2-Mask.mp4,Data-Processing\Raw-Data\Otsu\M3\240p\Traffic2\Traffic2-Mask.mp4,0.6861,0.0687,0.7796,0.5523,0.0425,0.6301,250
240p,Traffic2,K3,A0.001_,T0.9,M4,Data-Processing\Raw-Data\Param-Sweep\240p\Traffic2\K3\A0.001_\T0.9\M4\Traffic2-Mask.mp4,Data-Processing\Raw-Data\OpenCV\M4\240p\Traffic2\Traffic2-Mask.mp4,Data-Processing\Raw-Data\Otsu\M4\240p\Traffic2\Traffic2-Mask.mp4,0.7725,0.0373,0.8266,0.6959,0.033,0.747,250
240p,Traffic2,K3,A0.001_,T0.9,M5,Data-Processing\Raw-Data\Param-Sweep\240p\Traffic2\K3\A0.001_\T0.9\M5\Traffic2-Mask.mp4,Data-Processing\Raw-Data\OpenCV\M5\240p\Traffic2\Traffic2-Mask.mp4,Data-Processing\Raw-Data\Otsu\M5\240p\Traffic2\Traffic2-Mask.mp4,0.7808,0.0387,0.838,0.7326,0.0376,0.7905,250
240p,Traffic2,K3,A0.01_,T0.5,M3,Data-Processing\Raw-Data\Param-Sweep\240p\Traffic2\K3\A0.01_\T0.5\M3\Traffic2-Mask.mp4,Data-Processing\Raw-Data\OpenCV\M3\240p\Traffic2\Traffic2-Mask.mp4,Data-Processing\Raw-Data\Otsu\M3\240p\Traffic2\Traffic2-Mask.mp4,0.7812,0.0397,0.8501,0.6164,0.0282,0.6844,250
240p,Traffic2,K3,A0.01_,T0.5,M4,Data-Processing\Raw-Data\Param-Sweep\240p\Traffic2\K3\A0.01_\T0.5\M4\Traffic2-Mask.mp4,Data-Processing\Raw-Data\OpenCV\M4\240p\Traffic2\Traffic2-Mask.mp4,Data-Processing\Raw-Data\Otsu\M4\240p\Traffic2\Traffic2-Mask.mp4,0.8388,0.0208,0.869,0.7495,0.0221,0.783,250
240p,Traffic2,K3,A0.01_,T0.5,M5,Data-Processing\Raw-Data\Param-Sweep\240p\Traffic2\K3\A0.01_\T0.5\M5\Traffic2-Mask.mp4,Data-Processing\Raw-Data\OpenCV\M5\240p\Traffic2\Traffic2-Mask.mp4,Data-Processing\Raw-Data\Otsu\M5\240p\Traffic2\Traffic2-Mask.mp4,0.8509,0.0216,0.888,0.792,0.025,0.8311,250
240p,Traffic2,K3,A0.01_,T0.7,M3,Data-Processing\Raw-Data\Param-Sweep\240p\Traffic2\K3\A0.01_\T0.7\M3\Traffic2-Mask.mp4,Data-Processing\Raw-Data\OpenCV\M3\240p\Traffic2\Traffic2-Mask.mp4,Data-Processing\Raw-Data\Otsu\M3\240p\Traffic2\Traffic2-Mask.mp4,0.8298,0.0264,0.876,0.6521,0.0195,0.6962,250
240p,Traffic2,K3,A0.01_,T0.7,M4,Data-Processing\Raw-Data\Param-Sweep\240p\Traffic2\K3\A0.01_\T0.7\M4\Traffic2-Mask.mp4,Data-Processing\Raw-Data\OpenCV\M4\240p\Traffic2\Traffic2-Mask.mp4,Data-Processing\Raw-Data\Otsu\M4\240p\Traffic2\Traffic2-Mask.mp4,0.8661,0.0143,0.8887,0.7733,0.0151,0.7973,250
240p,Traffic2,K3,A0.01_,T0.7,M5,Data-Processing\Raw-Data\Param-Sweep\240p\Traffic2\K3\A0.01_\T0.7\M5\Traffic2-Mask.mp4,Data-Processing\Raw-Data\OpenCV\M5\240p\Traffic2\Traffic2-Mask.mp4,Data-Processing\Raw-Data\Otsu\M5\240p\Traffic2\Traffic2-Mask.mp4,0.882,0.0142,0.9076,0.8187,0.0169,0.8433,250
240p,Traffic2,K3,A0.01_,T0.9,M3,Data-Processing\Raw-Data\Param-Sweep\240p\Traffic2\K3\A0.01_\T0.9\M3\Traffic2-Mask.mp4,Data-Processing\Raw-Data\OpenCV\M3\240p\Traffic2\Traffic2-Mask.mp4,Data-Processing\Raw-Data\Otsu\M3\240p\Traffic2\Traffic2-Mask.mp4,0.8784,0.0169,0.8974,0.7012,0.0081,0.7136,250
240p,Traffic2,K3,A0.01_,T0.9,M4,Data-Processing\Raw-Data\Param-Sweep\240p\Traffic2\K3\A0.01_\T0.9\M4\Traffic2-Mask.mp4,Data-Processing\Raw-Data\OpenCV\M4\240p\Traffic2\Traffic2-Mask.mp4,Data-Processing\Raw-Data\Otsu\M4\240p\Traffic2\Traffic2-Mask.mp4,0.8892,0.0113,0.9029,0.8065,0.0055,0.8146,250
240p,Traffic2,K3,A0.01_,T0.9,M5,Data-Processing\Raw-Data\Param-Sweep\240p\Traffic2\K3\A0.01_\T0.9\M5\Traffic2-Mask.mp4,Data-Processing\Raw-Data\OpenCV\M5\240p\Traffic2\Traffic2-Mask.mp4,Data-Processing\Raw-Data\Otsu\M5\240p\Traffic2\Traffic2-Mask.mp4,0.91,0.01,0.9271,0.8545,0.0059,0.8626,250
240p,Traffic2,K3,A0.1_,T0.5,M3,Data-Processing\Raw-Data\Param-Sweep\240p\Traffic2\K3\A0.1_\T0.5\M3\Traffic2-Mask.mp4,Data-Processing\Raw-Data\OpenCV\M3\240p\Traffic2\Traffic2-Mask.mp4,Data-Processing\Raw-Data\Otsu\M3\240p\Traffic2\Traffic2-Mask.mp4,0.7931,0.0258,0.8338,0.6598,0.0095,0.6716,250
240p,Traffic2,K3,A0.1_,T0.5,M4,Data-Processing\Raw-Data\Param-Sweep\240p\Traffic2\K3\A0.1_\T0.5\M4\Traffic2-Mask.mp4,Data-Processing\Raw-Data\OpenCV\M4\240p\Traffic2\Traffic2-Mask.mp4,Data-Processing\Raw-Data\Otsu\M4\240p\Traffic2\Traffic2-Mask.mp4,0.85,0.0176,0.881,0.7898,0.0059,0.7984,250
240p,Traffic2,K3,A0.1_,T0.5,M5,Data-Processing\Raw-Data\Param-Sweep\240p\Traffic2\K3\A0.1_\T0.5\M5\Traffic2-Mask.mp4,Data-Processing\Raw-Data\OpenCV\M5\240p\Traffic2\Traffic2-Mask.mp4,Data-Processing\Raw-Data\Otsu\M5\240p\Traffic2\Traffic2-Mask.mp4,0.8628,0.0155,0.8911,0.8368,0.0063,0.8469,250
240p,Traffic2,K3,A0.1_,T0.7,M3,Data-Processing\Raw-Data\Param-Sweep\240p\Traffic2\K3\A0.1_\T0.7\M3\Traffic2-Mask.mp4,Data-Processing\Raw-Data\OpenCV\M3\240p\Traffic2\Traffic2-Mask.mp4,Data-Processing\Raw-Data\Otsu\M3\240p\Traffic2\Traffic2-Mask.mp4,0.8305,0.0196,0.8559,0.6946,0.0044,0.6944,250
240p,Traffic2,K3,A0.1_,T0.7,M4,Data-Processing\Raw-Data\Param-Sweep\240p\Traffic2\K3\A0.1_\T0.7\M4\Traffic2-Mask.mp4,Data-Processing\Raw-Data\OpenCV\M4\240p\Traffic2\Traffic2-Mask.mp4,Data-Processing\Raw-Data\Otsu\M4\240p\Traffic2\Traffic2-Mask.mp4,0.8703,0.0146,0.892,0.8147,0.0028,0.8148,250
240p,Traffic2,K3,A0.1_,T0.7,M5,Data-Processing\Raw-Data\Param-Sweep\240p\Traffic2\K3\A0.1_\T0.7\M5\Traffic2-Mask.mp4,Data-Processing\Raw-Data\OpenCV\M5\240p\Traffic2\Traffic2-Mask.mp4,Data-Processing\Raw-Data\Otsu\M5\240p\Traffic2\Traffic2-Mask.mp4,0.8853,0.0124,0.9047,0.8649,0.0028,0.8655,250
240p,Traffic2,K3,A0.1_,T0.9,M3,Data-Processing\Raw-Data\Param-Sweep\240p\Traffic2\K3\A0.1_\T0.9\M3\Traffic2-Mask.mp4,Data-Processing\Raw-Data\OpenCV\M3\240p\Traffic2\Traffic2-Mask.mp4,Data-Processing\Raw-Data\Otsu\M3\240p\Traffic2\Traffic2-Mask.mp4,0.8588,0.0181,0.8771,0.7237,0.0023,0.7239,250
240p,Traffic2,K3,A0.1_,T0.9,M4,Data-Processing\Raw-Data\Param-Sweep\240p\Traffic2\K3\A0.1_\T0.9\M4\Traffic2-Mask.mp4,Data-Processing\Raw-Data\OpenCV\M4\240p\Traffic2\Traffic2-Mask.mp4,Data-Processing\Raw-Data\Otsu\M4\240p\Traffic2\Traffic2-Mask.mp4,0.8838,0.0134,0.9,0.8326,0.0013,0.8303,250
240p,Traffic2,K3,A0.1_,T0.9,M5,Data-Processing\Raw-Data\Param-Sweep\240p\Traffic2\K3\A0.1_\T0.9\M5\Traffic2-Mask.mp4,Data-Processing\Raw-Data\OpenCV\M5\240p\Traffic2\Traffic2-Mask.mp4,Data-Processing\Raw-Data\Otsu\M5\240p\Traffic2\Traffic2-Mask.mp4,0.9007,0.0113,0.9171,0.8857,0.0011,0.8859,250
240p,Traffic2,K4,A0.001_,T0.5,M3,Data-Processing\Raw-Data\Param-Sweep\240p\Traffic2\K4\A0.001_\T0.5\M3\Traffic2-Mask.mp4,Data-Processing\Raw-Data\OpenCV\M3\240p\Traffic2\Traffic2-Mask.mp4,Data-Processing\Raw-Data\Otsu\M3\240p\Traffic2\Traffic2-Mask.mp4,0.3813,0.0476,0.3115,0.3364,0.035,0.3035,250
240p,Traffic2,K4,A0.001_,T0.5,M4,Data-Processing\Raw-Data\Param-Sweep\240p\Traffic2\K4\A0.001_\T0.5\M4\Traffic2-Mask.mp4,Data-Processing\Raw-Data\OpenCV\M4\240p\Traffic2\Traffic2-Mask.mp4,Data-Processing\Raw-Data\Otsu\M4\240p\Traffic2\Traffic2-Mask.mp4,0.5455,0.0348,0.5381,0.5106,0.034,0.5173,250
240p,Traffic2,K4,A0.001_,T0.5,M5,Data-Processing\Raw-Data\Param-Sweep\240p\Traffic2\K4\A0.001_\T0.5\M5\Traffic2-Mask.mp4,Data-Processing\Raw-Data\OpenCV\M5\240p\Traffic2\Traffic2-Mask.mp4,Data-Processing\Raw-Data\Otsu\M5\240p\Traffic2\Traffic2-Mask.mp4,0.5484,0.0354,0.5395,0.526,0.0364,0.5227,250
240p,Traffic2,K4,A0.001_,T0.7,M3,Data-Processing\Raw-Data\Param-Sweep\240p\Traffic2\K4\A0.001_\T0.7\M3\Traffic2-Mask.mp4,Data-Processing\Raw-Data\OpenCV\M3\240p\Traffic2\Traffic2-Mask.mp4,Data-Processing\Raw-Data\Otsu\M3\240p\Traffic2\Traffic2-Mask.mp4,0.5512,0.0857,0.6276,0.4572,0.0534,0.5314,250
240p,Traffic2,K4,A0.001_,T0.7,M4,Data-Processing\Raw-Data\Param-Sweep\240p\Traffic2\K4\A0.001_\T0.7\M4\Traffic2-Mask.mp4,Data-Processing\Raw-Data\OpenCV\M4\240p\Traffic2\Traffic2-Mask.mp4,Data-Processing\Raw-Data\Otsu\M4\240p\Traffic2\Traffic2-Mask.mp4,0.665,0.0525,0.7466,0.6085,0.0448,0.6729,250
240p,Traffic2,K4,A0.001_,T0.7,M5,Data-Processing\Raw-Data\Param-Sweep\240p\Traffic2\K4\A0.001_\T0.7\M5\Traffic2-Mask.mp4,Data-Processing\Raw-Data\OpenCV\M5\240p\Traffic2\Traffic2-Mask.mp4,Data-Processing\Raw-Data\Otsu\M5\240p\Traffic2\Traffic2-Mask.mp4,0.6706,0.0537,0.7533,0.6356,0.0509,0.7081,250
240p,Traffic2,K4,A0.001_,T0.9,M3,Data-Processing\Raw-Data\Param-Sweep\240p\Traffic2\K4\A0.001_\T0.9\M3\Traffic2-Mask.mp4,Data-Processing\Raw-Data\OpenCV\M3\240p\Traffic2\Traffic2-Mask.mp4,Data-Processing\Raw-Data\Otsu\M3\240p\Traffic2\Traffic2-Mask.mp4,0.7548,0.0545,0.8474,0.6011,0.035,0.6788,250
240p,Traffic2,K4,A0.001_,T0.9,M4,Data-Processing\Raw-Data\Param-Sweep\240p\Traffic2\K4\A0.001_\T0.9\M4\Traffic2-Mask.mp4,Data-Processing\Raw-Data\OpenCV\M4\240p\Traffic2\Traffic2-Mask.mp4,Data-Processing\Raw-Data\Otsu\M4\240p\Traffic2\Traffic2-Mask.mp4,0.8166,0.0274,0.8633,0.7335,0.0256,0.7818,250
240p,Traffic2,K4,A0.001_,T0.9,M5,Data-Processing\Raw-Data\Param-Sweep\240p\Traffic2\K4\A0.001_\T0.9\M5\Traffic2-Mask.mp4,Data-Processing\Raw-Data\OpenCV\M5\240p\Traffic2\Traffic2-Mask.mp4,Data-Processing\Raw-Data\Otsu\M5\240p\Traffic2\Traffic2-Mask.mp4,0.8287,0.0285,0.879,0.7741,0.0293,0.8258,250
240p,Traffic2,K4,A0.01_,T0.5,M3,Data-Processing\Raw-Data\Param-Sweep\240p\Traffic2\K4\A0.01_\T0.5\M3\Traffic2-Mask.mp4,Data-Processing\Raw-Data\OpenCV\M3\240p\Traffic2\Traffic2-Mask.mp4,Data-Processing\Raw-Data\Otsu\M3\240p\Traffic2\Traffic2-Mask.mp4,0.8011,0.0356,0.8621,0.6295,0.026,0.692,250
240p,Traffic2,K4,A0.01_,T0.5,M4,Data-Processing\Raw-Data\Param-Sweep\240p\Traffic2\K4\A0.01_\T0.5\M4\Traffic2-Mask.mp4,Data-Processing\Raw-Data\OpenCV\M4\240p\Traffic2\Traffic2-Mask.mp4,Data-Processing\Raw-Data\Otsu\M4\240p\Traffic2\Traffic2-Mask.mp4,0.852,0.0184,0.8788,0.7596,0.0198,0.7897,250
240p,Traffic2,K4,A0.01_,T0.5,M5,Data-Processing\Raw-Data\Param-Sweep\240p\Traffic2\K4\A0.01_\T0.5\M5\Traffic2-Mask.mp4,Data-Processing\Raw-Data\OpenCV\M5\240p\Traffic2\Traffic2-Mask.mp4,Data-Processing\Raw-Data\Otsu\M5\240p\Traffic2\Traffic2-Mask.mp4,0.8657,0.019,0.8964,0.8033,0.0224,0.8382,250
240p,Traffic2,K4,A0.01_,T0.7,M3,Data-Processing\Raw-Data\Param-Sweep\240p\Traffic2\K4\A0.01_\T0.7\M3\Traffic2-Mask.mp4,Data-Processing\Raw-Data\OpenCV\M3\240p\Traffic2\Traffic2-Mask.mp4,Data-Processing\Raw-Data\Otsu\M3\240p\Traffic2\Traffic2-Mask.mp4,0.8458,0.0247,0.8852,0.6642,0.017,0.7021,250
240p,Traffic2,K4,A0.01_,T0.7,M4,Data-Processing\Raw-Data\Param-Sweep\240p\Traffic2\K4\A0.01_\T0.7\M4\Traffic2-Mask.mp4,Data-Processing\Raw-Data\OpenCV\M4\240p\Traffic2\Traffic2-Mask.mp4,Data-Processing\Raw-Data\Otsu\M4\240p\Traffic2\Traffic2-Mask.mp4,0.8752,0.0137,0.8964,0.7824,0.0127,0.8011,250
240p,Traffic2,K4,A0.01_,T0.7,M5,Data-Processing\Raw-Data\Param-Sweep\240p\Traffic2\K4\A0.01_\T0.7\M5\Traffic2-Mask.mp4,Data-Processing\Raw-Data\OpenCV\M5\240p\Traffic2\Traffic2-Mask.mp4,Data-Processing\Raw-Data\Otsu\M5\240p\Traffic2\Traffic2-Mask.mp4,0.8932,0.0132,0.9163,0.8286,0.0142,0.8513,250
240p,Traffic2,K4,A0.01_,T0.9,M3,Data-Processing\Raw-Data\Param-Sweep\240p\Traffic2\K4\A0.01_\T0.9\M3\Traffic2-Mask.mp4,Data-Processing\Raw-Data\OpenCV\M3\240p\Traffic2\Traffic2-Mask.mp4,Data-Processing\Raw-Data\Otsu\M3\240p\Traffic2\Traffic2-Mask.mp4,0.8842,0.0181,0.9093,0.7097,0.0068,0.72,250
240p,Traffic2,K4,A0.01_,T0.9,M4,Data-Processing\Raw-Data\Param-Sweep\240p\Traffic2\K4\A0.01_\T0.9\M4\Traffic2-Mask.mp4,Data-Processing\Raw-Data\OpenCV\M4\240p\Traffic2\Traffic2-Mask.mp4,Data-Processing\Raw-Data\Otsu\M4\240p\Traffic2\Traffic2-Mask.mp4,0.8917,0.0122,0.9053,0.8151,0.0032,0.8171,250
240p,Traffic2,K4,A0.01_,T0.9,M5,Data-Processing\Raw-Data\Param-Sweep\240p\Traffic2\K4\A0.01_\T0.9\M5\Traffic2-Mask.mp4,Data-Processing\Raw-Data\OpenCV\M5\240p\Traffic2\Traffic2-Mask.mp4,Data-Processing\Raw-Data\Otsu\M5\240p\Traffic2\Traffic2-Mask.mp4,0.9145,0.0105,0.9311,0.8647,0.0033,0.8685,250
240p,Traffic2,K4,A0.1_,T0.5,M3,Data-Processing\Raw-Data\Param-Sweep\240p\Traffic2\K4\A0.1_\T0.5\M3\Traffic2-Mask.mp4,Data-Processing\Raw-Data\OpenCV\M3\240p\Traffic2\Traffic2-Mask.mp4,Data-Processing\Raw-Data\Otsu\M3\240p\Traffic2\Traffic2-Mask.mp4,0.7928,0.0258,0.8331,0.6635,0.0093,0.676,250
240p,Traffic2,K4,A0.1_,T0.5,M4,Data-Processing\Raw-Data\Param-Sweep\240p\Traffic2\K4\A0.1_\T0.5\M4\Traffic2-Mask.mp4,Data-Processing\Raw-Data\OpenCV\M4\240p\Traffic2\Traffic2-Mask.mp4,Data-Processing\Raw-Data\Otsu\M4\240p\Traffic2\Traffic2-Mask.mp4,0.8505,0.0176,0.8807,0.7948,0.0058,0.8034,250
240p,Traffic2,K4,A0.1_,T0.5,M5,Data-Processing\Raw-Data\Param-Sweep\240p\Traffic2\K4\A0.1_\T0.5\M5\Traffic2-Mask.mp4,Data-Processing\Raw-Data\OpenCV\M5\240p\Traffic2\Traffic2-Mask.mp4,Data-Processing\Raw-Data\Otsu\M5\240p\Traffic2\Traffic2-Mask.mp4,0.8638,0.0155,0.8916,0.8433,0.0061,0.853,250
240p,Traffic2,K4,A0.1_,T0.7,M3,Data-Processing\Raw-Data\Param-Sweep\240p\Traffic2\K4\A0.1_\T0.7\M3\Traffic2-Mask.mp4,Data-Processing\Raw-Data\OpenCV\M3\240p\Traffic2\Traffic2-Mask.mp4,Data-Processing\Raw-Data\Otsu\M3\240p\Traffic2\Traffic2-Mask.mp4,0.83,0.0197,0.8552,0.6993,0.0043,0.6989,250
240p,Traffic2,K4,A0.1_,T0.7,M4,Data-Processing\Raw-Data\Param-Sweep\240p\Traffic2\K4\A0.1_\T0.7\M4\Traffic2-Mask.mp4,Data-Processing\Raw-Data\OpenCV\M4\240p\Traffic2\Traffic2-Mask.mp4,Data-Processing\Raw-Data\Otsu\M4\240p\Traffic2\Traffic2-Mask.mp4,0.8703,0.0146,0.8915,0.8191,0.0027,0.8179,250
240p,Traffic2,K4,A0.1_,T0.7,M5,Data-Processing\Raw-Data\Param-Sweep\240p\Traffic2\K4\A0.1_\T0.7\M5\Traffic2-Mask.mp4,Data-Processing\Raw-Data\OpenCV\M5\240p\Traffic2\Traffic2-Mask.mp4,Data-Processing\Raw-Data\Otsu\M5\240p\Traffic2\Traffic2-Mask.mp4,0.8858,0.0125,0.9051,0.8707,0.0027,0.871,250
240p,Traffic2,K4,A0.1_,T0.9,M3,Data-Processing\Raw-Data\Param-Sweep\240p\Traffic2\K4\A0.1_\T0.9\M3\Traffic2-Mask.mp4,Data-Processing\Raw-Data\OpenCV\M3\240p\Traffic2\Traffic2-Mask.mp4,Data-Processing\Raw-Data\Otsu\M3\240p\Traffic2\Traffic2-Mask.mp4,0.8595,0.018,0.8784,0.7269,0.0021,0.7267,250
240p,Traffic2,K4,A0.1_,T0.9,M4,Data-Processing\Raw-Data\Param-Sweep\240p\Traffic2\K4\A0.1_\T0.9\M4\Traffic2-Mask.mp4,Data-Processing\Raw-Data\OpenCV\M4\240p\Traffic2\Traffic2-Mask.mp4,Data-Processing\Raw-Data\Otsu\M4\240p\Traffic2\Traffic2-Mask.mp4,0.8843,0.0133,0.8993,0.8345,0.0012,0.8313,250
240p,Traffic2,K4,A0.1_,T0.9,M5,Data-Processing\Raw-Data\Param-Sweep\240p\Traffic2\K4\A0.1_\T0.9\M5\Traffic2-Mask.mp4,Data-Processing\Raw-Data\OpenCV\M5\240p\Traffic2\Traffic2-Mask.mp4,Data-Processing\Raw-Data\Otsu\M5\240p\Traffic2\Traffic2-Mask.mp4,0.9015,0.0112,0.9169,0.8882,0.001,0.8871,250
360p,Traffic2,K2,A0.001_,T0.5,M3,Data-Processing\Raw-Data\Param-Sweep\360p\Traffic2\K2\A0.001_\T0.5\M3\Traffic2-Mask.mp4,Data-Processing\Raw-Data\OpenCV\M3\360p\Traffic2\Traffic2-Mask.mp4,Data-Processing\Raw-Data\Otsu\M3\360p\Traffic2\Traffic2-Mask.mp4,0.2279,0.0178,0.2862,0.2335,0.0219,0.2966,250
360p,Traffic2,K2,A0.001_,T0.5,M4,Data-Processing\Raw-Data\Param-Sweep\360p\Traffic2\K2\A0.001_\T0.5\M4\Traffic2-Mask.mp4,Data-Processing\Raw-Data\OpenCV\M4\360p\Traffic2\Traffic2-Mask.mp4,Data-Processing\Raw-Data\Otsu\M4\360p\Traffic2\Traffic2-Mask.mp4,0.39,0.0293,0.4591,0.3831,0.0322,0.4594,250
360p,Traffic2,K2,A0.001_,T0.5,M5,Data-Processing\Raw-Data\Param-Sweep\360p\Traffic2\K2\A0.001_\T0.5\M5\Traffic2-Mask.mp4,Data-Processing\Raw-Data\OpenCV\M5\360p\Traffic2\Traffic2-Mask.mp4,Data-Processing\Raw-Data\Otsu\M5\360p\Traffic2\Traffic2-Mask.mp4,0.3911,0.03,0.4644,0.3838,0.0328,0.4617,250
360p,Traffic2,K2,A0.001_,T0.7,M3,Data-Processing\Raw-Data\Param-Sweep\360p\Traffic2\K2\A0.001_\T0.7\M3\Traffic2-Mask.mp4,Data-Processing\Raw-Data\OpenCV\M3\360p\Traffic2\Traffic2-Mask.mp4,Data-Processing\Raw-Data\Otsu\M3\360p\Traffic2\Traffic2-Mask.mp4,0.2516,0.0239,0.2878,0.2521,0.0265,0.298,250
360p,Traffic2,K2,A0.001_,T0.7,M4,Data-Processing\Raw-Data\Param-Sweep\360p\Traffic2\K2\A0.001_\T0.7\M4\Traffic2-Mask.mp4,Data-Processing\Raw-Data\OpenCV\M4\360p\Traffic2\Traffic2-Mask.mp4,Data-Processing\Raw-Data\Otsu\M4\360p\Traffic2\Traffic2-Mask.mp4,0.4317,0.043,0.4646,0.4149,0.0414,0.465,250
360p,Traffic2,K2,A0.001_,T0.7,M5,Data-Processing\Raw-Data\Param-Sweep\360p\Traffic2\K2\A0.001_\T0.7\M5\Traffic2-Mask.mp4,Data-Processing\Raw-Data\OpenCV\M5\360p\Traffic2\Traffic2-Mask.mp4,Data-Processing\Raw-Data\Otsu\M5\360p\Traffic2\Traffic2-Mask.mp4,0.4328,0.0439,0.4672,0.4197,0.044,0.4646,250
360p,Traffic2,K2,A0.001_,T0.9,M3,Data-Processing\Raw-Data\Param-Sweep\360p\Traffic2\K2\A0.001_\T0.9\M3\Traffic2-Mask.mp4,Data-Processing\Raw-Data\OpenCV\M3\360p\Traffic2\Traffic2-Mask.mp4,Data-Processing\Raw-Data\Otsu\M3\360p\Traffic2\Traffic2-Mask.mp4,0.4488,0.0522,0.4832,0.3853,0.0361,0.4258,250
360p,Traffic2,K2,A0.001_,T0.9,M4,Data-Processing\Raw-Data\Param-Sweep\360p\Traffic2\K2\A0.001_\T0.9\M4\Traffic2-Mask.mp4,Data-Processing\Raw-Data\OpenCV\M4\360p\Traffic2\Traffic2-Mask.mp4,Data-Processing\Raw-Data\Otsu\M4\360p\Traffic2\Traffic2-Mask.mp4,0.6178,0.052,0.6717,0.5548,0.043,0.6071,250
360p,Traffic2,K2,A0.001_,T0.9,M5,Data-Processing\Raw-Data\Param-Sweep\360p\Traffic2\K2\A0.001_\T0.9\M5\Traffic2-Mask.mp4,Data-Processing\Raw-Data\OpenCV\M5\360p\Traffic2\Traffic2-Mask.mp4,Data-Processing\Raw-Data\Otsu\M5\360p\Traffic2\Traffic2-Mask.mp4,0.6192,0.053,0.6752,0.5776,0.049,0.6323,250
360p,Traffic2,K2,A0.01_,T0.5,M3,Data-Processing\Raw-Data\Param-Sweep\360p\Traffic2\K2\A0.01_\T0.5\M3\Traffic2-Mask.mp4,Data-Processing\Raw-Data\OpenCV\M3\360p\Traffic2\Traffic2-Mask.mp4,Data-Processing\Raw-Data\Otsu\M3\360p\Traffic2\Traffic2-Mask.mp4,0.7281,0.0464,0.8108,0.5626,0.029,0.6272,250
360p,Traffic2,K2,A0.01_,T0.5,M4,Data-Processing\Raw-Data\Param-Sweep\360p\Traffic2\K2\A0.01_\T0.5\M4\Traffic2-Mask.mp4,Data-Processing\Raw-Data\OpenCV\M4\360p\Traffic2\Traffic2-Mask.mp4,Data-Processing\Raw-Data\Otsu\M4\360p\Traffic2\Traffic2-Mask.mp4,0.805,0.0284,0.8556,0.7004,0.0258,0.7449,250
360p,Traffic2,K2,A0.01_,T0.5,M5,Data-Processing\Raw-Data\Param-Sweep\360p\Traffic2\K2\A0.01_\T0.5\M5\Traffic2-Mask.mp4,Data-Processing\Raw-Data\OpenCV\M5\360p\Traffic2\Traffic2-Mask.mp4,Data-Processing\Raw-Data\Otsu\M5\360p\Traffic2\Traffic2-Mask.mp4,0.8109,0.0294,0.8645,0.74,0.0298,0.7847,250
360p,Traffic2,K2,A0.01_,T0.7,M3,Data-Processing\Raw-Data\Param-Sweep\360p\Traffic2\K2\A0.01_\T0.7\M3\Traffic2-Mask.mp4,Data-Processing\Raw-Data\OpenCV\M3\360p\Traffic2\Traffic2-Mask.mp4,Data-Processing\Raw-Data\Otsu\M3\360p\Traffic2\Traffic2-Mask.mp4,0.7768,0.0346,0.8372,0.597,0.0223,0.6479,250
360p,Traffic2,K2,A0.01_,T0.7,M4,Data-Processing\Raw-Data\Param-Sweep\360p\Traffic2\K2\A0.01_\T0.7\M4\Traffic2-Mask.mp4,Data-Processing\Raw-Data\OpenCV\M4\360p\Traffic2\Traffic2-Mask.mp4,Data-Processing\Raw-Data\Otsu\M4\360p\Traffic2\Traffic2-Mask.mp4,0.8374,0.018,0.8674,0.7262,0.0177,0.7557,250
360p,Traffic2,K2,A0.01_,T0.7,M5,Data-Processing\Raw-Data\Param-Sweep\360p\Traffic2\K2\A0.01_\T0.7\M5\Traffic2-Mask.mp4,Data-Processing\Raw-Data\OpenCV\M5\360p\Traffic2\Traffic2-Mask.mp4,Data-Processing\Raw-Data\Otsu\M5\360p\Traffic2\Traffic2-Mask.mp4,0.8439,0.0184,0.8773,0.7678,0.0205,0.7951,250
360p,Traffic2,K2,A0.01_,T0.9,M3,Data-Processing\Raw-Data\Param-Sweep\360p\Traffic2\K2\A0.01_\T0.9\M3\Traffic2-Mask.mp4,Data-Processing\Raw-Data\OpenCV\M3\360p\Traffic2\Traffic2-Mask.mp4,Data-Processing\Raw-Data\Otsu\M3\360p\Traffic2\Traffic2-Mask.mp4,0.8522,0.018,0.8763,0.6598,0.0088,0.6789,250
360p,Traffic2,K2,A0.01_,T0.9,M4,Data-Processing\Raw-Data\Param-Sweep\360p\Traffic2\K2\A0.01_\T0.9\M4\Traffic2-Mask.mp4,Data-Processing\Raw-Data\OpenCV\M4\360p\Traffic2\Traffic2-Mask.mp4,Data-Processing\Raw-Data\Otsu\M4\360p\Traffic2\Traffic2-Mask.mp4,0.8834,0.011,0.8996,0.7706,0.0068,0.7807,250
360p,Traffic2,K2,A0.01_,T0.9,M5,Data-Processing\Raw-Data\Param-Sweep\360p\Traffic2\K2\A0.01_\T0.9\M5\Traffic2-Mask.mp4,Data-Processing\Raw-Data\OpenCV\M5\360p\Traffic2\Traffic2-Mask.mp4,Data-Processing\Raw-Data\Otsu\M5\360p\Traffic2\Traffic2-Mask.mp4,0.8929,0.0101,0.91,0.8155,0.0077,0.8263,250
360p,Traffic2,K2,A0.1_,T0.5,M3,Data-Processing\Raw-Data\Param-Sweep\360p\Traffic2\K2\A0.1_\T0.5\M3\Traffic2-Mask.mp4,Data-Processing\Raw-Data\OpenCV\M3\360p\Traffic2\Traffic2-Mask.mp4,Data-Processing\Raw-Data\Otsu\M3\360p\Traffic2\Traffic2-Mask.mp4,0.8037,0.0223,0.8418,0.6402,0.008,0.6503,250
360p,Traffic2,K2,A0.1_,T0.5,M4,Data-Processing\Raw-Data\Param-Sweep\360p\Traffic2\K2\A0.1_\T0.5\M4\Traffic2-Mask.mp4,Data-Processing\Raw-Data\OpenCV\M4\360p\Traffic2\Traffic2-Mask.mp4,Data-Processing\Raw-Data\Otsu\M4\360p\Traffic2\Traffic2-Mask.mp4,0.8584,0.0153,0.8826,0.7645,0.0046,0.768,250
360p,Traffic2,K2,A0.1_,T0.5,M5,Data-Processing\Raw-Data\Param-Sweep\360p\Traffic2\K2\A0.1_\T0.5\M5\Traffic2-Mask.mp4,Data-Processing\Raw-Data\OpenCV\M5\360p\Traffic2\Traffic2-Mask.mp4,Data-Processing\Raw-Data\Otsu\M5\360p\Traffic2\Traffic2-Mask.mp4,0.8672,0.0135,0.8901,0.8105,0.005,0.8157,250
360p,Traffic2,K2,A0.1_,T0.7,M3,Data-Processing\Raw-Data\Param-Sweep\360p\Traffic2\K2\A0.1_\T0.7\M3\Traffic2-Mask.mp4,Data-Processing\Raw-Data\OpenCV\M3\360p\Traffic2\Traffic2-Mask.mp4,Data-Processing\Raw-Data\Otsu\M3\360p\Traffic2\Traffic2-Mask.mp4,0.8417,0.0174,0.8668,0.6721,0.004,0.6725,250
360p,Traffic2,K2,A0.1_,T0.7,M4,Data-Processing\Raw-Data\Param-Sweep\360p\Traffic2\K2\A0.1_\T0.7\M4\Traffic2-Mask.mp4,Data-Processing\Raw-Data\OpenCV\M4\360p\Traffic2\Traffic2-Mask.mp4,Data-Processing\Raw-Data\Otsu\M4\360p\Traffic2\Traffic2-Mask.mp4,0.8788,0.0128,0.8969,0.7859,0.002,0.7854,250
360p,Traffic2,K2,A0.1_,T0.7,M5,Data-Processing\Raw-Data\Param-Sweep\360p\Traffic2\K2\A0.1_\T0.7\M5\Traffic2-Mask.mp4,Data-Processing\Raw-Data\OpenCV\M5\360p\Traffic2\Traffic2-Mask.mp4,Data-Processing\Raw-Data\Otsu\M5\360p\Traffic2\Traffic2-Mask.mp4,0.8888,0.0109,0.9044,0.8338,0.002,0.831,250
360p,Traffic2,K2,A0.1_,T0.9,M3,Data-Processing\Raw-Data\Param-Sweep\360p\Traffic2\K2\A0.1_\T0.9\M3\Traffic2-Mask.mp4,Data-Processing\Raw-Data\OpenCV\M3\360p\Traffic2\Traffic2-Mask.mp4,Data-Processing\Raw-Data\Otsu\M3\360p\Traffic2\Traffic2-Mask.mp4,0.8662,0.0164,0.8819,0.7005,0.0022,0.7005,250
360p,Traffic2,K2,A0.1_,T0.9,M4,Data-Processing\Raw-Data\Param-Sweep\360p\Traffic2\K2\A0.1_\T0.9\M4\Traffic2-Mask.mp4,Data-Processing\Raw-Data\OpenCV\M4\360p\Traffic2\Traffic2-Mask.mp4,Data-Processing\Raw-Data\Otsu\M4\360p\Traffic2\Traffic2-Mask.mp4,0.889,0.0126,0.9015,0.8062,0.0011,0.8028,250
360p,Traffic2,K2,A0.1_,T0.9,M5,Data-Processing\Raw-Data\Param-Sweep\360p\Traffic2\K2\A0.1_\T0.9\M5\Traffic2-Mask.mp4,Data-Processing\Raw-Data\OpenCV\M5\360p\Traffic2\Traffic2-Mask.mp4,Data-Processing\Raw-Data\Otsu\M5\360p\Traffic2\Traffic2-Mask.mp4,0.9017,0.0106,0.9166,0.8583,0.001,0.8526,250
360p,Traffic2,K3,A0.001_,T0.5,M3,Data-Processing\Raw-Data\Param-Sweep\360p\Traffic2\K3\A0.001_\T0.5\M3\Traffic2-Mask.mp4,Data-Processing\Raw-Data\OpenCV\M3\360p\Traffic2\Traffic2-Mask.mp4,Data-Processing\Raw-Data\Otsu\M3\360p\Traffic2\Traffic2-Mask.mp4,0.344,0.0395,0.3013,0.3117,0.0294,0.3118,250
360p,Traffic2,K3,A0.001_,T0.5,M4,Data-Processing\Raw-Data\Param-Sweep\360p\Traffic2\K3\A0.001_\T0.5\M4\Traffic2-Mask.mp4,Data-Processing\Raw-Data\OpenCV\M4\360p\Traffic2\Traffic2-Mask.mp4,Data-Processing\Raw-Data\Otsu\M4\360p\Traffic2\Traffic2-Mask.mp4,0.5077,0.035,0.4921,0.4712,0.0319,0.479,250
360p,Traffic2,K3,A0.001_,T0.5,M5,Data-Processing\Raw-Data\Param-Sweep\360p\Traffic2\K3\A0.001_\T0.5\M5\Traffic2-Mask.mp4,Data-Processing\Raw-Data\OpenCV\M5\360p\Traffic2\Traffic2-Mask.mp4,Data-Processing\Raw-Data\Otsu\M5\360p\Traffic2\Traffic2-Mask.mp4,0.5091,0.0356,0.4933,0.4831,0.0349,0.4799,250
360p,Traffic2,K3,A0.001_,T0.7,M3,Data-Processing\Raw-Data\Param-Sweep\360p\Traffic2\K3\A0.001_\T0.7\M3\Traffic2-Mask.mp4,Data-Processing\Raw-Data\OpenCV\M3\360p\Traffic2\Traffic2-Mask.mp4,Data-Processing\Raw-Data\Otsu\M3\360p\Traffic2\Traffic2-Mask.mp4,0.4907,0.0738,0.4154,0.409,0.0434,0.3671,250
360p,Traffic2,K3,A0.001_,T0.7,M4,Data-Processing\Raw-Data\Param-Sweep\360p\Traffic2\K3\A0.001_\T0.7\M4\Traffic2-Mask.mp4,Data-Processing\Raw-Data\OpenCV\M4\360p\Traffic2\Traffic2-Mask.mp4,Data-Processing\Raw-Data\Otsu\M4\360p\Traffic2\Traffic2-Mask.mp4,0.6317,0.0527,0.6652,0.5652,0.0406,0.5891,250
360p,Traffic2,K3,A0.001_,T0.7,M5,Data-Processing\Raw-Data\Param-Sweep\360p\Traffic2\K3\A0.001_\T0.7\M5\Traffic2-Mask.mp4,Data-Processing\Raw-Data\OpenCV\M5\360p\Traffic2\Traffic2-Mask.mp4,Data-Processing\Raw-Data\Otsu\M5\360p\Traffic2\Traffic2-Mask.mp4,0.6347,0.0537,0.6694,0.5902,0.0474,0.6221,250
360p,Traffic2,K3,A0.001_,T0.9,M3,Data-Processing\Raw-Data\Param-Sweep\360p\Traffic2\K3\A0.001_\T0.9\M3\Traffic2-Mask.mp4,Data-Processing\Raw-Data\OpenCV\M3\360p\Traffic2\Traffic2-Mask.mp4,Data-Processing\Raw-Data\Otsu\M3\360p\Traffic2\Traffic2-Mask.mp4,0.6853,0.0676,0.7858,0.5384,0.0378,0.6151,250
360p,Traffic2,K3,A0.001_,T0.9,M4,Data-Processing\Raw-Data\Param-Sweep\360p\Traffic2\K3\A0.001_\T0.9\M4\Traffic2-Mask.mp4,Data-Processing\Raw-Data\OpenCV\M4\360p\Traffic2\Traffic2-Mask.mp4,Data-Processing\Raw-Data\Otsu\M4\360p\Traffic2\Traffic2-Mask.mp4,0.78,0.0385,0.8449,0.6817,0.0298,0.7419,250
360p,Traffic2,K3,A0.001_,T0.9,M5,Data-Processing\Raw-Data\Param-Sweep\360p\Traffic2\K3\A0.001_\T0.9\M5\Traffic2-Mask.mp4,Data-Processing\Raw-Data\OpenCV\M5\360p\Traffic2\Traffic2-Mask.mp4,Data-Processing\Raw-Data\Otsu\M5\360p\Traffic2\Traffic2-Mask.mp4,0.7859,0.0395,0.8533,0.7192,0.0355,0.7839,250
360p,Traffic2,K3,A0.01_,T0.5,M3,Data-Processing\Raw-Data\Param-Sweep\360p\Traffic2\K3\A0.01_\T0.5\M3\Traffic2-Mask.mp4,Data-Processing\Raw-Data\OpenCV\M3\360p\Traffic2\Traffic2-Mask.mp4,Data-Processing\Raw-Data\Otsu\M3\360p\Traffic2\Traffic2-Mask.mp4,0.7887,0.0391,0.8569,0.6032,0.0246,0.6643,250
360p,Traffic2,K3,A0.01_,T0.5,M4,Data-Processing\Raw-Data\Param-Sweep\360p\Traffic2\K3\A0.01_\T0.5\M4\Traffic2-Mask.mp4,Data-Processing\Raw-Data\OpenCV\M4\360p\Traffic2\Traffic2-Mask.mp4,Data-Processing\Raw-Data\Otsu\M4\360p\Traffic2\Traffic2-Mask.mp4,0.8459,0.0197,0.8801,0.7312,0.0187,0.7661,250
360p,Traffic2,K3,A0.01_,T0.5,M5,Data-Processing\Raw-Data\Param-Sweep\360p\Traffic2\K3\A0.01_\T0.5\M5\Traffic2-Mask.mp4,Data-Processing\Raw-Data\OpenCV\M5\360p\Traffic2\Traffic2-Mask.mp4,Data-Processing\Raw-Data\Otsu\M5\360p\Traffic2\Traffic2-Mask.mp4,0.8546,0.0203,0.8918,0.7737,0.0217,0.8082,250
360p,Traffic2,K3,A0.01_,T0.7,M3,Data-Processing\Raw-Data\Param-Sweep\360p\Traffic2\K3\A0.01_\T0.7\M3\Traffic2-Mask.mp4,Data-Processing\Raw-Data\OpenCV\M3\360p\Traffic2\Traffic2-Mask.mp4,Data-Processing\Raw-Data\Otsu\M3\360p\Traffic2\Traffic2-Mask.mp4,0.8345,0.0267,0.8844,0.6357,0.0173,0.68,250
360p,Traffic2,K3,A0.01_,T0.7,M4,Data-Processing\Raw-Data\Param-Sweep\360p\Traffic2\K3\A0.01_\T0.7\M4\Traffic2-Mask.mp4,Data-Processing\Raw-Data\OpenCV\M4\360p\Traffic2\Traffic2-Mask.mp4,Data-Processing\Raw-Data\Otsu\M4\360p\Traffic2\Traffic2-Mask.mp4,0.876,0.013,0.8988,0.7554,0.0125,0.7788,250
360p,Traffic2,K3,A0.01_,T0.7,M5,Data-Processing\Raw-Data\Param-Sweep\360p\Traffic2\K3\A0.01_\T0.7\M5\Traffic2-Mask.mp4,Data-Processing\Raw-Data\OpenCV\M5\360p\Traffic2\Traffic2-Mask.mp4,Data-Processing\Raw-Data\Otsu\M5\360p\Traffic2\Traffic2-Mask.mp4,0.8881,0.0129,0.9131,0.8011,0.0145,0.8245,250
360p,Traffic2,K3,A0.01_,T0.9,M3,Data-Processing\Raw-Data\Param-Sweep\360p\Traffic2\K3\A0.01_\T0.9\M3\Traffic2-Mask.mp4,Data-Processing\Raw-Data\OpenCV\M3\360p\Traffic2\Traffic2-Mask.mp4,Data-Processing\Raw-Data\Otsu\M3\360p\Traffic2\Traffic2-Mask.mp4,0.8845,0.0159,0.9056,0.6828,0.007,0.6952,250
360p,Traffic2,K3,A0.01_,T0.9,M4,Data-Processing\Raw-Data\Param-Sweep\360p\Traffic2\K3\A0.01_\T0.9\M4\Traffic2-Mask.mp4,Data-Processing\Raw-Data\OpenCV\M4\360p\Traffic2\Traffic2-Mask.mp4,Data-Processing\Raw-Data\Otsu\M4\360p\Traffic2\Traffic2-Mask.mp4,0.8991,0.0106,0.9142,0.7864,0.0046,0.7913,250
360p,Traffic2,K3,A0.01_,T0.9,M5,Data-Processing\Raw-Data\Param-Sweep\360p\Traffic2\K3\A0.01_\T0.9\M5\Traffic2-Mask.mp4,Data-Processing\Raw-Data\OpenCV\M5\360p\Traffic2\Traffic2-Mask.mp4,Data-Processing\Raw-Data\Otsu\M5\360p\Traffic2\Traffic2-Mask.mp4,0.9155,0.0093,0.932,0.8349,0.0052,0.8415,250
360p,Traffic2,K3,A0.1_,T0.5,M3,Data-Processing\Raw-Data\Param-Sweep\360p\Traffic2\K3\A0.1_\T0.5\M3\Traffic2-Mask.mp4,Data-Processing\Raw-Data\OpenCV\M3\360p\Traffic2\Traffic2-Mask.mp4,Data-Processing\Raw-Data\Otsu\M3\360p\Traffic2\Traffic2-Mask.mp4,0.8075,0.0229,0.8456,0.648,0.0079,0.6574,250
360p,Traffic2,K3,A0.1_,T0.5,M4,Data-Processing\Raw-Data\Param-Sweep\360p\Traffic2\K3\A0.1_\T0.5\M4\Traffic2-Mask.mp4,Data-Processing\Raw-Data\OpenCV\M4\360p\Traffic2\Traffic2-Mask.mp4,Data-Processing\Raw-Data\Otsu\M4\360p\Traffic2\Traffic2-Mask.mp4,0.8618,0.0156,0.8882,0.7733,0.0043,0.7758,250
360p,Traffic2,K3,A0.1_,T0.5,M5,Data-Processing\Raw-Data\Param-Sweep\360p\Traffic2\K3\A0.1_\T0.5\M5\Traffic2-Mask.mp4,Data-Processing\Raw-Data\OpenCV\M5\360p\Traffic2\Traffic2-Mask.mp4,Data-Processing\Raw-Data\Otsu\M5\360p\Traffic2\Traffic2-Mask.mp4,0.8718,0.0137,0.8969,0.8211,0.0046,0.8264,250
360p,Traffic2,K3,A0.1_,T0.7,M3,Data-Processing\Raw-Data\Param-Sweep\360p\Traffic2\K3\A0.1_\T0.7\M3\Traffic2-Mask.mp4,Data-Processing\Raw-Data\OpenCV\M3\360p\Traffic2\Traffic2-Mask.mp4,Data-Processing\Raw-Data\Otsu\M3\360p\Traffic2\Traffic2-Mask.mp4,0.8425,0.0177,0.8694,0.679,0.0039,0.6788,250
360p,Traffic2,K3,A0.1_,T0.7,M4,Data-Processing\Raw-Data\Param-Sweep\360p\Traffic2\K3\A0.1_\T0.7\M4\Traffic2-Mask.mp4,Data-Processing\Raw-Data\OpenCV\M4\360p\Traffic2\Traffic2-Mask.mp4,Data-Processing\Raw-Data\Otsu\M4\360p\Traffic2\Traffic2-Mask.mp4,0.8788,0.013,0.8976,0.7939,0.0018,0.7926,250
360p,Traffic2,K3,A0.1_,T0.7,M5,Data-Processing\Raw-Data\Param-Sweep\360p\Traffic2\K3\A0.1_\T0.7\M5\Traffic2-Mask.mp4,Data-Processing\Raw-Data\OpenCV\M5\360p\Traffic2\Traffic2-Mask.mp4,Data-Processing\Raw-Data\Otsu\M5\360p\Traffic2\Traffic2-Mask.mp4,0.8905,0.011,0.9073,0.8447,0.0018,0.8425,250
360p,Traffic2,K3,A0.1_,T0.9,M3,Data-Processing\Raw-Data\Param-Sweep\360p\Traffic2\K3\A0.1_\T0.9\M3\Traffic2-Mask.mp4,Data-Processing\Raw-Data\OpenCV\M3\360p\Traffic2\Traffic2-Mask.mp4,Data-Processing\Raw-Data\Otsu\M3\360p\Traffic2\Traffic2-Mask.mp4,0.8691,0.0164,0.8842,0.7051,0.002,0.7054,250
360p,Traffic2,K3,A0.1_,T0.9,M4,Data-Processing\Raw-Data\Param-Sweep\360p\Traffic2\K3\A0.1_\T0.9\M4\Traffic2-Mask.mp4,Data-Processing\Raw-Data\OpenCV\M4\360p\Traffic2\Traffic2-Mask.mp4,Data-Processing\Raw-Data\Otsu\M4\360p\Traffic2\Traffic2-Mask.mp4,0.8892,0.0126,0.902,0.8087,0.0011,0.8067,250
360p,Traffic2,K3,A0.1_,T0.9,M5,Data-Processing\Raw-Data\Param-Sweep\360p\Traffic2\K3\A0.1_\T0.9\M5\Traffic2-Mask.mp4,Data-Processing\Raw-Data\OpenCV\M5\360p\Traffic2\Traffic2-Mask.mp4,Data-Processing\Raw-Data\Otsu\M5\360p\Traffic2\Traffic2-Mask.mp4,0.9027,0.0106,0.9167,0.8617,0.001,0.8569,250
360p,Traffic2,K4,A0.001_,T0.5,M3,Data-Processing\Raw-Data\Param-Sweep\360p\Traffic2\K4\A0.001_\T0.5\M3\Traffic2-Mask.mp4,Data-Processing\Raw-Data\OpenCV\M3\360p\Traffic2\Traffic2-Mask.mp4,Data-Processing\Raw-Data\Otsu\M3\360p\Traffic2\Traffic2-Mask.mp4,0.3872,0.0452,0.3164,0.3396,0.03,0.3198,250
360p,Traffic2,K4,A0.001_,T0.5,M4,Data-Processing\Raw-Data\Param-Sweep\360p\Traffic2\K4\A0.001_\T0.5\M4\Traffic2-Mask.mp4,Data-Processing\Raw-Data\OpenCV\M4\360p\Traffic2\Traffic2-Mask.mp4,Data-Processing\Raw-Data\Otsu\M4\360p\Traffic2\Traffic2-Mask.mp4,0.5362,0.0349,0.4973,0.4943,0.0305,0.49,250
360p,Traffic2,K4,A0.001_,T0.5,M5,Data-Processing\Raw-Data\Param-Sweep\360p\Traffic2\K4\A0.001_\T0.5\M5\Traffic2-Mask.mp4,Data-Processing\Raw-Data\OpenCV\M5\360p\Traffic2\Traffic2-Mask.mp4,Data-Processing\Raw-Data\Otsu\M5\360p\Traffic2\Traffic2-Mask.mp4,0.538,0.0355,0.4975,0.5088,0.034,0.4945,250
360p,Traffic2,K4,A0.001_,T0.7,M3,Data-Processing\Raw-Data\Param-Sweep\360p\Traffic2\K4\A0.001_\T0.7\M3\Traffic2-Mask.mp4,Data-Processing\Raw-Data\OpenCV\M3\360p\Traffic2\Traffic2-Mask.mp4,Data-Processing\Raw-Data\Otsu\M3\360p\Traffic2\Traffic2-Mask.mp4,0.5561,0.0824,0.6021,0.4528,0.0458,0.5076,250
360p,Traffic2,K4,A0.001_,T0.7,M4,Data-Processing\Raw-Data\Param-Sweep\360p\Traffic2\K4\A0.001_\T0.7\M4\Traffic2-Mask.mp4,Data-Processing\Raw-Data\OpenCV\M4\360p\Traffic2\Traffic2-Mask.mp4,Data-Processing\Raw-Data\Otsu\M4\360p\Traffic2\Traffic2-Mask.mp4,0.6689,0.0541,0.7702,0.5966,0.0407,0.6732,250
360p,Traffic2,K4,A0.001_,T0.7,M5,Data-Processing\Raw-Data\Param-Sweep\360p\Traffic2\K4\A0.001_\T0.7\M5\Traffic2-Mask.mp4,Data-Processing\Raw-Data\OpenCV\M5\360p\Traffic2\Traffic2-Mask.mp4,Data-Processing\Raw-Data\Otsu\M5\360p\Traffic2\Traffic2-Mask.mp4,0.6728,0.0551,0.7727,0.6241,0.0479,0.7052,250
360p,Traffic2,K4,A0.001_,T0.9,M3,Data-Processing\Raw-Data\Param-Sweep\360p\Traffic2\K4\A0.001_\T0.9\M3\Traffic2-Mask.mp4,Data-Processing\Raw-Data\OpenCV\M3\360p\Traffic2\Traffic2-Mask.mp4,Data-Processing\Raw-Data\Otsu\M3\360p\Traffic2\Traffic2-Mask.mp4,0.7592,0.054,0.8555,0.5875,0.031,0.6607,250
360p,Traffic2,K4,A0.001_,T0.9,M4,Data-Processing\Raw-Data\Param-Sweep\360p\Traffic2\K4\A0.001_\T0.9\M4\Traffic2-Mask.mp4,Data-Processing\Raw-Data\OpenCV\M4\360p\Traffic2\Traffic2-Mask.mp4,Data-Processing\Raw-Data\Otsu\M4\360p\Traffic2\Traffic2-Mask.mp4,0.8245,0.0281,0.8776,0.7171,0.0228,0.7684,250
360p,Traffic2,K4,A0.001_,T0.9,M5,Data-Processing\Raw-Data\Param-Sweep\360p\Traffic2\K4\A0.001_\T0.9\M5\Traffic2-Mask.mp4,Data-Processing\Raw-Data\OpenCV\M5\360p\Traffic2\Traffic2-Mask.mp4,Data-Processing\Raw-Data\Otsu\M5\360p\Traffic2\Traffic2-Mask.mp4,0.8332,0.0289,0.8909,0.7579,0.0272,0.8112,250
360p,Traffic2,K4,A0.01_,T0.5,M3,Data-Processing\Raw-Data\Param-Sweep\360p\Traffic2\K4\A0.01_\T0.5\M3\Traffic2-Mask.mp4,Data-Processing\Raw-Data\OpenCV\M3\360p\Traffic2\Traffic2-Mask.mp4,Data-Processing\Raw-Data\Otsu\M3\360p\Traffic2\Traffic2-Mask.mp4,0.8076,0.0353,0.8688,0.6151,0.0227,0.6725,250
360p,Traffic2,K4,A0.01_,T0.5,M4,Data-Processing\Raw-Data\Param-Sweep\360p\Traffic2\K4\A0.01_\T0.5\M4\Traffic2-Mask.mp4,Data-Processing\Raw-Data\OpenCV\M4\360p\Traffic2\Traffic2-Mask.mp4,Data-Processing\Raw-Data\Otsu\M4\360p\Traffic2\Traffic2-Mask.mp4,0.8591,0.0171,0.8857,0.7406,0.0167,0.7738,250
360p,Traffic2,K4,A0.01_,T0.5,M5,Data-Processing\Raw-Data\Param-Sweep\360p\Traffic2\K4\A0.01_\T0.5\M5\Traffic2-Mask.mp4,Data-Processing\Raw-Data\OpenCV\M5\360p\Traffic2\Traffic2-Mask.mp4,Data-Processing\Raw-Data\Otsu\M5\360p\Traffic2\Traffic2-Mask.mp4,0.8695,0.0175,0.9013,0.7845,0.0193,0.8154,250
360p,Traffic2,K4,A0.01_,T0.7,M3,Data-Processing\Raw-Data\Param-Sweep\360p\Traffic2\K4\A0.01_\T0.7\M3\Traffic2-Mask.mp4,Data-Processing\Raw-Data\OpenCV\M3\360p\Traffic2\Traffic2-Mask.mp4,Data-Processing\Raw-Data\Otsu\M3\360p\Traffic2\Traffic2-Mask.mp4,0.8503,0.0244,0.8922,0.6469,0.0149,0.6831,250
360p,Traffic2,K4,A0.01_,T0.7,M4,Data-Processing\Raw-Data\Param-Sweep\360p\Traffic2\K4\A0.01_\T0.7\M4\Traffic2-Mask.mp4,Data-Processing\Raw-Data\OpenCV\M4\360p\Traffic2\Traffic2-Mask.mp4,Data-Processing\Raw-Data\Otsu\M4\360p\Traffic2\Traffic2-Mask.mp4,0.8848,0.0124,0.9051,0.7637,0.0106,0.7831,250
360p,Traffic2,K4,A0.01_,T0.7,M5,Data-Processing\Raw-Data\Param-Sweep\360p\Traffic2\K4\A0.01_\T0.7\M5\Traffic2-Mask.mp4,Data-Processing\Raw-Data\OpenCV\M5\360p\Traffic2\Traffic2-Mask.mp4,Data-Processing\Raw-Data\Otsu\M5\360p\Traffic2\Traffic2-Mask.mp4,0.8992,0.0119,0.9205,0.8105,0.0121,0.8269,250
360p,Traffic2,K4,A0.01_,T0.9,M3,Data-Processing\Raw-Data\Param-Sweep\360p\Traffic2\K4\A0.01_\T0.9\M3\Traffic2-Mask.mp4,Data-Processing\Raw-Data\OpenCV\M3\360p\Traffic2\Traffic2-Mask.mp4,Data-Processing\Raw-Data\Otsu\M3\360p\Traffic2\Traffic2-Mask.mp4,0.891,0.0166,0.9124,0.6909,0.0059,0.7005,250
360p,Traffic2,K4,A0.01_,T0.9,M4,Data-Processing\Raw-Data\Param-Sweep\360p\Traffic2\K4\A0.01_\T0.9\M4\Traffic2-Mask.mp4,Data-Processing\Raw-Data\OpenCV\M4\360p\Traffic2\Traffic2-Mask.mp4,Data-Processing\Raw-Data\Otsu\M4\360p\Traffic2\Traffic2-Mask.mp4,0.9001,0.0114,0.9158,0.793,0.0029,0.7947,250
360p,Traffic2,K4,A0.01_,T0.9,M5,Data-Processing\Raw-Data\Param-Sweep\360p\Traffic2\K4\A0.01_\T0.9\M5\Traffic2-Mask.mp4,Data-Processing\Raw-Data\OpenCV\M5\360p\Traffic2\Traffic2-Mask.mp4,Data-Processing\Raw-Data\Otsu\M5\360p\Traffic2\Traffic2-Mask.mp4,0.9186,0.0098,0.9355,0.8433,0.0032,0.8448,250
360p,Traffic2,K4,A0.1_,T0.5,M3,Data-Processing\Raw-Data\Param-Sweep\360p\Traffic2\K4\A0.1_\T0.5\M3\Traffic2-Mask.mp4,Data-Processing\Raw-Data\OpenCV\M3\360p\Traffic2\Traffic2-Mask.mp4,Data-Processing\Raw-Data\Otsu\M3\360p\Traffic2\Traffic2-Mask.mp4,0.8065,0.0229,0.8443,0.6508,0.0078,0.6606,250
360p,Traffic2,K4,A0.1_,T0.5,M4,Data-Processing\Raw-Data\Param-Sweep\360p\Traffic2\K4\A0.1_\T0.5\M4\Traffic2-Mask.mp4,Data-Processing\Raw-Data\OpenCV\M4\360p\Traffic2\Traffic2-Mask.mp4,Data-Processing\Raw-Data\Otsu\M4\360p\Traffic2\Traffic2-Mask.mp4,0.8611,0.0156,0.8879,0.777,0.0042,0.781,250
360p,Traffic2,K4,A0.1_,T0.5,M5,Data-Processing\Raw-Data\Param-Sweep\360p\Traffic2\K4\A0.1_\T0.5\M5\Traffic2-Mask.mp4,Data-Processing\Raw-Data\OpenCV\M5\360p\Traffic2\Traffic2-Mask.mp4,Data-Processing\Raw-Data\Otsu\M5\360p\Traffic2\Traffic2-Mask.mp4,0.8718,0.0137,0.897,0.8262,0.0045,0.8299,250
360p,Traffic2,K4,A0.1_,T0.7,M3,Data-Processing\Raw-Data\Param-Sweep\360p\Traffic2\K4\A0.1_\T0.7\M3\Traffic2-Mask.mp4,Data-Processing\Raw-Data\OpenCV\M3\360p\Traffic2\Traffic2-Mask.mp4,Data-Processing\Raw-Data\Otsu\M3\360p\Traffic2\Traffic2-Mask.mp4,0.8417,0.0177,0.8696,0.683,0.0038,0.6829,250
360p,Traffic2,K4,A0.1_,T0.7,M4,Data-Processing\Raw-Data\Param-Sweep\360p\Traffic2\K4\A0.1_\T0.7\M4\Traffic2-Mask.mp4,Data-Processing\Raw-Data\OpenCV\M4\360p\Traffic2\Traffic2-Mask.mp4,Data-Processing\Raw-Data\Otsu\M4\360p\Traffic2\Traffic2-Mask.mp4,0.8783,0.013,0.8978,0.7981,0.0017,0.7982,250
360p,Traffic2,K4,A0.1_,T0.7,M5,Data-Processing\Raw-Data\Param-Sweep\360p\Traffic2\K4\A0.1_\T0.7\M5\Traffic2-Mask.mp4,Data-Processing\Raw-Data\OpenCV\M5\360p\Traffic2\Traffic2-Mask.mp4,Data-Processing\Raw-Data\Otsu\M5\360p\Traffic2\Traffic2-Mask.mp4,0.8906,0.011,0.9083,0.85,0.0017,0.8475,250
360p,Traffic2,K4,A0.1_,T0.9,M3,Data-Processing\Raw-Data\Param-Sweep\360p\Traffic2\K4\A0.1_\T0.9\M3\Traffic2-Mask.mp4,Data-Processing\Raw-Data\OpenCV\M3\360p\Traffic2\Traffic2-Mask.mp4,Data-Processing\Raw-Data\Otsu\M3\360p\Traffic2\Traffic2-Mask.mp4,0.8698,0.0163,0.8837,0.708,0.0019,0.7082,250
360p,Traffic2,K4,A0.1_,T0.9,M4,Data-Processing\Raw-Data\Param-Sweep\360p\Traffic2\K4\A0.1_\T0.9\M4\Traffic2-Mask.mp4,Data-Processing\Raw-Data\OpenCV\M4\360p\Traffic2\Traffic2-Mask.mp4,Data-Processing\Raw-Data\Otsu\M4\360p\Traffic2\Traffic2-Mask.mp4,0.8891,0.0126,0.9015,0.8102,0.001,0.8083,250
360p,Traffic2,K4,A0.1_,T0.9,M5,Data-Processing\Raw-Data\Param-Sweep\360p\Traffic2\K4\A0.1_\T0.9\M5\Traffic2-Mask.mp4,Data-Processing\Raw-Data\OpenCV\M5\360p\Traffic2\Traffic2-Mask.mp4,Data-Processing\Raw-Data\Otsu\M5\360p\Traffic2\Traffic2-Mask.mp4,0.9029,0.0106,0.917,0.864,0.0009,0.8585,250
480p,Traffic2,K2,A0.001_,T0.5,M3,Data-Processing\Raw-Data\Param-Sweep\480p\Traffic2\K2\A0.001_\T0.5\M3\Traffic2-Mask.mp4,Data-Processing\Raw-Data\OpenCV\M3\480p\Traffic2\Traffic2-Mask.mp4,Data-Processing\Raw-Data\Otsu\M3\480p\Traffic2\Traffic2-Mask.mp4,0.2355,0.0163,0.2937,0.2434,0.0209,0.3091,250
480p,Traffic2,K2,A0.001_,T0.5,M4,Data-Processing\Raw-Data\Param-Sweep\480p\Traffic2\K2\A0.001_\T0.5\M4\Traffic2-Mask.mp4,Data-Processing\Raw-Data\OpenCV\M4\480p\Traffic2\Traffic2-Mask.mp4,Data-Processing\Raw-Data\Otsu\M4\480p\Traffic2\Traffic2-Mask.mp4,0.3828,0.0262,0.45,0.3791,0.0296,0.454,250
480p,Traffic2,K2,A0.001_,T0.5,M5,Data-Processing\Raw-Data\Param-Sweep\480p\Traffic2\K2\A0.001_\T0.5\M5\Traffic2-Mask.mp4,Data-Processing\Raw-Data\OpenCV\M5\480p\Traffic2\Traffic2-Mask.mp4,Data-Processing\Raw-Data\Otsu\M5\480p\Traffic2\Traffic2-Mask.mp4,0.3834,0.0266,0.4521,0.3798,0.0302,0.4565,250
480p,Traffic2,K2,A0.001_,T0.7,M3,Data-Processing\Raw-Data\Param-Sweep\480p\Traffic2\K2\A0.001_\T0.7\M3\Traffic2-Mask.mp4,Data-Processing\Raw-Data\OpenCV\M3\480p\Traffic2\Traffic2-Mask.mp4,Data-Processing\Raw-Data\Otsu\M3\480p\Traffic2\Traffic2-Mask.mp4,0.2527,0.0201,0.2957,0.257,0.0239,0.3092,250
480p,Traffic2,K2,A0.001_,T0.7,M4,Data-Processing\Raw-Data\Param-Sweep\480p\Traffic2\K2\A0.001_\T0.7\M4\Traffic2-Mask.mp4,Data-Processing\Raw-Data\OpenCV\M4\480p\Traffic2\Traffic2-Mask.mp4,Data-Processing\Raw-Data\Otsu\M4\480p\Traffic2\Traffic2-Mask.mp4,0.4144,0.0356,0.453,0.4026,0.0358,0.4573,250
480p,Traffic2,K2,A0.001_,T0.7,M5,Data-Processing\Raw-Data\Param-Sweep\480p\Traffic2\K2\A0.001_\T0.7\M5\Traffic2-Mask.mp4,Data-Processing\Raw-Data\OpenCV\M5\480p\Traffic2\Traffic2-Mask.mp4,Data-Processing\Raw-Data\Otsu\M5\480p\Traffic2\Traffic2-Mask.mp4,0.415,0.0361,0.4553,0.4052,0.0373,0.4578,250
480p,Traffic2,K2,A0.001_,T0.9,M3,Data-Processing\Raw-Data\Param-Sweep\480p\Traffic2\K2\A0.001_\T0.9\M3\Traffic2-Mask.mp4,Data-Processing\Raw-Data\OpenCV\M3\480p\Traffic2\Traffic2-Mask.mp4,Data-Processing\Raw-Data\Otsu\M3\480p\Traffic2\Traffic2-Mask.mp4,0.4161,0.042,0.4458,0.3668,0.0309,0.3902,250
480p,Traffic2,K2,A0.001_,T0.9,M4,Data-Processing\Raw-Data\Param-Sweep\480p\Traffic2\K2\A0.001_\T0.9\M4\Traffic2-Mask.mp4,Data-Processing\Raw-Data\OpenCV\M4\480p\Traffic2\Traffic2-Mask.mp4,Data-Processing\Raw-Data\Otsu\M4\480p\Traffic2\Traffic2-Mask.mp4,0.5966,0.0486,0.6449,0.5356,0.0395,0.5808,250
480p,Traffic2,K2,A0.001_,T0.9,M5,Data-Processing\Raw-Data\Param-Sweep\480p\Traffic2\K2\A0.001_\T0.9\M5\Traffic2-Mask.mp4,Data-Processing\Raw-Data\OpenCV\M5\480p\Traffic2\Traffic2-Mask.mp4,Data-Processing\Raw-Data\Otsu\M5\480p\Traffic2\Traffic2-Mask.mp4,0.5973,0.0493,0.6463,0.5535,0.0444,0.6002,250
480p,Traffic2,K2,A0.01_,T0.5,M3,Data-Processing\Raw-Data\Param-Sweep\480p\Traffic2\K2\A0.01_\T0.5\M3\Traffic2-Mask.mp4,Data-Processing\Raw-Data\OpenCV\M3\480p\Traffic2\Traffic2-Mask.mp4,Data-Processing\Raw-Data\Otsu\M3\480p\Traffic2\Traffic2-Mask.mp4,0.7322,0.0441,0.8135,0.5592,0.0263,0.6192,250
480p,Traffic2,K2,A0.01_,T0.5,M4,Data-Processing\Raw-Data\Param-Sweep\480p\Traffic2\K2\A0.01_\T0.5\M4\Traffic2-Mask.mp4,Data-Processing\Raw-Data\OpenCV\M4\480p\Traffic2\Traffic2-Mask.mp4,Data-Processing\Raw-Data\Otsu\M4\480p\Traffic2\Traffic2-Mask.mp4,0.81,0.0271,0.8637,0.6944,0.0232,0.7401,250
480p,Traffic2,K2,A0.01_,T0.5,M5,Data-Processing\Raw-Data\Param-Sweep\480p\Traffic2\K2\A0.01_\T0.5\M5\Traffic2-Mask.mp4,Data-Processing\Raw-Data\OpenCV\M5\480p\Traffic2\Traffic2-Mask.mp4,Data-Processing\Raw-Data\Otsu\M5\480p\Traffic2\Traffic2-Mask.mp4,0.8148,0.0279,0.8704,0.7314,0.0265,0.7794,250
480p,Traffic2,K2,A0.01_,T0.7,M3,Data-Processing\Raw-Data\Param-Sweep\480p\Traffic2\K2\A0.01_\T0.7\M3\Traffic2-Mask.mp4,Data-Processing\Raw-Data\OpenCV\M3\480p\Traffic2\Traffic2-Mask.mp4,Data-Processing\Raw-Data\Otsu\M3\480p\Traffic2\Traffic2-Mask.mp4,0.7789,0.0338,0.8446,0.5914,0.0203,0.6393,250
480p,Traffic2,K2,A0.01_,T0.7,M4,Data-Processing\Raw-Data\Param-Sweep\480p\Traffic2\K2\A0.01_\T0.7\M4\Traffic2-Mask.mp4,Data-Processing\Raw-Data\OpenCV\M4\480p\Traffic2\Traffic2-Mask.mp4,Data-Processing\Raw-Data\Otsu\M4\480p\Traffic2\Traffic2-Mask.mp4,0.842,0.0175,0.877,0.7197,0.0158,0.7552,250
480p,Traffic2,K2,A0.01_,T0.7,M5,Data-Processing\Raw-Data\Param-Sweep\480p\Traffic2\K2\A0.01_\T0.7\M5\Traffic2-Mask.mp4,Data-Processing\Raw-Data\OpenCV\M5\480p\Traffic2\Traffic2-Mask.mp4,Data-Processing\Raw-Data\Otsu\M5\480p\Traffic2\Traffic2-Mask.mp4,0.8473,0.0179,0.886,0.7585,0.0181,0.792,250
480p,Traffic2,K2,A0.01_,T0.9,M3,Data-Processing\Raw-Data\Param-Sweep\480p\Traffic2\K2\A0.01_\T0.9\M3\Traffic2-Mask.mp4,Data-Processing\Raw-Data\OpenCV\M3\480p\Traffic2\Traffic2-Mask.mp4,Data-Processing\Raw-Data\Otsu\M3\480p\Traffic2\Traffic2-Mask.mp4,0.8541,0.0179,0.882,0.6526,0.0079,0.6712,250
480p,Traffic2,K2,A0.01_,T0.9,M4,Data-Processing\Raw-Data\Param-Sweep\480p\Traffic2\K2\A0.01_\T0.9\M4\Traffic2-Mask.mp4,Data-Processing\Raw-Data\OpenCV\M4\480p\Traffic2\Traffic2-Mask.mp4,Data-Processing\Raw-Data\Otsu\M4\480p\Traffic2\Traffic2-Mask.mp4,0.8898,0.0103,0.9052,0.7644,0.0058,0.7724,250
480p,Traffic2,K2,A0.01_,T0.9,M5,Data-Processing\Raw-Data\Param-Sweep\480p\Traffic2\K2\A0.01_\T0.9\M5\Traffic2-Mask.mp4,Data-Processing\Raw-Data\OpenCV\M5\480p\Traffic2\Traffic2-Mask.mp4,Data-Processing\Raw-Data\Otsu\M5\480p\Traffic2\Traffic2-Mask.mp4,0.898,0.0094,0.9133,0.8066,0.0064,0.8157,250
480p,Traffic2,K2,A0.1_,T0.5,M3,Data-Processing\Raw-Data\Param-Sweep\480p\Traffic2\K2\A0.1_\T0.5\M3\Traffic2-Mask.mp4,Data-Processing\Raw-Data\OpenCV\M3\480p\Traffic2\Traffic2-Mask.mp4,Data-Processing\Raw-Data\Otsu\M3\480p\Traffic2\Traffic2-Mask.mp4,0.8155,0.0194,0.8492,0.6387,0.0064,0.6488,250
480p,Traffic2,K2,A0.1_,T0.5,M4,Data-Processing\Raw-Data\Param-Sweep\480p\Traffic2\K2\A0.1_\T0.5\M4\Traffic2-Mask.mp4,Data-Processing\Raw-Data\OpenCV\M4\480p\Traffic2\Traffic2-Mask.mp4,Data-Processing\Raw-Data\Otsu\M4\480p\Traffic2\Traffic2-Mask.mp4,0.8693,0.0134,0.8918,0.7616,0.0034,0.7623,250
480p,Traffic2,K2,A0.1_,T0.5,M5,Data-Processing\Raw-Data\Param-Sweep\480p\Traffic2\K2\A0.1_\T0.5\M5\Traffic2-Mask.mp4,Data-Processing\Raw-Data\OpenCV\M5\480p\Traffic2\Traffic2-Mask.mp4,Data-Processing\Raw-Data\Otsu\M5\480p\Traffic2\Traffic2-Mask.mp4,0.8771,0.0118,0.8967,0.8049,0.0036,0.8059,250
480p,Traffic2,K2,A0.1_,T0.7,M3,Data-Processing\Raw-Data\Param-Sweep\480p\Traffic2\K2\A0.1_\T0.7\M3\Traffic2-Mask.mp4,Data-Processing\Raw-Data\OpenCV\M3\480p\Traffic2\Traffic2-Mask.mp4,Data-Processing\Raw-Data\Otsu\M3\480p\Traffic2\Traffic2-Mask.mp4,0.85,0.0159,0.8729,0.6678,0.0035,0.6684,250
480p,Traffic2,K2,A0.1_,T0.7,M4,Data-Processing\Raw-Data\Param-Sweep\480p\Traffic2\K2\A0.1_\T0.7\M4\Traffic2-Mask.mp4,Data-Processing\Raw-Data\OpenCV\M4\480p\Traffic2\Traffic2-Mask.mp4,Data-Processing\Raw-Data\Otsu\M4\480p\Traffic2\Traffic2-Mask.mp4,0.8855,0.012,0.8997,0.7789,0.0017,0.7765,250
480p,Traffic2,K2,A0.1_,T0.7,M5,Data-Processing\Raw-Data\Param-Sweep\480p\Traffic2\K2\A0.1_\T0.7\M5\Traffic2-Mask.mp4,Data-Processing\Raw-Data\OpenCV\M5\480p\Traffic2\Traffic2-Mask.mp4,Data-Processing\Raw-Data\Otsu\M5\480p\Traffic2\Traffic2-Mask.mp4,0.894,0.0102,0.906,0.8235,0.0016,0.8198,250
480p,Traffic2,K2,A0.1_,T0.9,M3,Data-Processing\Raw-Data\Param-Sweep\480p\Traffic2\K2\A0.1_\T0.9\M3\Traffic2-Mask.mp4,Data-Processing\Raw-Data\OpenCV\M3\480p\Traffic2\Traffic2-Mask.mp4,Data-Processing\Raw-Data\Otsu\M3\480p\Traffic2\Traffic2-Mask.mp4,0.872,0.0153,0.8854,0.693,0.002,0.6922,250
480p,Traffic2,K2,A0.1_,T0.9,M4,Data-Processing\Raw-Data\Param-Sweep\480p\Traffic2\K2\A0.1_\T0.9\M4\Traffic2-Mask.mp4,Data-Processing\Raw-Data\OpenCV\M4\480p\Traffic2\Traffic2-Mask.mp4,Data-Processing\Raw-Data\Otsu\M4\480p\Traffic2\Traffic2-Mask.mp4,0.8931,0.012,0.9033,0.7962,0.0011,0.7948,250
480p,Traffic2,K2,A0.1_,T0.9,M5,Data-Processing\Raw-Data\Param-Sweep\480p\Traffic2\K2\A0.1_\T0.9\M5\Traffic2-Mask.mp4,Data-Processing\Raw-Data\OpenCV\M5\480p\Traffic2\Traffic2-Mask.mp4,Data-Processing\Raw-Data\Otsu\M5\480p\Traffic2\Traffic2-Mask.mp4,0.904,0.0102,0.9154,0.844,0.0009,0.8397,250
480p,Traffic2,K3,A0.001_,T0.5,M3,Data-Processing\Raw-Data\Param-Sweep\480p\Traffic2\K3\A0.001_\T0.5\M3\Traffic2-Mask.mp4,Data-Processing\Raw-Data\OpenCV\M3\480p\Traffic2\Traffic2-Mask.mp4,Data-Processing\Raw-Data\Otsu\M3\480p\Traffic2\Traffic2-Mask.mp4,0.3378,0.0344,0.3072,0.3098,0.0264,0.3205,250
480p,Traffic2,K3,A0.001_,T0.5,M4,Data-Processing\Raw-Data\Param-Sweep\480p\Traffic2\K3\A0.001_\T0.5\M4\Traffic2-Mask.mp4,Data-Processing\Raw-Data\OpenCV\M4\480p\Traffic2\Traffic2-Mask.mp4,Data-Processing\Raw-Data\Otsu\M4\480p\Traffic2\Traffic2-Mask.mp4,0.5042,0.0346,0.4826,0.4674,0.0302,0.4732,250
480p,Traffic2,K3,A0.001_,T0.5,M5,Data-Processing\Raw-Data\Param-Sweep\480p\Traffic2\K3\A0.001_\T0.5\M5\Traffic2-Mask.mp4,Data-Processing\Raw-Data\OpenCV\M5\480p\Traffic2\Traffic2-Mask.mp4,Data-Processing\Raw-Data\Otsu\M5\480p\Traffic2\Traffic2-Mask.mp4,0.505,0.035,0.4833,0.4791,0.0331,0.4792,250
480p,Traffic2,K3,A0.001_,T0.7,M3,Data-Processing\Raw-Data\Param-Sweep\480p\Traffic2\K3\A0.001_\T0.7\M3\Traffic2-Mask.mp4,Data-Processing\Raw-Data\OpenCV\M3\480p\Traffic2\Traffic2-Mask.mp4,Data-Processing\Raw-Data\Otsu\M3\480p\Traffic2\Traffic2-Mask.mp4,0.4805,0.0663,0.4148,0.4037,0.0391,0.3687,250
480p,Traffic2,K3,A0.001_,T0.7,M4,Data-Processing\Raw-Data\Param-Sweep\480p\Traffic2\K3\A0.001_\T0.7\M4\Traffic2-Mask.mp4,Data-Processing\Raw-Data\OpenCV\M4\480p\Traffic2\Traffic2-Mask.mp4,Data-Processing\Raw-Data\Otsu\M4\480p\Traffic2\Traffic2-Mask.mp4,0.6349,0.0514,0.6574,0.5632,0.0374,0.5905,250
480p,Traffic2,K3,A0.001_,T0.7,M5,Data-Processing\Raw-Data\Param-Sweep\480p\Traffic2\K3\A0.001_\T0.7\M5\Traffic2-Mask.mp4,Data-Processing\Raw-Data\OpenCV\M5\480p\Traffic2\Traffic2-Mask.mp4,Data-Processing\Raw-Data\Otsu\M5\480p\Traffic2\Traffic2-Mask.mp4,0.6371,0.052,0.659,0.5873,0.043,0.6169,250
480p,Traffic2,K3,A0.001_,T0.9,M3,Data-Processing\Raw-Data\Param-Sweep\480p\Traffic2\K3\A0.001_\T0.9\M3\Traffic2-Mask.mp4,Data-Processing\Raw-Data\OpenCV\M3\480p\Traffic2\Traffic2-Mask.mp4,Data-Processing\Raw-Data\Otsu\M3\480p\Traffic2\Traffic2-Mask.mp4,0.6754,0.0653,0.7798,0.5298,0.0354,0.6061,250
480p,Traffic2,K3,A0.001_,T0.9,M4,Data-Processing\Raw-Data\Param-Sweep\480p\Traffic2\K3\A0.001_\T0.9\M4\Traffic2-Mask.mp4,Data-Processing\Raw-Data\OpenCV\M4\480p\Traffic2\Traffic2-Mask.mp4,Data-Processing\Raw-Data\Otsu\M4\480p\Traffic2\Traffic2-Mask.mp4,0.7843,0.0385,0.8515,0.6766,0.028,0.737,250
480p,Traffic2,K3,A0.001_,T0.9,M5,Data-Processing\Raw-Data\Param-Sweep\480p\Traffic2\K3\A0.001_\T0.9\M5\Traffic2-Mask.mp4,Data-Processing\Raw-Data\OpenCV\M5\480p\Traffic2\Traffic2-Mask.mp4,Data-Processing\Raw-Data\Otsu\M5\480p\Traffic2\Traffic2-Mask.mp4,0.7888,0.0392,0.8588,0.7116,0.0327,0.7786,250
480p,Traffic2,K3,A0.01_,T0.5,M3,Data-Processing\Raw-Data\Param-Sweep\480p\Traffic2\K3\A0.01_\T0.5\M3\Traffic2-Mask.mp4,Data-Processing\Raw-Data\OpenCV\M3\480p\Traffic2\Traffic2-Mask.mp4,Data-Processing\Raw-Data\Otsu\M3\480p\Traffic2\Traffic2-Mask.mp4,0.7961,0.0377,0.8658,0.6013,0.0223,0.6582,250
480p,Traffic2,K3,A0.01_,T0.5,M4,Data-Processing\Raw-Data\Param-Sweep\480p\Traffic2\K3\A0.01_\T0.5\M4\Traffic2-Mask.mp4,Data-Processing\Raw-Data\OpenCV\M4\480p\Traffic2\Traffic2-Mask.mp4,Data-Processing\Raw-Data\Otsu\M4\480p\Traffic2\Traffic2-Mask.mp4,0.8514,0.0192,0.8848,0.725,0.0168,0.7657,250
480p,Traffic2,K3,A0.01_,T0.5,M5,Data-Processing\Raw-Data\Param-Sweep\480p\Traffic2\K3\A0.01_\T0.5\M5\Traffic2-Mask.mp4,Data-Processing\Raw-Data\OpenCV\M5\480p\Traffic2\Traffic2-Mask.mp4,Data-Processing\Raw-Data\Otsu\M5\480p\Traffic2\Traffic2-Mask.mp4,0.8586,0.0197,0.8969,0.7644,0.0192,0.8029,250
480p,Traffic2,K3,A0.01_,T0.7,M3,Data-Processing\Raw-Data\Param-Sweep\480p\Traffic2\K3\A0.01_\T0.7\M3\Traffic2-Mask.mp4,Data-Processing\Raw-Data\OpenCV\M3\480p\Traffic2\Traffic2-Mask.mp4,Data-Processing\Raw-Data\Otsu\M3\480p\Traffic2\Traffic2-Mask.mp4,0.8383,0.027,0.8877,0.631,0.0156,0.6737,250
480p,Traffic2,K3,A0.01_,T0.7,M4,Data-Processing\Raw-Data\Param-Sweep\480p\Traffic2\K3\A0.01_\T0.7\M4\Traffic2-Mask.mp4,Data-Processing\Raw-Data\OpenCV\M4\480p\Traffic2\Traffic2-Mask.mp4,Data-Processing\Raw-Data\Otsu\M4\480p\Traffic2\Traffic2-Mask.mp4,0.8814,0.0124,0.9046,0.7491,0.0109,0.7737,250
480p,Traffic2,K3,A0.01_,T0.7,M5,Data-Processing\Raw-Data\Param-Sweep\480p\Traffic2\K3\A0.01_\T0.7\M5\Traffic2-Mask.mp4,Data-Processing\Raw-Data\OpenCV\M5\480p\Traffic2\Traffic2-Mask.mp4,Data-Processing\Raw-Data\Otsu\M5\480p\Traffic2\Traffic2-Mask.mp4,0.8917,0.0122,0.9186,0.7915,0.0122,0.815,250
480p,Traffic2,K3,A0.01_,T0.9,M3,Data-Processing\Raw-Data\Param-Sweep\480p\Traffic2\K3\A0.01_\T0.9\M3\Traffic2-Mask.mp4,Data-Processing\Raw-Data\OpenCV\M3\480p\Traffic2\Traffic2-Mask.mp4,Data-Processing\Raw-Data\Otsu\M3\480p\Traffic2\Traffic2-Mask.mp4,0.8879,0.015,0.9124,0.6762,0.0059,0.6892,250
480p,Traffic2,K3,A0.01_,T0.9,M4,Data-Processing\Raw-Data\Param-Sweep\480p\Traffic2\K3\A0.01_\T0.9\M4\Traffic2-Mask.mp4,Data-Processing\Raw-Data\OpenCV\M4\480p\Traffic2\Traffic2-Mask.mp4,Data-Processing\Raw-Data\Otsu\M4\480p\Traffic2\Traffic2-Mask.mp4,0.9053,0.0099,0.9195,0.7794,0.0039,0.785,250
480p,Traffic2,K3,A0.01_,T0.9,M5,Data-Processing\Raw-Data\Param-Sweep\480p\Traffic2\K3\A0.01_\T0.9\M5\Traffic2-Mask.mp4,Data-Processing\Raw-Data\OpenCV\M5\480p\Traffic2\Traffic2-Mask.mp4,Data-Processing\Raw-Data\Otsu\M5\480p\Traffic2\Traffic2-Mask.mp4,0.9198,0.0087,0.9352,0.8246,0.0042,0.8287,250
480p,Traffic2,K3,A0.1_,T0.5,M3,Data-Processing\Raw-Data\Param-Sweep\480p\Traffic2\K3\A0.1_\T0.5\M3\Traffic2-Mask.mp4,Data-Processing\Raw-Data\OpenCV\M3\480p\Traffic2\Traffic2-Mask.mp4,Data-Processing\Raw-Data\Otsu\M3\480p\Traffic2\Traffic2-Mask.mp4,0.8201,0.0199,0.8561,0.6469,0.0064,0.6569,250
480p,Traffic2,K3,A0.1_,T0.5,M4,Data-Processing\Raw-Data\Param-Sweep\480p\Traffic2\K3\A0.1_\T0.5\M4\Traffic2-Mask.mp4,Data-Processing\Raw-Data\OpenCV\M4\480p\Traffic2\Traffic2-Mask.mp4,Data-Processing\Raw-Data\Otsu\M4\480p\Traffic2\Traffic2-Mask.mp4,0.8718,0.0138,0.8918,0.7696,0.0032,0.7693,250
480p,Traffic2,K3,A0.1_,T0.5,M5,Data-Processing\Raw-Data\Param-Sweep\480p\Traffic2\K3\A0.1_\T0.5\M5\Traffic2-Mask.mp4,Data-Processing\Raw-Data\OpenCV\M5\480p\Traffic2\Traffic2-Mask.mp4,Data-Processing\Raw-Data\Otsu\M5\480p\Traffic2\Traffic2-Mask.mp4,0.8806,0.012,0.9005,0.8145,0.0032,0.8161,250
480p,Traffic2,K3,A0.1_,T0.7,M3,Data-Processing\Raw-Data\Param-Sweep\480p\Traffic2\K3\A0.1_\T0.7\M3\Traffic2-Mask.mp4,Data-Processing\Raw-Data\OpenCV\M3\480p\Traffic2\Traffic2-Mask.mp4,Data-Processing\Raw-Data\Otsu\M3\480p\Traffic2\Traffic2-Mask.mp4,0.8509,0.0162,0.8756,0.6741,0.0034,0.6745,250
480p,Traffic2,K3,A0.1_,T0.7,M4,Data-Processing\Raw-Data\Param-Sweep\480p\Traffic2\K3\A0.1_\T0.7\M4\Traffic2-Mask.mp4,Data-Processing\Raw-Data\OpenCV\M4\480p\Traffic2\Traffic2-Mask.mp4,Data-Processing\Raw-Data\Otsu\M4\480p\Traffic2\Traffic2-Mask.mp4,0.885,0.0121,0.9008,0.7863,0.0015,0.7841,250
480p,Traffic2,K3,A0.1_,T0.7,M5,Data-Processing\Raw-Data\Param-Sweep\480p\Traffic2\K3\A0.1_\T0.7\M5\Traffic2-Mask.mp4,Data-Processing\Raw-Data\OpenCV\M5\480p\Traffic2\Traffic2-Mask.mp4,Data-Processing\Raw-Data\Otsu\M5\480p\Traffic2\Traffic2-Mask.mp4,0.8953,0.0103,0.9085,0.8333,0.0013,0.83,250
480p,Traffic2,K3,A0.1_,T0.9,M3,Data-Processing\Raw-Data\Param-Sweep\480p\Traffic2\K3\A0.1_\T0.9\M3\Traffic2-Mask.mp4,Data-Processing\Raw-Data\OpenCV\M3\480p\Traffic2\Traffic2-Mask.mp4,Data-Processing\Raw-Data\Otsu\M3\480p\Traffic2\Traffic2-Mask.mp4,0.8752,0.0154,0.8889,0.6977,0.0019,0.6955,250
480p,Traffic2,K3,A0.1_,T0.9,M4,Data-Processing\Raw-Data\Param-Sweep\480p\Traffic2\K3\A0.1_\T0.9\M4\Traffic2-Mask.mp4,Data-Processing\Raw-Data\OpenCV\M4\480p\Traffic2\Traffic2-Mask.mp4,Data-Processing\Raw-Data\Otsu\M4\480p\Traffic2\Traffic2-Mask.mp4,0.8934,0.012,0.9046,0.7988,0.001,0.7984,250
480p,Traffic2,K3,A0.1_,T0.9,M5,Data-Processing\Raw-Data\Param-Sweep\480p\Traffic2\K3\A0.1_\T0.9\M5\Traffic2-Mask.mp4,Data-Processing\Raw-Data\OpenCV\M5\480p\Traffic2\Traffic2-Mask.mp4,Data-Processing\Raw-Data\Otsu\M5\480p\Traffic2\Traffic2-Mask.mp4,0.9051,0.0102,0.9178,0.8476,0.0008,0.8432,250
480p,Traffic2,K4,A0.001_,T0.5,M3,Data-Processing\Raw-Data\Param-Sweep\480p\Traffic2\K4\A0.001_\T0.5\M3\Traffic2-Mask.mp4,Data-Processing\Raw-Data\OpenCV\M3\480p\Traffic2\Traffic2-Mask.mp4,Data-Processing\Raw-Data\Otsu\M3\480p\Traffic2\Traffic2-Mask.mp4,0.3871,0.0426,0.3258,0.3402,0.0278,0.3288,250
480p,Traffic2,K4,A0.001_,T0.5,M4,Data-Processing\Raw-Data\Param-Sweep\480p\Traffic2\K4\A0.001_\T0.5\M4\Traffic2-Mask.mp4,Data-Processing\Raw-Data\OpenCV\M4\480p\Traffic2\Traffic2-Mask.mp4,Data-Processing\Raw-Data\Otsu\M4\480p\Traffic2\Traffic2-Mask.mp4,0.5387,0.0349,0.4898,0.4939,0.0287,0.4864,250
480p,Traffic2,K4,A0.001_,T0.5,M5,Data-Processing\Raw-Data\Param-Sweep\480p\Traffic2\K4\A0.001_\T0.5\M5\Traffic2-Mask.mp4,Data-Processing\Raw-Data\OpenCV\M5\480p\Traffic2\Traffic2-Mask.mp4,Data-Processing\Raw-Data\Otsu\M5\480p\Traffic2\Traffic2-Mask.mp4,0.5399,0.0353,0.4914,0.5089,0.032,0.4907,250
480p,Traffic2,K4,A0.001_,T0.7,M3,Data-Processing\Raw-Data\Param-Sweep\480p\Traffic2\K4\A0.001_\T0.7\M3\Traffic2-Mask.mp4,Data-Processing\Raw-Data\OpenCV\M3\480p\Traffic2\Traffic2-Mask.mp4,Data-Processing\Raw-Data\Otsu\M3\480p\Traffic2\Traffic2-Mask.mp4,0.5543,0.0784,0.6003,0.45,0.0421,0.4925,250
480p,Traffic2,K4,A0.001_,T0.7,M4,Data-Processing\Raw-Data\Param-Sweep\480p\Traffic2\K4\A0.001_\T0.7\M4\Traffic2-Mask.mp4,Data-Processing\Raw-Data\OpenCV\M4\480p\Traffic2\Traffic2-Mask.mp4,Data-Processing\Raw-Data\Otsu\M4\480p\Traffic2\Traffic2-Mask.mp4,0.6747,0.0535,0.7697,0.5955,0.0377,0.668,250
480p,Traffic2,K4,A0.001_,T0.7,M5,Data-Processing\Raw-Data\Param-Sweep\480p\Traffic2\K4\A0.001_\T0.7\M5\Traffic2-Mask.mp4,Data-Processing\Raw-Data\OpenCV\M5\480p\Traffic2\Traffic2-Mask.mp4,Data-Processing\Raw-Data\Otsu\M5\480p\Traffic2\Traffic2-Mask.mp4,0.6778,0.0542,0.7737,0.622,0.0436,0.6971,250
480p,Traffic2,K4,A0.001_,T0.9,M3,Data-Processing\Raw-Data\Param-Sweep\480p\Traffic2\K4\A0.001_\T0.9\M3\Traffic2-Mask.mp4,Data-Processing\Raw-Data\OpenCV\M3\480p\Traffic2\Traffic2-Mask.mp4,Data-Processing\Raw-Data\Otsu\M3\480p\Traffic2\Traffic2-Mask.mp4,0.7581,0.0535,0.8565,0.5818,0.0292,0.6527,250
480p,Traffic2,K4,A0.001_,T0.9,M4,Data-Processing\Raw-Data\Param-Sweep\480p\Traffic2\K4\A0.001_\T0.9\M4\Traffic2-Mask.mp4,Data-Processing\Raw-Data\OpenCV\M4\480p\Traffic2\Traffic2-Mask.mp4,Data-Processing\Raw-Data\Otsu\M4\480p\Traffic2\Traffic2-Mask.mp4,0.8293,0.0284,0.8847,0.7111,0.0214,0.7615,250
480p,Traffic2,K4,A0.001_,T0.9,M5,Data-Processing\Raw-Data\Param-Sweep\480p\Traffic2\K4\A0.001_\T0.9\M5\Traffic2-Mask.mp4,Data-Processing\Raw-Data\OpenCV\M5\480p\Traffic2\Traffic2-Mask.mp4,Data-Processing\Raw-Data\Otsu\M5\480p\Traffic2\Traffic2-Mask.mp4,0.8363,0.029,0.896,0.749,0.025,0.8038,250
480p,Traffic2,K4,A0.01_,T0.5,M3,Data-Processing\Raw-Data\Param-Sweep\480p\Traffic2\K4\A0.01_\T0.5\M3\Traffic2-Mask.mp4,Data-Processing\Raw-Data\OpenCV\M3\480p\Traffic2\Traffic2-Mask.mp4,Data-Processing\Raw-Data\Otsu\M3\480p\Traffic2\Traffic2-Mask.mp4,0.8145,0.0344,0.8774,0.6128,0.0204,0.6644,250
480p,Traffic2,K4,A0.01_,T0.5,M4,Data-Processing\Raw-Data\Param-Sweep\480p\Traffic2\K4\A0.01_\T0.5\M4\Traffic2-Mask.mp4,Data-Processing\Raw-Data\OpenCV\M4\480p\Traffic2\Traffic2-Mask.mp4,Data-Processing\Raw-Data\Otsu\M4\480p\Traffic2\Traffic2-Mask.mp4,0.8639,0.0167,0.8947,0.7341,0.0148,0.7691,250
480p,Traffic2,K4,A0.01_,T0.5,M5,Data-Processing\Raw-Data\Param-Sweep\480p\Traffic2\K4\A0.01_\T0.5\M5\Traffic2-Mask.mp4,Data-Processing\Raw-Data\OpenCV\M5\480p\Traffic2\Traffic2-Mask.mp4,Data-Processing\Raw-Data\Otsu\M5\480p\Traffic2\Traffic2-Mask.mp4,0.8725,0.017,0.9062,0.7747,0.0169,0.8093,250
480p,Traffic2,K4,A0.01_,T0.7,M3,Data-Processing\Raw-Data\Param-Sweep\480p\Traffic2\K4\A0.01_\T0.7\M3\Traffic2-Mask.mp4,Data-Processing\Raw-Data\OpenCV\M3\480p\Traffic2\Traffic2-Mask.mp4,Data-Processing\Raw-Data\Otsu\M3\480p\Traffic2\Traffic2-Mask.mp4,0.8536,0.0244,0.8993,0.6419,0.0133,0.6777,250
480p,Traffic2,K4,A0.01_,T0.7,M4,Data-Processing\Raw-Data\Param-Sweep\480p\Traffic2\K4\A0.01_\T0.7\M4\Traffic2-Mask.mp4,Data-Processing\Raw-Data\OpenCV\M4\480p\Traffic2\Traffic2-Mask.mp4,Data-Processing\Raw-Data\Otsu\M4\480p\Traffic2\Traffic2-Mask.mp4,0.8904,0.0117,0.9127,0.7571,0.0091,0.778,250
480p,Traffic2,K4,A0.01_,T0.7,M5,Data-Processing\Raw-Data\Param-Sweep\480p\Traffic2\K4\A0.01_\T0.7\M5\Traffic2-Mask.mp4,Data-Processing\Raw-Data\OpenCV\M5\480p\Traffic2\Traffic2-Mask.mp4,Data-Processing\Raw-Data\Otsu\M5\480p\Traffic2\Traffic2-Mask.mp4,0.9027,0.0112,0.9256,0.8007,0.0102,0.8201,250
480p,Traffic2,K4,A0.01_,T0.9,M3,Data-Processing\Raw-Data\Param-Sweep\480p\Traffic2\K4\A0.01_\T0.9\M3\Traffic2-Mask.mp4,Data-Processing\Raw-Data\OpenCV\M3\480p\Traffic2\Traffic2-Mask.mp4,Data-Processing\Raw-Data\Otsu\M3\480p\Traffic2\Traffic2-Mask.mp4,0.8952,0.0153,0.9152,0.6842,0.005,0.6939,250
480p,Traffic2,K4,A0.01_,T0.9,M4,Data-Processing\Raw-Data\Param-Sweep\480p\Traffic2\K4\A0.01_\T0.9\M4\Traffic2-Mask.mp4,Data-Processing\Raw-Data\OpenCV\M4\480p\Traffic2\Traffic2-Mask.mp4,Data-Processing\Raw-Data\Otsu\M4\480p\Traffic2\Traffic2-Mask.mp4,0.9058,0.0108,0.9213,0.7852,0.0025,0.7881,250
480p,Traffic2,K4,A0.01_,T0.9,M5,Data-Processing\Raw-Data\Param-Sweep\480p\Traffic2\K4\A0.01_\T0.9\M5\Traffic2-Mask.mp4,Data-Processing\Raw-Data\OpenCV\M5\480p\Traffic2\Traffic2-Mask.mp4,Data-Processing\Raw-Data\Otsu\M5\480p\Traffic2\Traffic2-Mask.mp4,0.9223,0.0093,0.9384,0.832,0.0026,0.8341,250
480p,Traffic2,K4,A0.1_,T0.5,M3,Data-Processing\Raw-Data\Param-Sweep\480p\Traffic2\K4\A0.1_\T0.5\M3\Traffic2-Mask.mp4,Data-Processing\Raw-Data\OpenCV\M3\480p\Traffic2\Traffic2-Mask.mp4,Data-Processing\Raw-Data\Otsu\M3\480p\Traffic2\Traffic2-Mask.mp4,0.8191,0.0199,0.853,0.6495,0.0063,0.6587,250
480p,Traffic2,K4,A0.1_,T0.5,M4,Data-Processing\Raw-Data\Param-Sweep\480p\Traffic2\K4\A0.1_\T0.5\M4\Traffic2-Mask.mp4,Data-Processing\Raw-Data\OpenCV\M4\480p\Traffic2\Traffic2-Mask.mp4,Data-Processing\Raw-Data\Otsu\M4\480p\Traffic2\Traffic2-Mask.mp4,0.8707,0.0138,0.8919,0.7728,0.003,0.773,250
480p,Traffic2,K4,A0.1_,T0.5,M5,Data-Processing\Raw-Data\Param-Sweep\480p\Traffic2\K4\A0.1_\T0.5\M5\Traffic2-Mask.mp4,Data-Processing\Raw-Data\OpenCV\M5\480p\Traffic2\Traffic2-Mask.mp4,Data-Processing\Raw-Data\Otsu\M5\480p\Traffic2\Traffic2-Mask.mp4,0.8801,0.012,0.8987,0.8188,0.003,0.8197,250
480p,Traffic2,K4,A0.1_,T0.7,M3,Data-Processing\Raw-Data\Param-Sweep\480p\Traffic2\K4\A0.1_\T0.7\M3\Traffic2-Mask.mp4,Data-Processing\Raw-Data\OpenCV\M3\480p\Traffic2\Traffic2-Mask.mp4,Data-Processing\Raw-Data\Otsu\M3\480p\Traffic2\Traffic2-Mask.mp4,0.8501,0.0162,0.8756,0.6779,0.0033,0.6784,250
480p,Traffic2,K4,A0.1_,T0.7,M4,Data-Processing\Raw-Data\Param-Sweep\480p\Traffic2\K4\A0.1_\T0.7\M4\Traffic2-Mask.mp4,Data-Processing\Raw-Data\OpenCV\M4\480p\Traffic2\Traffic2-Mask.mp4,Data-Processing\Raw-Data\Otsu\M4\480p\Traffic2\Traffic2-Mask.mp4,0.8843,0.0122,0.8999,0.7902,0.0014,0.7899,250
480p,Traffic2,K4,A0.1_,T0.7,M5,Data-Processing\Raw-Data\Param-Sweep\480p\Traffic2\K4\A0.1_\T0.7\M5\Traffic2-Mask.mp4,Data-Processing\Raw-Data\OpenCV\M5\480p\Traffic2\Traffic2-Mask.mp4,Data-Processing\Raw-Data\Otsu\M5\480p\Traffic2\Traffic2-Mask.mp4,0.8952,0.0104,0.9097,0.8384,0.0012,0.8359,250
480p,Traffic2,K4,A0.1_,T0.9,M3,Data-Processing\Raw-Data\Param-Sweep\480p\Traffic2\K4\A0.1_\T0.9\M3\Traffic2-Mask.mp4,Data-Processing\Raw-Data\OpenCV\M3\480p\Traffic2\Traffic2-Mask.mp4,Data-Processing\Raw-Data\Otsu\M3\480p\Traffic2\Traffic2-Mask.mp4,0.8759,0.0154,0.8893,0.7006,0.0018,0.6995,250
480p,Traffic2,K4,A0.1_,T0.9,M4,Data-Processing\Raw-Data\Param-Sweep\480p\Traffic2\K4\A0.1_\T0.9\M4\Traffic2-Mask.mp4,Data-Processing\Raw-Data\OpenCV\M4\480p\Traffic2\Traffic2-Mask.mp4,Data-Processing\Raw-Data\Otsu\M4\480p\Traffic2\Traffic2-Mask.mp4,0.8932,0.012,0.9041,0.8003,0.001,0.8005,250
480p,Traffic2,K4,A0.1_,T0.9,M5,Data-Processing\Raw-Data\Param-Sweep\480p\Traffic2\K4\A0.1_\T0.9\M5\Traffic2-Mask.mp4,Data-Processing\Raw-Data\OpenCV\M5\480p\Traffic2\Traffic2-Mask.mp4,Data-Processing\Raw-Data\Otsu\M5\480p\Traffic2\Traffic2-Mask.mp4,0.9053,0.0102,0.9178,0.8498,0.0008,0.846,250
120p,Traffic2,K2,A0.001_,T0.5,M3,Data-Processing\Raw-Data\Param-Sweep\120p\Traffic2\K2\A0.001_\T0.5\M3\Traffic2-Mask.mp4,Data-Processing\Raw-Data\OpenCV\M3\120p\Traffic2\Traffic2-Mask.mp4,Data-Processing\Raw-Data\Otsu\M3\120p\Traffic2\Traffic2-Mask.mp4,0.2273,0.0236,0.28,0.2186,0.0247,0.2661,500
120p,Traffic2,K2,A0.001_,T0.5,M4,Data-Processing\Raw-Data\Param-Sweep\120p\Traffic2\K2\A0.001_\T0.5\M4\Traffic2-Mask.mp4,Data-Processing\Raw-Data\OpenCV\M4\120p\Traffic2\Traffic2-Mask.mp4,Data-Processing\Raw-Data\Otsu\M4\120p\Traffic2\Traffic2-Mask.mp4,0.4968,0.0462,0.5964,0.4876,0.0489,0.5935,500
120p,Traffic2,K2,A0.001_,T0.5,M5,Data-Processing\Raw-Data\Param-Sweep\120p\Traffic2\K2\A0.001_\T0.5\M5\Traffic2-Mask.mp4,Data-Processing\Raw-Data\OpenCV\M5\120p\Traffic2\Traffic2-Mask.mp4,Data-Processing\Raw-Data\Otsu\M5\120p\Traffic2\Traffic2-Mask.mp4,0.5026,0.048,0.6104,0.4902,0.0497,0.5975,500
120p,Traffic2,K2,A0.001_,T0.7,M3,Data-Processing\Raw-Data\Param-Sweep\120p\Traffic2\K2\A0.001_\T0.7\M3\Traffic2-Mask.mp4,Data-Processing\Raw-Data\OpenCV\M3\120p\Traffic2\Traffic2-Mask.mp4,Data-Processing\Raw-Data\Otsu\M3\120p\Traffic2\Traffic2-Mask.mp4,0.2756,0.04,0.2863,0.2634,0.0392,0.2726,500
120p,Traffic2,K2,A0.001_,T0.7,M4,Data-Processing\Raw-Data\Param-Sweep\120p\Traffic2\K2\A0.001_\T0.7\M4\Traffic2-Mask.mp4,Data-Processing\Raw-Data\OpenCV\M4\120p\Traffic2\Traffic2-Mask.mp4,Data-Processing\Raw-Data\Otsu\M4\120p\Traffic2\Traffic2-Mask.mp4,0.5362,0.0605,0.6032,0.5255,0.0622,0.5988,500
120p,Traffic2,K2,A0.001_,T0.7,M5,Data-Processing\Raw-Data\Param-Sweep\120p\Traffic2\K2\A0.001_\T0.7\M5\Traffic2-Mask.mp4,Data-Processing\Raw-Data\OpenCV\M5\120p\Traffic2\Traffic2-Mask.mp4,Data-Processing\Raw-Data\Otsu\M5\120p\Traffic2\Traffic2-Mask.mp4,0.5421,0.0626,0.6165,0.5293,0.0639,0.602,500
120p,Traffic2,K2,A0.001_,T0.9,M3,Data-Processing\Raw-Data\Param-Sweep\120p\Traffic2\K2\A0.001_\T0.9\M3\Traffic2-Mask.mp4,Data-Processing\Raw-Data\OpenCV\M3\120p\Traffic2\Traffic2-Mask.mp4,Data-Processing\Raw-Data\Otsu\M3\120p\Traffic2\Traffic2-Mask.mp4,0.4869,0.0612,0.5106,0.4446,0.0537,0.4731,500
120p,Traffic2,K2,A0.001_,T0.9,M4,Data-Processing\Raw-Data\Param-Sweep\120p\Traffic2\K2\A0.001_\T0.9\M4\Traffic2-Mask.mp4,Data-Processing\Raw-Data\OpenCV\M4\120p\Traffic2\Traffic2-Mask.mp4,Data-Processing\Raw-Data\Otsu\M4\120p\Traffic2\Traffic2-Mask.mp4,0.6476,0.0535,0.7137,0.63,0.0553,0.7065,500
120p,Traffic2,K2,A0.001_,T0.9,M5,Data-Processing\Raw-Data\Param-Sweep\120p\Traffic2\K2\A0.001_\T0.9\M5\Traffic2-Mask.mp4,Data-Processing\Raw-Data\OpenCV\M5\120p\Traffic2\Traffic2-Mask.mp4,Data-Processing\Raw-Data\Otsu\M5\120p\Traffic2\Traffic2-Mask.mp4,0.6541,0.0557,0.7219,0.6381,0.0579,0.7103,500
120p,Traffic2,K2,A0.01_,T0.5,M3,Data-Processing\Raw-Data\Param-Sweep\120p\Traffic2\K2\A0.01_\T0.5\M3\Traffic2-Mask.mp4,Data-Processing\Raw-Data\OpenCV\M3\120p\Traffic2\Traffic2-Mask.mp4,Data-Processing\Raw-Data\Otsu\M3\120p\Traffic2\Traffic2-Mask.mp4,0.6968,0.0486,0.7782,0.6185,0.045,0.6925,500
120p,Traffic2,K2,A0.01_,T0.5,M4,Data-Processing\Raw-Data\Param-Sweep\120p\Traffic2\K2\A0.01_\T0.5\M4\Traffic2-Mask.mp4,Data-Processing\Raw-Data\OpenCV\M4\120p\Traffic2\Traffic2-Mask.mp4,Data-Processing\Raw-Data\Otsu\M4\120p\Traffic2\Traffic2-Mask.mp4,0.7831,0.0337,0.8267,0.7524,0.038,0.7994,500
120p,Traffic2,K2,A0.01_,T0.5,M5,Data-Processing\Raw-Data\Param-Sweep\120p\Traffic2\K2\A0.01_\T0.5\M5\Traffic2-Mask.mp4,Data-Processing\Raw-Data\OpenCV\M5\120p\Traffic2\Traffic2-Mask.mp4,Data-Processing\Raw-Data\Otsu\M5\120p\Traffic2\Traffic2-Mask.mp4,0.7967,0.0355,0.8486,0.772,0.0408,0.82,500
120p,Traffic2,K2,A0.01_,T0.7,M3,Data-Processing\Raw-Data\Param-Sweep\120p\Traffic2\K2\A0.01_\T0.7\M3\Traffic2-Mask.mp4,Data-Processing\Raw-Data\OpenCV\M3\120p\Traffic2\Traffic2-Mask.mp4,Data-Processing\Raw-Data\Otsu\M3\120p\Traffic2\Traffic2-Mask.mp4,0.7501,0.0322,0.8008,0.6631,0.0329,0.7061,500
120p,Traffic2,K2,A0.01_,T0.7,M4,Data-Processing\Raw-Data\Param-Sweep\120p\Traffic2\K2\A0.01_\T0.7\M4\Traffic2-Mask.mp4,Data-Processing\Raw-Data\OpenCV\M4\120p\Traffic2\Traffic2-Mask.mp4,Data-Processing\Raw-Data\Otsu\M4\120p\Traffic2\Traffic2-Mask.mp4,0.8108,0.0215,0.8395,0.7771,0.0268,0.8076,500
120p,Traffic2,K2,A0.01_,T0.7,M5,Data-Processing\Raw-Data\Param-Sweep\120p\Traffic2\K2\A0.01_\T0.7\M5\Traffic2-Mask.mp4,Data-Processing\Raw-Data\OpenCV\M5\120p\Traffic2\Traffic2-Mask.mp4,Data-Processing\Raw-Data\Otsu\M5\120p\Traffic2\Traffic2-Mask.mp4,0.8253,0.0226,0.8616,0.7976,0.029,0.8312,500
120p,Traffic2,K2,A0.01_,T0.9,M3,Data-Processing\Raw-Data\Param-Sweep\120p\Traffic2\K2\A0.01_\T0.9\M3\Traffic2-Mask.mp4,Data-Processing\Raw-Data\OpenCV\M3\120p\Traffic2\Traffic2-Mask.mp4,Data-Processing\Raw-Data\Otsu\M3\120p\Traffic2\Traffic2-Mask.mp4,0.8215,0.0185,0.8475,0.7309,0.0134,0.7473,500
120p,Traffic2,K2,A0.01_,T0.9,M4,Data-Processing\Raw-Data\Param-Sweep\120p\Traffic2\K2\A0.01_\T0.9\M4\Traffic2-Mask.mp4,Data-Processing\Raw-Data\OpenCV\M4\120p\Traffic2\Traffic2-Mask.mp4,Data-Processing\Raw-Data\Otsu\M4\120p\Traffic2\Traffic2-Mask.mp4,0.8538,0.0129,0.8712,0.826,0.0103,0.8359,500
120p,Traffic2,K2,A0.01_,T0.9,M5,Data-Processing\Raw-Data\Param-Sweep\120p\Traffic2\K2\A0.01_\T0.9\M5\Traffic2-Mask.mp4,Data-Processing\Raw-Data\OpenCV\M5\120p\Traffic2\Traffic2-Mask.mp4,Data-Processing\Raw-Data\Otsu\M5\120p\Traffic2\Traffic2-Mask.mp4,0.8728,0.0118,0.8896,0.8475,0.0112,0.8539,500
120p,Traffic2,K2,A0.1_,T0.5,M3,Data-Processing\Raw-Data\Param-Sweep\120p\Traffic2\K2\A0.1_\T0.5\M3\Traffic2-Mask.mp4,Data-Processing\Raw-Data\OpenCV\M3\120p\Traffic2\Traffic2-Mask.mp4,Data-Processing\Raw-Data\Otsu\M3\120p\Traffic2\Traffic2-Mask.mp4,0.7779,0.0279,0.8184,0.7099,0.0131,0.7267,500
120p,Traffic2,K2,A0.1_,T0.5,M4,Data-Processing\Raw-Data\Param-Sweep\120p\Traffic2\K2\A0.1_\T0.5\M4\Traffic2-Mask.mp4,Data-Processing\Raw-Data\OpenCV\M4\120p\Traffic2\Traffic2-Mask.mp4,Data-Processing\Raw-Data\Otsu\M4\120p\Traffic2\Traffic2-Mask.mp4,0.8339,0.0212,0.8673,0.8219,0.0107,0.8338,500
120p,Traffic2,K2,A0.1_,T0.5,M5,Data-Processing\Raw-Data\Param-Sweep\120p\Traffic2\K2\A0.1_\T0.5\M5\Traffic2-Mask.mp4,Data-Processing\Raw-Data\OpenCV\M5\120p\Traffic2\Traffic2-Mask.mp4,Data-Processing\Raw-Data\Otsu\M5\120p\Traffic2\Traffic2-Mask.mp4,0.8533,0.0189,0.8881,0.8494,0.0112,0.8666,500
120p,Traffic2,K2,A0.1_,T0.7,M3,Data-Processing\Raw-Data\Param-Sweep\120p\Traffic2\K2\A0.1_\T0.7\M3\Traffic2-Mask.mp4,Data-Processing\Raw-Data\OpenCV\M3\120p\Traffic2\Traffic2-Mask.mp4,Data-Processing\Raw-Data\Otsu\M3\120p\Traffic2\Traffic2-Mask.mp4,0.8156,0.0221,0.8459,0.7469,0.007,0.7511,500
120p,Traffic2,K2,A0.1_,T0.7,M4,Data-Processing\Raw-Data\Param-Sweep\120p\Traffic2\K2\A0.1_\T0.7\M4\Traffic2-Mask.mp4,Data-Processing\Raw-Data\OpenCV\M4\120p\Traffic2\Traffic2-Mask.mp4,Data-Processing\Raw-Data\Otsu\M4\120p\Traffic2\Traffic2-Mask.mp4,0.8608,0.0167,0.8831,0.852,0.0054,0.8562,500
120p,Traffic2,K2,A0.1_,T0.7,M5,Data-Processing\Raw-Data\Param-Sweep\120p\Traffic2\K2\A0.1_\T0.7\M5\Traffic2-Mask.mp4,Data-Processing\Raw-Data\OpenCV\M5\120p\Traffic2\Traffic2-Mask.mp4,Data-Processing\Raw-Data\Otsu\M5\120p\Traffic2\Traffic2-Mask.mp4,0.8826,0.0142,0.9068,0.8821,0.0055,0.8889,500
120p,Traffic2,K2,A0.1_,T0.9,M3,Data-Processing\Raw-Data\Param-Sweep\120p\Traffic2\K2\A0.1_\T0.9\M3\Traffic2-Mask.mp4,Data-Processing\Raw-Data\OpenCV\M3\120p\Traffic2\Traffic2-Mask.mp4,Data-Processing\Raw-Data\Otsu\M3\120p\Traffic2\Traffic2-Mask.mp4,0.8458,0.0189,0.8635,0.7851,0.0031,0.7865,500
120p,Traffic2,K2,A0.1_,T0.9,M4,Data-Processing\Raw-Data\Param-Sweep\120p\Traffic2\K2\A0.1_\T0.9\M4\Traffic2-Mask.mp4,Data-Processing\Raw-Data\OpenCV\M4\120p\Traffic2\Traffic2-Mask.mp4,Data-Processing\Raw-Data\Otsu\M4\120p\Traffic2\Traffic2-Mask.mp4,0.883,0.0146,0.9011,0.8837,0.0023,0.8802,500
120p,Traffic2,K2,A0.1_,T0.9,M5,Data-Processing\Raw-Data\Param-Sweep\120p\Traffic2\K2\A0.1_\T0.9\M5\Traffic2-Mask.mp4,Data-Processing\Raw-Data\OpenCV\M5\120p\Traffic2\Traffic2-Mask.mp4,Data-Processing\Raw-Data\Otsu\M5\120p\Traffic2\Traffic2-Mask.mp4,0.9085,0.012,0.9274,0.9223,0.0022,0.9231,500
120p,Traffic2,K3,A0.001_,T0.5,M3,Data-Processing\Raw-Data\Param-Sweep\120p\Traffic2\K3\A0.001_\T0.5\M3\Traffic2-Mask.mp4,Data-Processing\Raw-Data\OpenCV\M3\120p\Traffic2\Traffic2-Mask.mp4,Data-Processing\Raw-Data\Otsu\M3\120p\Traffic2\Traffic2-Mask.mp4,0.3377,0.0435,0.2933,0.3124,0.0411,0.2815,500
120p,Traffic2,K3,A0.001_,T0.5,M4,Data-Processing\Raw-Data\Param-Sweep\120p\Traffic2\K3\A0.001_\T0.5\M4\Traffic2-Mask.mp4,Data-Processing\Raw-Data\OpenCV\M4\120p\Traffic2\Traffic2-Mask.mp4,Data-Processing\Raw-Data\Otsu\M4\120p\Traffic2\Traffic2-Mask.mp4,0.556,0.0374,0.6107,0.5456,0.0404,0.604,500
120p,Traffic2,K3,A0.001_,T0.5,M5,Data-Processing\Raw-Data\Param-Sweep\120p\Traffic2\K3\A0.001_\T0.5\M5\Traffic2-Mask.mp4,Data-Processing\Raw-Data\OpenCV\M5\120p\Traffic2\Traffic2-Mask.mp4,Data-Processing\Raw-Data\Otsu\M5\120p\Traffic2\Traffic2-Mask.mp4,0.5623,0.0388,0.6242,0.5503,0.0412,0.6095,500
120p,Traffic2,K3,A0.001_,T0.7,M3,Data-Processing\Raw-Data\Param-Sweep\120p\Traffic2\K3\A0.001_\T0.7\M3\Traffic2-Mask.mp4,Data-Processing\Raw-Data\OpenCV\M3\120p\Traffic2\Traffic2-Mask.mp4,Data-Processing\Raw-Data\Otsu\M3\120p\Traffic2\Traffic2-Mask.mp4,0.4804,0.0783,0.4441,0.4347,0.0675,0.3898,500
120p,Traffic2,K3,A0.001_,T0.7,M4,Data-Processing\Raw-Data\Param-Sweep\120p\Traffic2\K3\A0.001_\T0.7\M4\Traffic2-Mask.mp4,Data-Processing\Raw-Data\OpenCV\M4\120p\Traffic2\Traffic2-Mask.mp4,Data-Processing\Raw-Data\Otsu\M4\120p\Traffic2\Traffic2-Mask.mp4,0.6351,0.0494,0.6395,0.6198,0.0512,0.6317,500
120p,Traffic2,K3,A0.001_,T0.7,M5,Data-Processing\Raw-Data\Param-Sweep\120p\Traffic2\K3\A0.001_\T0.7\M5\Traffic2-Mask.mp4,Data-Processing\Raw-Data\OpenCV\M5\120p\Traffic2\Traffic2-Mask.mp4,Data-Processing\Raw-Data\Otsu\M5\120p\Traffic2\Traffic2-Mask.mp4,0.6444,0.051,0.6477,0.631,0.0535,0.6422,500
120p,Traffic2,K3,A0.001_,T0.9,M3,Data-Processing\Raw-Data\Param-Sweep\120p\Traffic2\K3\A0.001_\T0.9\M3\Traffic2-Mask.mp4,Data-Processing\Raw-Data\OpenCV\M3\120p\Traffic2\Traffic2-Mask.mp4,Data-Processing\Raw-Data\Otsu\M3\120p\Traffic2\Traffic2-Mask.mp4,0.6704,0.0667,0.7463,0.5954,0.0568,0.6881,500
120p,Traffic2,K3,A0.001_,T0.9,M4,Data-Processing\Raw-Data\Param-Sweep\120p\Traffic2\K3\A0.001_\T0.9\M4\Traffic2-Mask.mp4,Data-Processing\Raw-Data\OpenCV\M4\120p\Traffic2\Traffic2-Mask.mp4,Data-Processing\Raw-Data\Otsu\M4\120p\Traffic2\Traffic2-Mask.mp4,0.7624,0.0348,0.7979,0.7379,0.0371,0.7784,500
120p,Traffic2,K3,A0.001_,T0.9,M5,Data-Processing\Raw-Data\Param-Sweep\120p\Traffic2\K3\A0.001_\T0.9\M5\Traffic2-Mask.mp4,Data-Processing\Raw-Data\OpenCV\M5\120p\Traffic2\Traffic2-Mask.mp4,Data-Processing\Raw-Data\Otsu\M5\120p\Traffic2\Traffic2-Mask.mp4,0.7782,0.0363,0.8132,0.7567,0.0402,0.7954,500
120p,Traffic2,K3,A0.01_,T0.5,M3,Data-Processing\Raw-Data\Param-Sweep\120p\Traffic2\K3\A0.01_\T0.5\M3\Traffic2-Mask.mp4,Data-Processing\Raw-Data\OpenCV\M3\120p\Traffic2\Traffic2-Mask.mp4,Data-Processing\Raw-Data\Otsu\M3\120p\Traffic2\Traffic2-Mask.mp4,0.7579,0.0391,0.8232,0.664,0.0372,0.7344,500
120p,Traffic2,K3,A0.01_,T0.5,M4,Data-Processing\Raw-Data\Param-Sweep\120p\Traffic2\K3\A0.01_\T0.5\M4\Traffic2-Mask.mp4,Data-Processing\Raw-Data\OpenCV\M4\120p\Traffic2\Traffic2-Mask.mp4,Data-Processing\Raw-Data\Otsu\M4\120p\Traffic2\Traffic2-Mask.mp4,0.8214,0.0231,0.8575,0.7873,0.0282,0.828,500
120p,Traffic2,K3,A0.01_,T0.5,M5,Data-Processing\Raw-Data\Param-Sweep\120p\Traffic2\K3\A0.01_\T0.5\M5\Traffic2-Mask.mp4,Data-Processing\Raw-Data\OpenCV\M5\120p\Traffic2\Traffic2-Mask.mp4,Data-Processing\Raw-Data\Otsu\M5\120p\Traffic2\Traffic2-Mask.mp4,0.8413,0.0246,0.8844,0.8107,0.0305,0.8549,500
120p,Traffic2,K3,A0.01_,T0.7,M3,Data-Processing\Raw-Data\Param-Sweep\120p\Traffic2\K3\A0.01_\T0.7\M3\Traffic2-Mask.mp4,Data-Processing\Raw-Data\OpenCV\M3\120p\Traffic2\Traffic2-Mask.mp4,Data-Processing\Raw-Data\Otsu\M3\120p\Traffic2\Traffic2-Mask.mp4,0.8115,0.025,0.8564,0.7078,0.0259,0.7552,500
120p,Traffic2,K3,A0.01_,T0.7,M4,Data-Processing\Raw-Data\Param-Sweep\120p\Traffic2\K3\A0.01_\T0.7\M4\Traffic2-Mask.mp4,Data-Processing\Raw-Data\OpenCV\M4\120p\Traffic2\Traffic2-Mask.mp4,Data-Processing\Raw-Data\Otsu\M4\120p\Traffic2\Traffic2-Mask.mp4,0.849,0.0152,0.873,0.8134,0.0191,0.8415,500
120p,Traffic2,K3,A0.01_,T0.7,M5,Data-Processing\Raw-Data\Param-Sweep\120p\Traffic2\K3\A0.01_\T0.7\M5\Traffic2-Mask.mp4,Data-Processing\Raw-Data\OpenCV\M5\120p\Traffic2\Traffic2-Mask.mp4,Data-Processing\Raw-Data\Otsu\M5\120p\Traffic2\Traffic2-Mask.mp4,0.8733,0.0155,0.9004,0.8385,0.0208,0.8665,500
120p,Traffic2,K3,A0.01_,T0.9,M3,Data-Processing\Raw-Data\Param-Sweep\120p\Traffic2\K3\A0.01_\T0.9\M3\Traffic2-Mask.mp4,Data-Processing\Raw-Data\OpenCV\M3\120p\Traffic2\Traffic2-Mask.mp4,Data-Processing\Raw-Data\Otsu\M3\120p\Traffic2\Traffic2-Mask.mp4,0.8616,0.0172,0.8869,0.7611,0.0107,0.7738,500
120p,Traffic2,K3,A0.01_,T0.9,M4,Data-Processing\Raw-Data\Param-Sweep\120p\Traffic2\K3\A0.01_\T0.9\M4\Traffic2-Mask.mp4,Data-Processing\Raw-Data\OpenCV\M4\120p\Traffic2\Traffic2-Mask.mp4,Data-Processing\Raw-Data\Otsu\M4\120p\Traffic2\Traffic2-Mask.mp4,0.8767,0.012,0.8922,0.8518,0.0066,0.8581,500
120p,Traffic2,K3,A0.01_,T0.9,M5,Data-Processing\Raw-Data\Param-Sweep\120p\Traffic2\K3\A0.01_\T0.9\M5\Traffic2-Mask.mp4,Data-Processing\Raw-Data\OpenCV\M5\120p\Traffic2\Traffic2-Mask.mp4,Data-Processing\Raw-Data\Otsu\M5\120p\Traffic2\Traffic2-Mask.mp4,0.9075,0.0105,0.9254,0.8809,0.0071,0.8888,500
120p,Traffic2,K3,A0.1_,T0.5,M3,Data-Processing\Raw-Data\Param-Sweep\120p\Traffic2\K3\A0.1_\T0.5\M3\Traffic2-Mask.mp4,Data-Processing\Raw-Data\OpenCV\M3\120p\Traffic2\Traffic2-Mask.mp4,Data-Processing\Raw-Data\Otsu\M3\120p\Traffic2\Traffic2-Mask.mp4,0.787,0.0285,0.8268,0.723,0.013,0.739,500
120p,Traffic2,K3,A0.1_,T0.5,M4,Data-Processing\Raw-Data\Param-Sweep\120p\Traffic2\K3\A0.1_\T0.5\M4\Traffic2-Mask.mp4,Data-Processing\Raw-Data\OpenCV\M4\120p\Traffic2\Traffic2-Mask.mp4,Data-Processing\Raw-Data\Otsu\M4\120p\Traffic2\Traffic2-Mask.mp4,0.8444,0.0213,0.8765,0.8377,0.0102,0.8515,500
120p,Traffic2,K3,A0.1_,T0.5,M5,Data-Processing\Raw-Data\Param-Sweep\120p\Traffic2\K3\A0.1_\T0.5\M5\Traffic2-Mask.mp4,Data-Processing\Raw-Data\OpenCV\M5\120p\Traffic2\Traffic2-Mask.mp4,Data-Processing\Raw-Data\Otsu\M5\120p\Traffic2\Traffic2-Mask.mp4,0.8658,0.019,0.9006,0.8688,0.0106,0.8865,500
120p,Traffic2,K3,A0.1_,T0.7,M3,Data-Processing\Raw-Data\Param-Sweep\120p\Traffic2\K3\A0.1_\T0.7\M3\Traffic2-Mask.mp4,Data-Processing\Raw-Data\OpenCV\M3\120p\Traffic2\Traffic2-Mask.mp4,Data-Processing\Raw-Data\Otsu\M3\120p\Traffic2\Traffic2-Mask.mp4,0.8208,0.0225,0.8515,0.759,0.0069,0.7666,500
120p,Traffic2,K3,A0.1_,T0.7,M4,Data-Processing\Raw-Data\Param-Sweep\120p\Traffic2\K3\A0.1_\T0.7\M4\Traffic2-Mask.mp4,Data-Processing\Raw-Data\OpenCV\M4\120p\Traffic2\Traffic2-Mask.mp4,Data-Processing\Raw-Data\Otsu\M4\120p\Traffic2\Traffic2-Mask.mp4,0.8687,0.0172,0.8918,0.8664,0.0052,0.8724,500
120p,Traffic2,K3,A0.1_,T0.7,M5,Data-Processing\Raw-Data\Param-Sweep\120p\Traffic2\K3\A0.1_\T0.7\M5\Traffic2-Mask.mp4,Data-Processing\Raw-Data\OpenCV\M5\120p\Traffic2\Traffic2-Mask.mp4,Data-Processing\Raw-Data\Otsu\M5\120p\Traffic2\Traffic2-Mask.mp4,0.8928,0.0147,0.9169,0.9024,0.0053,0.9093,500
120p,Traffic2,K3,A0.1_,T0.9,M3,Data-Processing\Raw-Data\Param-Sweep\120p\Traffic2\K3\A0.1_\T0.9\M3\Traffic2-Mask.mp4,Data-Processing\Raw-Data\OpenCV\M3\120p\Traffic2\Traffic2-Mask.mp4,Data-Processing\Raw-Data\Otsu\M3\120p\Traffic2\Traffic2-Mask.mp4,0.848,0.019,0.8665,0.7899,0.0031,0.7905,500
120p,Traffic2,K3,A0.1_,T0.9,M4,Data-Processing\Raw-Data\Param-Sweep\120p\Traffic2\K3\A0.1_\T0.9\M4\Traffic2-Mask.mp4,Data-Processing\Raw-Data\OpenCV\M4\120p\Traffic2\Traffic2-Mask.mp4,Data-Processing\Raw-Data\Otsu\M4\120p\Traffic2\Traffic2-Mask.mp4,0.8838,0.0145,0.9013,0.886,0.0022,0.8844,500
120p,Traffic2,K3,A0.1_,T0.9,M5,Data-Processing\Raw-Data\Param-Sweep\120p\Traffic2\K3\A0.1_\T0.9\M5\Traffic2-Mask.mp4,Data-Processing\Raw-Data\OpenCV\M5\120p\Traffic2\Traffic2-Mask.mp4,Data-Processing\Raw-Data\Otsu\M5\120p\Traffic2\Traffic2-Mask.mp4,0.9097,0.0119,0.9289,0.9256,0.0021,0.9275,500
120p,Traffic2,K4,A0.001_,T0.5,M3,Data-Processing\Raw-Data\Param-Sweep\120p\Traffic2\K4\A0.001_\T0.5\M3\Traffic2-Mask.mp4,Data-Processing\Raw-Data\OpenCV\M3\120p\Traffic2\Traffic2-Mask.mp4,Data-Processing\Raw-Data\Otsu\M3\120p\Traffic2\Traffic2-Mask.mp4,0.3706,0.0469,0.3068,0.3427,0.0439,0.3049,500
120p,Traffic2,K4,A0.001_,T0.5,M4,Data-Processing\Raw-Data\Param-Sweep\120p\Traffic2\K4\A0.001_\T0.5\M4\Traffic2-Mask.mp4,Data-Processing\Raw-Data\OpenCV\M4\120p\Traffic2\Traffic2-Mask.mp4,Data-Processing\Raw-Data\Otsu\M4\120p\Traffic2\Traffic2-Mask.mp4,0.5739,0.0356,0.6128,0.562,0.0388,0.6048,500
120p,Traffic2,K4,A0.001_,T0.5,M5,Data-Processing\Raw-Data\Param-Sweep\120p\Traffic2\K4\A0.001_\T0.5\M5\Traffic2-Mask.mp4,Data-Processing\Raw-Data\OpenCV\M5\120p\Traffic2\Traffic2-Mask.mp4,Data-Processing\Raw-Data\Otsu\M5\120p\Traffic2\Traffic2-Mask.mp4,0.5807,0.0369,0.6261,0.5681,0.0396,0.6123,500
120p,Traffic2,K4,A0.001_,T0.7,M3,Data-Processing\Raw-Data\Param-Sweep\120p\Traffic2\K4\A0.001_\T0.7\M3\Traffic2-Mask.mp4,Data-Processing\Raw-Data\OpenCV\M3\120p\Traffic2\Traffic2-Mask.mp4,Data-Processing\Raw-Data\Otsu\M3\120p\Traffic2\Traffic2-Mask.mp4,0.5327,0.0814,0.624,0.4797,0.069,0.5605,500
120p,Traffic2,K4,A0.001_,T0.7,M4,Data-Processing\Raw-Data\Param-Sweep\120p\Traffic2\K4\A0.001_\T0.7\M4\Traffic2-Mask.mp4,Data-Processing\Raw-Data\OpenCV\M4\120p\Traffic2\Traffic2-Mask.mp4,Data-Processing\Raw-Data\Otsu\M4\120p\Traffic2\Traffic2-Mask.mp4,0.6676,0.0486,0.7255,0.6488,0.0501,0.7023,500
120p,Traffic2,K4,A0.001_,T0.7,M5,Data-Processing\Raw-Data\Param-Sweep\120p\Traffic2\K4\A0.001_\T0.7\M5\Traffic2-Mask.mp4,Data-Processing\Raw-Data\OpenCV\M5\120p\Traffic2\Traffic2-Mask.mp4,Data-Processing\Raw-Data\Otsu\M5\120p\Traffic2\Traffic2-Mask.mp4,0.6783,0.0503,0.7324,0.6622,0.0532,0.715,500
120p,Traffic2,K4,A0.001_,T0.9,M3,Data-Processing\Raw-Data\Param-Sweep\120p\Traffic2\K4\A0.001_\T0.9\M3\Traffic2-Mask.mp4,Data-Processing\Raw-Data\OpenCV\M3\120p\Traffic2\Traffic2-Mask.mp4,Data-Processing\Raw-Data\Otsu\M3\120p\Traffic2\Traffic2-Mask.mp4,0.7355,0.051,0.8111,0.6496,0.045,0.7277,500
120p,Traffic2,K4,A0.001_,T0.9,M4,Data-Processing\Raw-Data\Param-Sweep\120p\Traffic2\K4\A0.001_\T0.9\M4\Traffic2-Mask.mp4,Data-Processing\Raw-Data\OpenCV\M4\120p\Traffic2\Traffic2-Mask.mp4,Data-Processing\Raw-Data\Otsu\M4\120p\Traffic2\Traffic2-Mask.mp4,0.8031,0.0256,0.8363,0.7753,0.0288,0.8093,500
120p,Traffic2,K4,A0.001_,T0.9,M5,Data-Processing\Raw-Data\Param-Sweep\120p\Traffic2\K4\A0.001_\T0.9\M5\Traffic2-Mask.mp4,Data-Processing\Raw-Data\OpenCV\M5\120p\Traffic2\Traffic2-Mask.mp4,Data-Processing\Raw-Data\Otsu\M5\120p\Traffic2\Traffic2-Mask.mp4,0.8237,0.0266,0.8629,0.7967,0.0316,0.8352,500
120p,Traffic2,K4,A0.01_,T0.5,M3,Data-Processing\Raw-Data\Param-Sweep\120p\Traffic2\K4\A0.01_\T0.5\M3\Traffic2-Mask.mp4,Data-Processing\Raw-Data\OpenCV\M3\120p\Traffic2\Traffic2-Mask.mp4,Data-Processing\Raw-Data\Otsu\M3\120p\Traffic2\Traffic2-Mask.mp4,0.7792,0.0343,0.8359,0.679,0.0338,0.7447,500
120p,Traffic2,K4,A0.01_,T0.5,M4,Data-Processing\Raw-Data\Param-Sweep\120p\Traffic2\K4\A0.01_\T0.5\M4\Traffic2-Mask.mp4,Data-Processing\Raw-Data\OpenCV\M4\120p\Traffic2\Traffic2-Mask.mp4,Data-Processing\Raw-Data\Otsu\M4\120p\Traffic2\Traffic2-Mask.mp4,0.8356,0.0203,0.8696,0.7988,0.0253,0.8363,500
120p,Traffic2,K4,A0.01_,T0.5,M5,Data-Processing\Raw-Data\Param-Sweep\120p\Traffic2\K4\A0.01_\T0.5\M5\Traffic2-Mask.mp4,Data-Processing\Raw-Data\OpenCV\M5\120p\Traffic2\Traffic2-Mask.mp4,Data-Processing\Raw-Data\Otsu\M5\120p\Traffic2\Traffic2-Mask.mp4,0.8576,0.0214,0.8962,0.8238,0.0274,0.8623,500
120p,Traffic2,K4,A0.01_,T0.7,M3,Data-Processing\Raw-Data\Param-Sweep\120p\Traffic2\K4\A0.01_\T0.7\M3\Traffic2-Mask.mp4,Data-Processing\Raw-Data\OpenCV\M3\120p\Traffic2\Traffic2-Mask.mp4,Data-Processing\Raw-Data\Otsu\M3\120p\Traffic2\Traffic2-Mask.mp4,0.8282,0.0235,0.8687,0.7209,0.0225,0.7582,500
120p,Traffic2,K4,A0.01_,T0.7,M4,Data-Processing\Raw-Data\Param-Sweep\120p\Traffic2\K4\A0.01_\T0.7\M4\Traffic2-Mask.mp4,Data-Processing\Raw-Data\OpenCV\M4\120p\Traffic2\Traffic2-Mask.mp4,Data-Processing\Raw-Data\Otsu\M4\120p\Traffic2\Traffic2-Mask.mp4,0.86,0.0147,0.8837,0.8245,0.0162,0.8468,500
120p,Traffic2,K4,A0.01_,T0.7,M5,Data-Processing\Raw-Data\Param-Sweep\120p\Traffic2\K4\A0.01_\T0.7\M5\Traffic2-Mask.mp4,Data-Processing\Raw-Data\OpenCV\M5\120p\Traffic2\Traffic2-Mask.mp4,Data-Processing\Raw-Data\Otsu\M5\120p\Traffic2\Traffic2-Mask.mp4,0.887,0.0143,0.9121,0.8512,0.0176,0.876,500
120p,Traffic2,K4,A0.01_,T0.9,M3,Data-Processing\Raw-Data\Param-Sweep\120p\Traffic2\K4\A0.01_\T0.9\M3\Traffic2-Mask.mp4,Data-Processing\Raw-Data\OpenCV\M3\120p\Traffic2\Traffic2-Mask.mp4,Data-Processing\Raw-Data\Otsu\M3\120p\Traffic2\Traffic2-Mask.mp4,0.8711,0.018,0.8963,0.7725,0.0083,0.7815,500
120p,Traffic2,K4,A0.01_,T0.9,M4,Data-Processing\Raw-Data\Param-Sweep\120p\Traffic2\K4\A0.01_\T0.9\M4\Traffic2-Mask.mp4,Data-Processing\Raw-Data\OpenCV\M4\120p\Traffic2\Traffic2-Mask.mp4,Data-Processing\Raw-Data\Otsu\M4\120p\Traffic2\Traffic2-Mask.mp4,0.8836,0.0128,0.8994,0.8637,0.0039,0.8676,500
120p,Traffic2,K4,A0.01_,T0.9,M5,Data-Processing\Raw-Data\Param-Sweep\120p\Traffic2\K4\A0.01_\T0.9\M5\Traffic2-Mask.mp4,Data-Processing\Raw-Data\OpenCV\M5\120p\Traffic2\Traffic2-Mask.mp4,Data-Processing\Raw-Data\Otsu\M5\120p\Traffic2\Traffic2-Mask.mp4,0.9163,0.0108,0.9355,0.8955,0.0041,0.9003,500
120p,Traffic2,K4,A0.1_,T0.5,M3,Data-Processing\Raw-Data\Param-Sweep\120p\Traffic2\K4\A0.1_\T0.5\M3\Traffic2-Mask.mp4,Data-Processing\Raw-Data\OpenCV\M3\120p\Traffic2\Traffic2-Mask.mp4,Data-Processing\Raw-Data\Otsu\M3\120p\Traffic2\Traffic2-Mask.mp4,0.7879,0.0285,0.83,0.7282,0.0128,0.7439,500
120p,Traffic2,K4,A0.1_,T0.5,M4,Data-Processing\Raw-Data\Param-Sweep\120p\Traffic2\K4\A0.1_\T0.5\M4\Traffic2-Mask.mp4,Data-Processing\Raw-Data\OpenCV\M4\120p\Traffic2\Traffic2-Mask.mp4,Data-Processing\Raw-Data\Otsu\M4\120p\Traffic2\Traffic2-Mask.mp4,0.8473,0.0215,0.8796,0.8442,0.0101,0.8576,500
120p,Traffic2,K4,A0.1_,T0.5,M5,Data-Processing\Raw-Data\Param-Sweep\120p\Traffic2\K4\A0.1_\T0.5\M5\Traffic2-Mask.mp4,Data-Processing\Raw-Data\OpenCV\M5\120p\Traffic2\Traffic2-Mask.mp4,Data-Processing\Raw-Data\Otsu\M5\120p\Traffic2\Traffic2-Mask.mp4,0.8696,0.0192,0.9032,0.8782,0.0105,0.8955,500
120p,Traffic2,K4,A0.1_,T0.7,M3,Data-Processing\Raw-Data\Param-Sweep\120p\Traffic2\K4\A0.1_\T0.7\M3\Traffic2-Mask.mp4,Data-Processing\Raw-Data\OpenCV\M3\120p\Traffic2\Traffic2-Mask.mp4,Data-Processing\Raw-Data\Otsu\M3\120p\Traffic2\Traffic2-Mask.mp4,0.8209,0.0225,0.8493,0.7643,0.0068,0.7722,500
120p,Traffic2,K4,A0.1_,T0.7,M4,Data-Processing\Raw-Data\Param-Sweep\120p\Traffic2\K4\A0.1_\T0.7\M4\Traffic2-Mask.mp4,Data-Processing\Raw-Data\OpenCV\M4\120p\Traffic2\Traffic2-Mask.mp4,Data-Processing\Raw-Data\Otsu\M4\120p\Traffic2\Traffic2-Mask.mp4,0.8695,0.0172,0.8937,0.8704,0.005,0.8749,500
120p,Traffic2,K4,A0.1_,T0.7,M5,Data-Processing\Raw-Data\Param-Sweep\120p\Traffic2\K4\A0.1_\T0.7\M5\Traffic2-Mask.mp4,Data-Processing\Raw-Data\OpenCV\M5\120p\Traffic2\Traffic2-Mask.mp4,Data-Processing\Raw-Data\Otsu\M5\120p\Traffic2\Traffic2-Mask.mp4,0.894,0.0147,0.9192,0.9087,0.0052,0.9166,500
120p,Traffic2,K4,A0.1_,T0.9,M3,Data-Processing\Raw-Data\Param-Sweep\120p\Traffic2\K4\A0.1_\T0.9\M3\Traffic2-Mask.mp4,Data-Processing\Raw-Data\OpenCV\M3\120p\Traffic2\Traffic2-Mask.mp4,Data-Processing\Raw-Data\Otsu\M3\120p\Traffic2\Traffic2-Mask.mp4,0.8485,0.0189,0.8667,0.7928,0.003,0.795,500
120p,Traffic2,K4,A0.1_,T0.9,M4,Data-Processing\Raw-Data\Param-Sweep\120p\Traffic2\K4\A0.1_\T0.9\M4\Traffic2-Mask.mp4,Data-Processing\Raw-Data\OpenCV\M4\120p\Traffic2\Traffic2-Mask.mp4,Data-Processing\Raw-Data\Otsu\M4\120p\Traffic2\Traffic2-Mask.mp4,0.8845,0.0144,0.902,0.8875,0.002,0.8864,500
120p,Traffic2,K4,A0.1_,T0.9,M5,Data-Processing\Raw-Data\Param-Sweep\120p\Traffic2\K4\A0.1_\T0.9\M5\Traffic2-Mask.mp4,Data-Processing\Raw-Data\OpenCV\M5\120p\Traffic2\Traffic2-Mask.mp4,Data-Processing\Raw-Data\Otsu\M5\120p\Traffic2\Traffic2-Mask.mp4,0.9104,0.0117,0.93,0.9276,0.0019,0.9286,500
240p,Traffic2,K2,A0.001_,T0.5,M3,Data-Processing\Raw-Data\Param-Sweep\240p\Traffic2\K2\A0.001_\T0.5\M3\Traffic2-Mask.mp4,Data-Processing\Raw-Data\OpenCV\M3\240p\Traffic2\Traffic2-Mask.mp4,Data-Processing\Raw-Data\Otsu\M3\240p\Traffic2\Traffic2-Mask.mp4,0.2256,0.0205,0.2747,0.224,0.0227,0.2759,500
240p,Traffic2,K2,A0.001_,T0.5,M4,Data-Processing\Raw-Data\Param-Sweep\240p\Traffic2\K2\A0.001_\T0.5\M4\Traffic2-Mask.mp4,Data-Processing\Raw-Data\OpenCV\M4\240p\Traffic2\Traffic2-Mask.mp4,Data-Processing\Raw-Data\Otsu\M4\240p\Traffic2\Traffic2-Mask.mp4,0.4241,0.0374,0.499,0.4132,0.0399,0.497,500
240p,Traffic2,K2,A0.001_,T0.5,M5,Data-Processing\Raw-Data\Param-Sweep\240p\Traffic2\K2\A0.001_\T0.5\M5\Traffic2-Mask.mp4,Data-Processing\Raw-Data\OpenCV\M5\240p\Traffic2\Traffic2-Mask.mp4,Data-Processing\Raw-Data\Otsu\M5\240p\Traffic2\Traffic2-Mask.mp4,0.4265,0.0383,0.5044,0.4133,0.0405,0.496,500
240p,Traffic2,K2,A0.001_,T0.7,M3,Data-Processing\Raw-Data\Param-Sweep\240p\Traffic2\K2\A0.001_\T0.7\M3\Traffic2-Mask.mp4,Data-Processing\Raw-Data\OpenCV\M3\240p\Traffic2\Traffic2-Mask.mp4,Data-Processing\Raw-Data\Otsu\M3\240p\Traffic2\Traffic2-Mask.mp4,0.2633,0.0326,0.2768,0.2541,0.0314,0.2766,500
240p,Traffic2,K2,A0.001_,T0.7,M4,Data-Processing\Raw-Data\Param-Sweep\240p\Traffic2\K2\A0.001_\T0.7\M4\Traffic2-Mask.mp4,Data-Processing\Raw-Data\OpenCV\M4\240p\Traffic2\Traffic2-Mask.mp4,Data-Processing\Raw-Data\Otsu\M4\240p\Traffic2\Traffic2-Mask.mp4,0.4708,0.0546,0.5062,0.4501,0.052,0.503,500
240p,Traffic2,K2,A0.001_,T0.7,M5,Data-Processing\Raw-Data\Param-Sweep\240p\Traffic2\K2\A0.001_\T0.7\M5\Traffic2-Mask.mp4,Data-Processing\Raw-Data\OpenCV\M5\240p\Traffic2\Traffic2-Mask.mp4,Data-Processing\Raw-Data\Otsu\M5\240p\Traffic2\Traffic2-Mask.mp4,0.4733,0.0557,0.5108,0.456,0.0558,0.5018,500
240p,Traffic2,K2,A0.001_,T0.9,M3,Data-Processing\Raw-Data\Param-Sweep\240p\Traffic2\K2\A0.001_\T0.9\M3\Traffic2-Mask.mp4,Data-Processing\Raw-Data\OpenCV\M3\240p\Traffic2\Traffic2-Mask.mp4,Data-Processing\Raw-Data\Otsu\M3\240p\Traffic2\Traffic2-Mask.mp4,0.4827,0.0602,0.5494,0.4115,0.0424,0.4674,500
240p,Traffic2,K2,A0.001_,T0.9,M4,Data-Processing\Raw-Data\Param-Sweep\240p\Traffic2\K2\A0.001_\T0.9\M4\Traffic2-Mask.mp4,Data-Processing\Raw-Data\OpenCV\M4\240p\Traffic2\Traffic2-Mask.mp4,Data-Processing\Raw-Data\Otsu\M4\240p\Traffic2\Traffic2-Mask.mp4,0.6381,0.0528,0.7026,0.5824,0.0476,0.6498,500
240p,Traffic2,K2,A0.001_,T0.9,M5,Data-Processing\Raw-Data\Param-Sweep\240p\Traffic2\K2\A0.001_\T0.9\M5\Traffic2-Mask.mp4,Data-Processing\Raw-Data\OpenCV\M5\240p\Traffic2\Traffic2-Mask.mp4,Data-Processing\Raw-Data\Otsu\M5\240p\Traffic2\Traffic2-Mask.mp4,0.6409,0.054,0.7047,0.6069,0.0533,0.6756,500
240p,Traffic2,K2,A0.01_,T0.5,M3,Data-Processing\Raw-Data\Param-Sweep\240p\Traffic2\K2\A0.01_\T0.5\M3\Traffic2-Mask.mp4,Data-Processing\Raw-Data\OpenCV\M3\240p\Traffic2\Traffic2-Mask.mp4,Data-Processing\Raw-Data\Otsu\M3\240p\Traffic2\Traffic2-Mask.mp4,0.7229,0.0459,0.8042,0.5744,0.0321,0.6434,500
240p,Traffic2,K2,A0.01_,T0.5,M4,Data-Processing\Raw-Data\Param-Sweep\240p\Traffic2\K2\A0.01_\T0.5\M4\Traffic2-Mask.mp4,Data-Processing\Raw-Data\OpenCV\M4\240p\Traffic2\Traffic2-Mask.mp4,Data-Processing\Raw-Data\Otsu\M4\240p\Traffic2\Traffic2-Mask.mp4,0.8019,0.0282,0.8438,0.7188,0.0294,0.7574,500
240p,Traffic2,K2,A0.01_,T0.5,M5,Data-Processing\Raw-Data\Param-Sweep\240p\Traffic2\K2\A0.01_\T0.5\M5\Traffic2-Mask.mp4,Data-Processing\Raw-Data\OpenCV\M5\240p\Traffic2\Traffic2-Mask.mp4,Data-Processing\Raw-Data\Otsu\M5\240p\Traffic2\Traffic2-Mask.mp4,0.81,0.0293,0.8576,0.7581,0.0332,0.8018,500
240p,Traffic2,K2,A0.01_,T0.7,M3,Data-Processing\Raw-Data\Param-Sweep\240p\Traffic2\K2\A0.01_\T0.7\M3\Traffic2-Mask.mp4,Data-Processing\Raw-Data\OpenCV\M3\240p\Traffic2\Traffic2-Mask.mp4,Data-Processing\Raw-Data\Otsu\M3\240p\Traffic2\Traffic2-Mask.mp4,0.7739,0.0318,0.8285,0.6118,0.0239,0.6621,500
240p,Traffic2,K2,A0.01_,T0.7,M4,Data-Processing\Raw-Data\Param-Sweep\240p\Traffic2\K2\A0.01_\T0.7\M4\Traffic2-Mask.mp4,Data-Processing\Raw-Data\OpenCV\M4\240p\Traffic2\Traffic2-Mask.mp4,Data-Processing\Raw-Data\Otsu\M4\240p\Traffic2\Traffic2-Mask.mp4,0.8328,0.0172,0.856,0.7441,0.0206,0.7747,500
240p,Traffic2,K2,A0.01_,T0.7,M5,Data-Processing\Raw-Data\Param-Sweep\240p\Traffic2\K2\A0.01_\T0.7\M5\Traffic2-Mask.mp4,Data-Processing\Raw-Data\OpenCV\M5\240p\Traffic2\Traffic2-Mask.mp4,Data-Processing\Raw-Data\Otsu\M5\240p\Traffic2\Traffic2-Mask.mp4,0.8416,0.0179,0.8691,0.7854,0.0232,0.8156,500
240p,Traffic2,K2,A0.01_,T0.9,M3,Data-Processing\Raw-Data\Param-Sweep\240p\Traffic2\K2\A0.01_\T0.9\M3\Traffic2-Mask.mp4,Data-Processing\Raw-Data\OpenCV\M3\240p\Traffic2\Traffic2-Mask.mp4,Data-Processing\Raw-Data\Otsu\M3\240p\Traffic2\Traffic2-Mask.mp4,0.8478,0.0168,0.8661,0.6762,0.0098,0.6926,500
240p,Traffic2,K2,A0.01_,T0.9,M4,Data-Processing\Raw-Data\Param-Sweep\240p\Traffic2\K2\A0.01_\T0.9\M4\Traffic2-Mask.mp4,Data-Processing\Raw-Data\OpenCV\M4\240p\Traffic2\Traffic2-Mask.mp4,Data-Processing\Raw-Data\Otsu\M4\240p\Traffic2\Traffic2-Mask.mp4,0.8744,0.0102,0.889,0.7878,0.0078,0.7984,500
240p,Traffic2,K2,A0.01_,T0.9,M5,Data-Processing\Raw-Data\Param-Sweep\240p\Traffic2\K2\A0.01_\T0.9\M5\Traffic2-Mask.mp4,Data-Processing\Raw-Data\OpenCV\M5\240p\Traffic2\Traffic2-Mask.mp4,Data-Processing\Raw-Data\Otsu\M5\240p\Traffic2\Traffic2-Mask.mp4,0.8863,0.0092,0.9019,0.8313,0.0086,0.8417,500
240p,Traffic2,K2,A0.1_,T0.5,M3,Data-Processing\Raw-Data\Param-Sweep\240p\Traffic2\K2\A0.1_\T0.5\M3\Traffic2-Mask.mp4,Data-Processing\Raw-Data\OpenCV\M3\240p\Traffic2\Traffic2-Mask.mp4,Data-Processing\Raw-Data\Otsu\M3\240p\Traffic2\Traffic2-Mask.mp4,0.7936,0.0232,0.8291,0.6529,0.0087,0.6639,500
240p,Traffic2,K2,A0.1_,T0.5,M4,Data-Processing\Raw-Data\Param-Sweep\240p\Traffic2\K2\A0.1_\T0.5\M4\Traffic2-Mask.mp4,Data-Processing\Raw-Data\OpenCV\M4\240p\Traffic2\Traffic2-Mask.mp4,Data-Processing\Raw-Data\Otsu\M4\240p\Traffic2\Traffic2-Mask.mp4,0.8474,0.0158,0.8745,0.7796,0.0059,0.7861,500
240p,Traffic2,K2,A0.1_,T0.5,M5,Data-Processing\Raw-Data\Param-Sweep\240p\Traffic2\K2\A0.1_\T0.5\M5\Traffic2-Mask.mp4,Data-Processing\Raw-Data\OpenCV\M5\240p\Traffic2\Traffic2-Mask.mp4,Data-Processing\Raw-Data\Otsu\M5\240p\Traffic2\Traffic2-Mask.mp4,0.8591,0.0137,0.8858,0.8246,0.0063,0.8349,500
240p,Traffic2,K2,A0.1_,T0.7,M3,Data-Processing\Raw-Data\Param-Sweep\240p\Traffic2\K2\A0.1_\T0.7\M3\Traffic2-Mask.mp4,Data-Processing\Raw-Data\OpenCV\M3\240p\Traffic2\Traffic2-Mask.mp4,Data-Processing\Raw-Data\Otsu\M3\240p\Traffic2\Traffic2-Mask.mp4,0.8313,0.0183,0.8549,0.6864,0.0045,0.6865,500
240p,Traffic2,K2,A0.1_,T0.7,M4,Data-Processing\Raw-Data\Param-Sweep\240p\Traffic2\K2\A0.1_\T0.7\M4\Traffic2-Mask.mp4,Data-Processing\Raw-Data\OpenCV\M4\240p\Traffic2\Traffic2-Mask.mp4,Data-Processing\Raw-Data\Otsu\M4\240p\Traffic2\Traffic2-Mask.mp4,0.8708,0.013,0.8909,0.8048,0.0028,0.8049,500
240p,Traffic2,K2,A0.1_,T0.7,M5,Data-Processing\Raw-Data\Param-Sweep\240p\Traffic2\K2\A0.1_\T0.7\M5\Traffic2-Mask.mp4,Data-Processing\Raw-Data\OpenCV\M5\240p\Traffic2\Traffic2-Mask.mp4,Data-Processing\Raw-Data\Otsu\M5\240p\Traffic2\Traffic2-Mask.mp4,0.8838,0.0107,0.9007,0.852,0.0028,0.8549,500
240p,Traffic2,K2,A0.1_,T0.9,M3,Data-Processing\Raw-Data\Param-Sweep\240p\Traffic2\K2\A0.1_\T0.9\M3\Traffic2-Mask.mp4,Data-Processing\Raw-Data\OpenCV\M3\240p\Traffic2\Traffic2-Mask.mp4,Data-Processing\Raw-Data\Otsu\M3\240p\Traffic2\Traffic2-Mask.mp4,0.8597,0.0165,0.8761,0.7196,0.002,0.7179,500
240p,Traffic2,K2,A0.1_,T0.9,M4,Data-Processing\Raw-Data\Param-Sweep\240p\Traffic2\K2\A0.1_\T0.9\M4\Traffic2-Mask.mp4,Data-Processing\Raw-Data\OpenCV\M4\240p\Traffic2\Traffic2-Mask.mp4,Data-Processing\Raw-Data\Otsu\M4\240p\Traffic2\Traffic2-Mask.mp4,0.8856,0.012,0.9008,0.8302,0.0013,0.8287,500
240p,Traffic2,K2,A0.1_,T0.9,M5,Data-Processing\Raw-Data\Param-Sweep\240p\Traffic2\K2\A0.1_\T0.9\M5\Traffic2-Mask.mp4,Data-Processing\Raw-Data\OpenCV\M5\240p\Traffic2\Traffic2-Mask.mp4,Data-Processing\Raw-Data\Otsu\M5\240p\Traffic2\Traffic2-Mask.mp4,0.9018,0.0096,0.9158,0.8823,0.0011,0.8807,500
240p,Traffic2,K3,A0.001_,T0.5,M3,Data-Processing\Raw-Data\Param-Sweep\240p\Traffic2\K3\A0.001_\T0.5\M3\Traffic2-Mask.mp4,Data-Processing\Raw-Data\OpenCV\M3\240p\Traffic2\Traffic2-Mask.mp4,Data-Processing\Raw-Data\Otsu\M3\240p\Traffic2\Traffic2-Mask.mp4,0.3462,0.0433,0.2925,0.3096,0.0334,0.2892,500
240p,Traffic2,K3,A0.001_,T0.5,M4,Data-Processing\Raw-Data\Param-Sweep\240p\Traffic2\K3\A0.001_\T0.5\M4\Traffic2-Mask.mp4,Data-Processing\Raw-Data\OpenCV\M4\240p\Traffic2\Traffic2-Mask.mp4,Data-Processing\Raw-Data\Otsu\M4\240p\Traffic2\Traffic2-Mask.mp4,0.523,0.0353,0.5118,0.49,0.0352,0.5103,500
240p,Traffic2,K3,A0.001_,T0.5,M5,Data-Processing\Raw-Data\Param-Sweep\240p\Traffic2\K3\A0.001_\T0.5\M5\Traffic2-Mask.mp4,Data-Processing\Raw-Data\OpenCV\M5\240p\Traffic2\Traffic2-Mask.mp4,Data-Processing\Raw-Data\Otsu\M5\240p\Traffic2\Traffic2-Mask.mp4,0.5257,0.0358,0.5156,0.5027,0.0373,0.5101,500
240p,Traffic2,K3,A0.001_,T0.7,M3,Data-Processing\Raw-Data\Param-Sweep\240p\Traffic2\K3\A0.001_\T0.7\M3\Traffic2-Mask.mp4,Data-Processing\Raw-Data\OpenCV\M3\240p\Traffic2\Traffic2-Mask.mp4,Data-Processing\Raw-Data\Otsu\M3\240p\Traffic2\Traffic2-Mask.mp4,0.4954,0.0802,0.431,0.4149,0.0513,0.3755,500
240p,Traffic2,K3,A0.001_,T0.7,M4,Data-Processing\Raw-Data\Param-Sweep\240p\Traffic2\K3\A0.001_\T0.7\M4\Traffic2-Mask.mp4,Data-Processing\Raw-Data\OpenCV\M4\240p\Traffic2\Traffic2-Mask.mp4,Data-Processing\Raw-Data\Otsu\M4\240p\Traffic2\Traffic2-Mask.mp4,0.6315,0.052,0.6627,0.5768,0.0455,0.6004,500
240p,Traffic2,K3,A0.001_,T0.7,M5,Data-Processing\Raw-Data\Param-Sweep\240p\Traffic2\K3\A0.001_\T0.7\M5\Traffic2-Mask.mp4,Data-Processing\Raw-Data\OpenCV\M5\240p\Traffic2\Traffic2-Mask.mp4,Data-Processing\Raw-Data\Otsu\M5\240p\Traffic2\Traffic2-Mask.mp4,0.6362,0.053,0.6648,0.6019,0.0511,0.6233,500
240p,Traffic2,K3,A0.001_,T0.9,M3,Data-Processing\Raw-Data\Param-Sweep\240p\Traffic2\K3\A0.001_\T0.9\M3\Traffic2-Mask.mp4,Data-Processing\Raw-Data\OpenCV\M3\240p\Traffic2\Traffic2-Mask.mp4,Data-Processing\Raw-Data\Otsu\M3\240p\Traffic2\Traffic2-Mask.mp4,0.688,0.0682,0.7788,0.5518,0.0424,0.6352,500
240p,Traffic2,K3,A0.001_,T0.9,M4,Data-Processing\Raw-Data\Param-Sweep\240p\Traffic2\K3\A0.001_\T0.9\M4\Traffic2-Mask.mp4,Data-Processing\Raw-Data\OpenCV\M4\240p\Traffic2\Traffic2-Mask.mp4,Data-Processing\Raw-Data\Otsu\M4\240p\Traffic2\Traffic2-Mask.mp4,0.7742,0.0365,0.8251,0.6956,0.033,0.7477,500
240p,Traffic2,K3,A0.001_,T0.9,M5,Data-Processing\Raw-Data\Param-Sweep\240p\Traffic2\K3\A0.001_\T0.9\M5\Traffic2-Mask.mp4,Data-Processing\Raw-Data\OpenCV\M5\240p\Traffic2\Traffic2-Mask.mp4,Data-Processing\Raw-Data\Otsu\M5\240p\Traffic2\Traffic2-Mask.mp4,0.7827,0.0377,0.8378,0.7323,0.0378,0.7902,500
240p,Traffic2,K3,A0.01_,T0.5,M3,Data-Processing\Raw-Data\Param-Sweep\240p\Traffic2\K3\A0.01_\T0.5\M3\Traffic2-Mask.mp4,Data-Processing\Raw-Data\OpenCV\M3\240p\Traffic2\Traffic2-Mask.mp4,Data-Processing\Raw-Data\Otsu\M3\240p\Traffic2\Traffic2-Mask.mp4,0.7839,0.0378,0.8504,0.6165,0.0274,0.6837,500
240p,Traffic2,K3,A0.01_,T0.5,M4,Data-Processing\Raw-Data\Param-Sweep\240p\Traffic2\K3\A0.01_\T0.5\M4\Traffic2-Mask.mp4,Data-Processing\Raw-Data\OpenCV\M4\240p\Traffic2\Traffic2-Mask.mp4,Data-Processing\Raw-Data\Otsu\M4\240p\Traffic2\Traffic2-Mask.mp4,0.8419,0.0189,0.87,0.7503,0.0215,0.7839,500
240p,Traffic2,K3,A0.01_,T0.5,M5,Data-Processing\Raw-Data\Param-Sweep\240p\Traffic2\K3\A0.01_\T0.5\M5\Traffic2-Mask.mp4,Data-Processing\Raw-Data\OpenCV\M5\240p\Traffic2\Traffic2-Mask.mp4,Data-Processing\Raw-Data\Otsu\M5\240p\Traffic2\Traffic2-Mask.mp4,0.854,0.0197,0.8874,0.7929,0.0244,0.8313,500
240p,Traffic2,K3,A0.01_,T0.7,M3,Data-Processing\Raw-Data\Param-Sweep\240p\Traffic2\K3\A0.01_\T0.7\M3\Traffic2-Mask.mp4,Data-Processing\Raw-Data\OpenCV\M3\240p\Traffic2\Traffic2-Mask.mp4,Data-Processing\Raw-Data\Otsu\M3\240p\Traffic2\Traffic2-Mask.mp4,0.832,0.0245,0.8761,0.6516,0.0191,0.6958,500
240p,Traffic2,K3,A0.01_,T0.7,M4,Data-Processing\Raw-Data\Param-Sweep\240p\Traffic2\K3\A0.01_\T0.7\M4\Traffic2-Mask.mp4,Data-Processing\Raw-Data\OpenCV\M4\240p\Traffic2\Traffic2-Mask.mp4,Data-Processing\Raw-Data\Otsu\M4\240p\Traffic2\Traffic2-Mask.mp4,0.8689,0.0123,0.8891,0.7737,0.0148,0.7981,500
240p,Traffic2,K3,A0.01_,T0.7,M5,Data-Processing\Raw-Data\Param-Sweep\240p\Traffic2\K3\A0.01_\T0.7\M5\Traffic2-Mask.mp4,Data-Processing\Raw-Data\OpenCV\M5\240p\Traffic2\Traffic2-Mask.mp4,Data-Processing\Raw-Data\Otsu\M5\240p\Traffic2\Traffic2-Mask.mp4,0.8847,0.0122,0.9095,0.8191,0.0166,0.8441,500
240p,Traffic2,K3,A0.01_,T0.9,M3,Data-Processing\Raw-Data\Param-Sweep\240p\Traffic2\K3\A0.01_\T0.9\M3\Traffic2-Mask.mp4,Data-Processing\Raw-Data\OpenCV\M3\240p\Traffic2\Traffic2-Mask.mp4,Data-Processing\Raw-Data\Otsu\M3\240p\Traffic2\Traffic2-Mask.mp4,0.8803,0.0152,0.8982,0.7003,0.0079,0.7135,500
240p,Traffic2,K3,A0.01_,T0.9,M4,Data-Processing\Raw-Data\Param-Sweep\240p\Traffic2\K3\A0.01_\T0.9\M4\Traffic2-Mask.mp4,Data-Processing\Raw-Data\OpenCV\M4\240p\Traffic2\Traffic2-Mask.mp4,Data-Processing\Raw-Data\Otsu\M4\240p\Traffic2\Traffic2-Mask.mp4,0.8914,0.0096,0.9037,0.8064,0.0052,0.8131,500
240p,Traffic2,K3,A0.01_,T0.9,M5,Data-Processing\Raw-Data\Param-Sweep\240p\Traffic2\K3\A0.01_\T0.9\M5\Traffic2-Mask.mp4,Data-Processing\Raw-Data\OpenCV\M5\240p\Traffic2\Traffic2-Mask.mp4,Data-Processing\Raw-Data\Otsu\M5\240p\Traffic2\Traffic2-Mask.mp4,0.9122,0.0082,0.9271,0.8544,0.0056,0.8621,500
240p,Traffic2,K3,A0.1_,T0.5,M3,Data-Processing\Raw-Data\Param-Sweep\240p\Traffic2\K3\A0.1_\T0.5\M3\Traffic2-Mask.mp4,Data-Processing\Raw-Data\OpenCV\M3\240p\Traffic2\Traffic2-Mask.mp4,Data-Processing\Raw-Data\Otsu\M3\240p\Traffic2\Traffic2-Mask.mp4,0.798,0.0237,0.8356,0.6616,0.0086,0.673,500
240p,Traffic2,K3,A0.1_,T0.5,M4,Data-Processing\Raw-Data\Param-Sweep\240p\Traffic2\K3\A0.1_\T0.5\M4\Traffic2-Mask.mp4,Data-Processing\Raw-Data\OpenCV\M4\240p\Traffic2\Traffic2-Mask.mp4,Data-Processing\Raw-Data\Otsu\M4\240p\Traffic2\Traffic2-Mask.mp4,0.8529,0.016,0.881,0.7904,0.0056,0.7972,500
240p,Traffic2,K3,A0.1_,T0.5,M5,Data-Processing\Raw-Data\Param-Sweep\240p\Traffic2\K3\A0.1_\T0.5\M5\Traffic2-Mask.mp4,Data-Processing\Raw-Data\OpenCV\M5\240p\Traffic2\Traffic2-Mask.mp4,Data-Processing\Raw-Data\Otsu\M5\240p\Traffic2\Traffic2-Mask.mp4,0.8657,0.0138,0.8923,0.8375,0.0059,0.8472,500
240p,Traffic2,K3,A0.1_,T0.7,M3,Data-Processing\Raw-Data\Param-Sweep\240p\Traffic2\K3\A0.1_\T0.7\M3\Traffic2-Mask.mp4,Data-Processing\Raw-Data\OpenCV\M3\240p\Traffic2\Traffic2-Mask.mp4,Data-Processing\Raw-Data\Otsu\M3\240p\Traffic2\Traffic2-Mask.mp4,0.833,0.0184,0.8583,0.6947,0.0043,0.6945,500
240p,Traffic2,K3,A0.1_,T0.7,M4,Data-Processing\Raw-Data\Param-Sweep\240p\Traffic2\K3\A0.1_\T0.7\M4\Traffic2-Mask.mp4,Data-Processing\Raw-Data\OpenCV\M4\240p\Traffic2\Traffic2-Mask.mp4,Data-Processing\Raw-Data\Otsu\M4\240p\Traffic2\Traffic2-Mask.mp4,0.8724,0.0131,0.8929,0.8147,0.0027,0.8151,500
240p,Traffic2,K3,A0.1_,T0.7,M5,Data-Processing\Raw-Data\Param-Sweep\240p\Traffic2\K3\A0.1_\T0.7\M5\Traffic2-Mask.mp4,Data-Processing\Raw-Data\OpenCV\M5\240p\Traffic2\Traffic2-Mask.mp4,Data-Processing\Raw-Data\Otsu\M5\240p\Traffic2\Traffic2-Mask.mp4,0.8874,0.0108,0.9048,0.865,0.0026,0.8671,500
240p,Traffic2,K3,A0.1_,T0.9,M3,Data-Processing\Raw-Data\Param-Sweep\240p\Traffic2\K3\A0.1_\T0.9\M3\Traffic2-Mask.mp4,Data-Processing\Raw-Data\OpenCV\M3\240p\Traffic2\Traffic2-Mask.mp4,Data-Processing\Raw-Data\Otsu\M3\240p\Traffic2\Traffic2-Mask.mp4,0.8619,0.0165,0.8787,0.7242,0.0019,0.7223,500
240p,Traffic2,K3,A0.1_,T0.9,M4,Data-Processing\Raw-Data\Param-Sweep\240p\Traffic2\K3\A0.1_\T0.9\M4\Traffic2-Mask.mp4,Data-Processing\Raw-Data\OpenCV\M4\240p\Traffic2\Traffic2-Mask.mp4,Data-Processing\Raw-Data\Otsu\M4\240p\Traffic2\Traffic2-Mask.mp4,0.8861,0.0119,0.9016,0.8329,0.0012,0.8315,500
240p,Traffic2,K3,A0.1_,T0.9,M5,Data-Processing\Raw-Data\Param-Sweep\240p\Traffic2\K3\A0.1_\T0.9\M5\Traffic2-Mask.mp4,Data-Processing\Raw-Data\OpenCV\M5\240p\Traffic2\Traffic2-Mask.mp4,Data-Processing\Raw-Data\Otsu\M5\240p\Traffic2\Traffic2-Mask.mp4,0.903,0.0096,0.9181,0.886,0.001,0.8839,500
240p,Traffic2,K4,A0.001_,T0.5,M3,Data-Processing\Raw-Data\Param-Sweep\240p\Traffic2\K4\A0.001_\T0.5\M3\Traffic2-Mask.mp4,Data-Processing\Raw-Data\OpenCV\M3\240p\Traffic2\Traffic2-Mask.mp4,Data-Processing\Raw-Data\Otsu\M3\240p\Traffic2\Traffic2-Mask.mp4,0.3824,0.0472,0.3116,0.3355,0.0342,0.3045,500
240p,Traffic2,K4,A0.001_,T0.5,M4,Data-Processing\Raw-Data\Param-Sweep\240p\Traffic2\K4\A0.001_\T0.5\M4\Traffic2-Mask.mp4,Data-Processing\Raw-Data\OpenCV\M4\240p\Traffic2\Traffic2-Mask.mp4,Data-Processing\Raw-Data\Otsu\M4\240p\Traffic2\Traffic2-Mask.mp4,0.5472,0.0343,0.5381,0.5104,0.0336,0.5184,500
240p,Traffic2,K4,A0.001_,T0.5,M5,Data-Processing\Raw-Data\Param-Sweep\240p\Traffic2\K4\A0.001_\T0.5\M5\Traffic2-Mask.mp4,Data-Processing\Raw-Data\OpenCV\M5\240p\Traffic2\Traffic2-Mask.mp4,Data-Processing\Raw-Data\Otsu\M5\240p\Traffic2\Traffic2-Mask.mp4,0.5503,0.0348,0.5416,0.5257,0.036,0.5234,500
240p,Traffic2,K4,A0.001_,T0.7,M3,Data-Processing\Raw-Data\Param-Sweep\240p\Traffic2\K4\A0.001_\T0.7\M3\Traffic2-Mask.mp4,Data-Processing\Raw-Data\OpenCV\M3\240p\Traffic2\Traffic2-Mask.mp4,Data-Processing\Raw-Data\Otsu\M3\240p\Traffic2\Traffic2-Mask.mp4,0.5533,0.0856,0.6303,0.4569,0.0532,0.5287,500
240p,Traffic2,K4,A0.001_,T0.7,M4,Data-Processing\Raw-Data\Param-Sweep\240p\Traffic2\K4\A0.001_\T0.7\M4\Traffic2-Mask.mp4,Data-Processing\Raw-Data\OpenCV\M4\240p\Traffic2\Traffic2-Mask.mp4,Data-Processing\Raw-Data\Otsu\M4\240p\Traffic2\Traffic2-Mask.mp4,0.6671,0.0519,0.7535,0.6085,0.0447,0.6743,500
240p,Traffic2,K4,A0.001_,T0.7,M5,Data-Processing\Raw-Data\Param-Sweep\240p\Traffic2\K4\A0.001_\T0.7\M5\Traffic2-Mask.mp4,Data-Processing\Raw-Data\OpenCV\M5\240p\Traffic2\Traffic2-Mask.mp4,Data-Processing\Raw-Data\Otsu\M5\240p\Traffic2\Traffic2-Mask.mp4,0.6728,0.053,0.7556,0.6355,0.0509,0.705,500
240p,Traffic2,K4,A0.001_,T0.9,M3,Data-Processing\Raw-Data\Param-Sweep\240p\Traffic2\K4\A0.001_\T0.9\M3\Traffic2-Mask.mp4,Data-Processing\Raw-Data\OpenCV\M3\240p\Traffic2\Traffic2-Mask.mp4,Data-Processing\Raw-Data\Otsu\M3\240p\Traffic2\Traffic2-Mask.mp4,0.7565,0.0536,0.8463,0.6005,0.0347,0.6793,500
240p,Traffic2,K4,A0.001_,T0.9,M4,Data-Processing\Raw-Data\Param-Sweep\240p\Traffic2\K4\A0.001_\T0.9\M4\Traffic2-Mask.mp4,Data-Processing\Raw-Data\OpenCV\M4\240p\Traffic2\Traffic2-Mask.mp4,Data-Processing\Raw-Data\Otsu\M4\240p\Traffic2\Traffic2-Mask.mp4,0.8187,0.0262,0.8639,0.7334,0.0256,0.7814,500
240p,Traffic2,K4,A0.001_,T0.9,M5,Data-Processing\Raw-Data\Param-Sweep\240p\Traffic2\K4\A0.001_\T0.9\M5\Traffic2-Mask.mp4,Data-Processing\Raw-Data\OpenCV\M5\240p\Traffic2\Traffic2-Mask.mp4,Data-Processing\Raw-Data\Otsu\M5\240p\Traffic2\Traffic2-Mask.mp4,0.8309,0.0271,0.8783,0.774,0.0292,0.8253,500
240p,Traffic2,K4,A0.01_,T0.5,M3,Data-Processing\Raw-Data\Param-Sweep\240p\Traffic2\K4\A0.01_\T0.5\M3\Traffic2-Mask.mp4,Data-Processing\Raw-Data\OpenCV\M3\240p\Traffic2\Traffic2-Mask.mp4,Data-Processing\Raw-Data\Otsu\M3\240p\Traffic2\Traffic2-Mask.mp4,0.8037,0.0336,0.8614,0.6296,0.0252,0.692,500
240p,Traffic2,K4,A0.01_,T0.5,M4,Data-Processing\Raw-Data\Param-Sweep\240p\Traffic2\K4\A0.01_\T0.5\M4\Traffic2-Mask.mp4,Data-Processing\Raw-Data\OpenCV\M4\240p\Traffic2\Traffic2-Mask.mp4,Data-Processing\Raw-Data\Otsu\M4\240p\Traffic2\Traffic2-Mask.mp4,0.8549,0.0165,0.881,0.7602,0.0194,0.7893,500
240p,Traffic2,K4,A0.01_,T0.5,M5,Data-Processing\Raw-Data\Param-Sweep\240p\Traffic2\K4\A0.01_\T0.5\M5\Traffic2-Mask.mp4,Data-Processing\Raw-Data\OpenCV\M5\240p\Traffic2\Traffic2-Mask.mp4,Data-Processing\Raw-Data\Otsu\M5\240p\Traffic2\Traffic2-Mask.mp4,0.8686,0.0171,0.8977,0.8041,0.022,0.8379,500
240p,Traffic2,K4,A0.01_,T0.7,M3,Data-Processing\Raw-Data\Param-Sweep\240p\Traffic2\K4\A0.01_\T0.7\M3\Traffic2-Mask.mp4,Data-Processing\Raw-Data\OpenCV\M3\240p\Traffic2\Traffic2-Mask.mp4,Data-Processing\Raw-Data\Otsu\M3\240p\Traffic2\Traffic2-Mask.mp4,0.8482,0.0226,0.8857,0.6638,0.0165,0.702,500
240p,Traffic2,K4,A0.01_,T0.7,M4,Data-Processing\Raw-Data\Param-Sweep\240p\Traffic2\K4\A0.01_\T0.7\M4\Traffic2-Mask.mp4,Data-Processing\Raw-Data\OpenCV\M4\240p\Traffic2\Traffic2-Mask.mp4,Data-Processing\Raw-Data\Otsu\M4\240p\Traffic2\Traffic2-Mask.mp4,0.8779,0.0116,0.8972,0.7826,0.0124,0.8015,500
240p,Traffic2,K4,A0.01_,T0.7,M5,Data-Processing\Raw-Data\Param-Sweep\240p\Traffic2\K4\A0.01_\T0.7\M5\Traffic2-Mask.mp4,Data-Processing\Raw-Data\OpenCV\M5\240p\Traffic2\Traffic2-Mask.mp4,Data-Processing\Raw-Data\Otsu\M5\240p\Traffic2\Traffic2-Mask.mp4,0.896,0.011,0.916,0.8289,0.0139,0.8498,500
240p,Traffic2,K4,A0.01_,T0.9,M3,Data-Processing\Raw-Data\Param-Sweep\240p\Traffic2\K4\A0.01_\T0.9\M3\Traffic2-Mask.mp4,Data-Processing\Raw-Data\OpenCV\M3\240p\Traffic2\Traffic2-Mask.mp4,Data-Processing\Raw-Data\Otsu\M3\240p\Traffic2\Traffic2-Mask.mp4,0.8862,0.0162,0.9077,0.7088,0.0065,0.7202,500
240p,Traffic2,K4,A0.01_,T0.9,M4,Data-Processing\Raw-Data\Param-Sweep\240p\Traffic2\K4\A0.01_\T0.9\M4\Traffic2-Mask.mp4,Data-Processing\Raw-Data\OpenCV\M4\240p\Traffic2\Traffic2-Mask.mp4,Data-Processing\Raw-Data\Otsu\M4\240p\Traffic2\Traffic2-Mask.mp4,0.8938,0.0106,0.9065,0.815,0.0031,0.8181,500
240p,Traffic2,K4,A0.01_,T0.9,M5,Data-Processing\Raw-Data\Param-Sweep\240p\Traffic2\K4\A0.01_\T0.9\M5\Traffic2-Mask.mp4,Data-Processing\Raw-Data\OpenCV\M5\240p\Traffic2\Traffic2-Mask.mp4,Data-Processing\Raw-Data\Otsu\M5\240p\Traffic2\Traffic2-Mask.mp4,0.9167,0.0087,0.9332,0.8648,0.0032,0.8677,500
240p,Traffic2,K4,A0.1_,T0.5,M3,Data-Processing\Raw-Data\Param-Sweep\240p\Traffic2\K4\A0.1_\T0.5\M3\Traffic2-Mask.mp4,Data-Processing\Raw-Data\OpenCV\M3\240p\Traffic2\Traffic2-Mask.mp4,Data-Processing\Raw-Data\Otsu\M3\240p\Traffic2\Traffic2-Mask.mp4,0.7976,0.0236,0.8364,0.6652,0.0085,0.6776,500
240p,Traffic2,K4,A0.1_,T0.5,M4,Data-Processing\Raw-Data\Param-Sweep\240p\Traffic2\K4\A0.1_\T0.5\M4\Traffic2-Mask.mp4,Data-Processing\Raw-Data\OpenCV\M4\240p\Traffic2\Traffic2-Mask.mp4,Data-Processing\Raw-Data\Otsu\M4\240p\Traffic2\Traffic2-Mask.mp4,0.8533,0.016,0.8816,0.7952,0.0054,0.8025,500
240p,Traffic2,K4,A0.1_,T0.5,M5,Data-Processing\Raw-Data\Param-Sweep\240p\Traffic2\K4\A0.1_\T0.5\M5\Traffic2-Mask.mp4,Data-Processing\Raw-Data\OpenCV\M5\240p\Traffic2\Traffic2-Mask.mp4,Data-Processing\Raw-Data\Otsu\M5\240p\Traffic2\Traffic2-Mask.mp4,0.8667,0.0137,0.892,0.8438,0.0058,0.8527,500
240p,Traffic2,K4,A0.1_,T0.7,M3,Data-Processing\Raw-Data\Param-Sweep\240p\Traffic2\K4\A0.1_\T0.7\M3\Traffic2-Mask.mp4,Data-Processing\Raw-Data\OpenCV\M3\240p\Traffic2\Traffic2-Mask.mp4,Data-Processing\Raw-Data\Otsu\M3\240p\Traffic2\Traffic2-Mask.mp4,0.8326,0.0185,0.8599,0.6995,0.0041,0.7002,500
240p,Traffic2,K4,A0.1_,T0.7,M4,Data-Processing\Raw-Data\Param-Sweep\240p\Traffic2\K4\A0.1_\T0.7\M4\Traffic2-Mask.mp4,Data-Processing\Raw-Data\OpenCV\M4\240p\Traffic2\Traffic2-Mask.mp4,Data-Processing\Raw-Data\Otsu\M4\240p\Traffic2\Traffic2-Mask.mp4,0.8725,0.0131,0.8931,0.8192,0.0026,0.819,500
240p,Traffic2,K4,A0.1_,T0.7,M5,Data-Processing\Raw-Data\Param-Sweep\240p\Traffic2\K4\A0.1_\T0.7\M5\Traffic2-Mask.mp4,Data-Processing\Raw-Data\OpenCV\M5\240p\Traffic2\Traffic2-Mask.mp4,Data-Processing\Raw-Data\Otsu\M5\240p\Traffic2\Traffic2-Mask.mp4,0.8881,0.0108,0.9055,0.8709,0.0025,0.8728,500
240p,Traffic2,K4,A0.1_,T0.9,M3,Data-Processing\Raw-Data\Param-Sweep\240p\Traffic2\K4\A0.1_\T0.9\M3\Traffic2-Mask.mp4,Data-Processing\Raw-Data\OpenCV\M3\240p\Traffic2\Traffic2-Mask.mp4,Data-Processing\Raw-Data\Otsu\M3\240p\Traffic2\Traffic2-Mask.mp4,0.8625,0.0165,0.8775,0.7273,0.0018,0.7257,500
240p,Traffic2,K4,A0.1_,T0.9,M4,Data-Processing\Raw-Data\Param-Sweep\240p\Traffic2\K4\A0.1_\T0.9\M4\Traffic2-Mask.mp4,Data-Processing\Raw-Data\OpenCV\M4\240p\Traffic2\Traffic2-Mask.mp4,Data-Processing\Raw-Data\Otsu\M4\240p\Traffic2\Traffic2-Mask.mp4,0.8863,0.0119,0.9016,0.8346,0.0012,0.8325,500
240p,Traffic2,K4,A0.1_,T0.9,M5,Data-Processing\Raw-Data\Param-Sweep\240p\Traffic2\K4\A0.1_\T0.9\M5\Traffic2-Mask.mp4,Data-Processing\Raw-Data\OpenCV\M5\240p\Traffic2\Traffic2-Mask.mp4,Data-Processing\Raw-Data\Otsu\M5\240p\Traffic2\Traffic2-Mask.mp4,0.9034,0.0096,0.9187,0.8884,0.0009,0.8863,500
360p,Traffic2,K2,A0.001_,T0.5,M3,Data-Processing\Raw-Data\Param-Sweep\360p\Traffic2\K2\A0.001_\T0.5\M3\Traffic2-Mask.mp4,Data-Processing\Raw-Data\OpenCV\M3\360p\Traffic2\Traffic2-Mask.mp4,Data-Processing\Raw-Data\Otsu\M3\360p\Traffic2\Traffic2-Mask.mp4,0.2291,0.0182,0.2865,0.2327,0.0212,0.2975,500
360p,Traffic2,K2,A0.001_,T0.5,M4,Data-Processing\Raw-Data\Param-Sweep\360p\Traffic2\K2\A0.001_\T0.5\M4\Traffic2-Mask.mp4,Data-Processing\Raw-Data\OpenCV\M4\360p\Traffic2\Traffic2-Mask.mp4,Data-Processing\Raw-Data\Otsu\M4\360p\Traffic2\Traffic2-Mask.mp4,0.3913,0.0293,0.4595,0.3825,0.0318,0.4597,500
360p,Traffic2,K2,A0.001_,T0.5,M5,Data-Processing\Raw-Data\Param-Sweep\360p\Traffic2\K2\A0.001_\T0.5\M5\Traffic2-Mask.mp4,Data-Processing\Raw-Data\OpenCV\M5\360p\Traffic2\Traffic2-Mask.mp4,Data-Processing\Raw-Data\Otsu\M5\360p\Traffic2\Traffic2-Mask.mp4,0.3925,0.03,0.4637,0.3831,0.0323,0.46,500
360p,Traffic2,K2,A0.001_,T0.7,M3,Data-Processing\Raw-Data\Param-Sweep\360p\Traffic2\K2\A0.001_\T0.7\M3\Traffic2-Mask.mp4,Data-Processing\Raw-Data\OpenCV\M3\360p\Traffic2\Traffic2-Mask.mp4,Data-Processing\Raw-Data\Otsu\M3\360p\Traffic2\Traffic2-Mask.mp4,0.2528,0.0243,0.2884,0.2514,0.0259,0.2995,500
360p,Traffic2,K2,A0.001_,T0.7,M4,Data-Processing\Raw-Data\Param-Sweep\360p\Traffic2\K2\A0.001_\T0.7\M4\Traffic2-Mask.mp4,Data-Processing\Raw-Data\OpenCV\M4\360p\Traffic2\Traffic2-Mask.mp4,Data-Processing\Raw-Data\Otsu\M4\360p\Traffic2\Traffic2-Mask.mp4,0.433,0.0429,0.4633,0.4143,0.041,0.4629,500
360p,Traffic2,K2,A0.001_,T0.7,M5,Data-Processing\Raw-Data\Param-Sweep\360p\Traffic2\K2\A0.001_\T0.7\M5\Traffic2-Mask.mp4,Data-Processing\Raw-Data\OpenCV\M5\360p\Traffic2\Traffic2-Mask.mp4,Data-Processing\Raw-Data\Otsu\M5\360p\Traffic2\Traffic2-Mask.mp4,0.4342,0.0438,0.4677,0.4191,0.0436,0.4628,500
360p,Traffic2,K2,A0.001_,T0.9,M3,Data-Processing\Raw-Data\Param-Sweep\360p\Traffic2\K2\A0.001_\T0.9\M3\Traffic2-Mask.mp4,Data-Processing\Raw-Data\OpenCV\M3\360p\Traffic2\Traffic2-Mask.mp4,Data-Processing\Raw-Data\Otsu\M3\360p\Traffic2\Traffic2-Mask.mp4,0.45,0.0523,0.4798,0.3845,0.0357,0.4263,500
360p,Traffic2,K2,A0.001_,T0.9,M4,Data-Processing\Raw-Data\Param-Sweep\360p\Traffic2\K2\A0.001_\T0.9\M4\Traffic2-Mask.mp4,Data-Processing\Raw-Data\OpenCV\M4\360p\Traffic2\Traffic2-Mask.mp4,Data-Processing\Raw-Data\Otsu\M4\360p\Traffic2\Traffic2-Mask.mp4,0.619,0.0516,0.6707,0.5539,0.0428,0.605,500
360p,Traffic2,K2,A0.001_,T0.9,M5,Data-Processing\Raw-Data\Param-Sweep\360p\Traffic2\K2\A0.001_\T0.9\M5\Traffic2-Mask.mp4,Data-Processing\Raw-Data\OpenCV\M5\360p\Traffic2\Traffic2-Mask.mp4,Data-Processing\Raw-Data\Otsu\M5\360p\Traffic2\Traffic2-Mask.mp4,0.6204,0.0525,0.6729,0.5768,0.0488,0.6299,500
360p,Traffic2,K2,A0.01_,T0.5,M3,Data-Processing\Raw-Data\Param-Sweep\360p\Traffic2\K2\A0.01_\T0.5\M3\Traffic2-Mask.mp4,Data-Processing\Raw-Data\OpenCV\M3\360p\Traffic2\Traffic2-Mask.mp4,Data-Processing\Raw-Data\Otsu\M3\360p\Traffic2\Traffic2-Mask.mp4,0.7297,0.0452,0.8142,0.5624,0.0285,0.6264,500
360p,Traffic2,K2,A0.01_,T0.5,M4,Data-Processing\Raw-Data\Param-Sweep\360p\Traffic2\K2\A0.01_\T0.5\M4\Traffic2-Mask.mp4,Data-Processing\Raw-Data\OpenCV\M4\360p\Traffic2\Traffic2-Mask.mp4,Data-Processing\Raw-Data\Otsu\M4\360p\Traffic2\Traffic2-Mask.mp4,0.8074,0.0268,0.8564,0.7006,0.0254,0.745,500
360p,Traffic2,K2,A0.01_,T0.5,M5,Data-Processing\Raw-Data\Param-Sweep\360p\Traffic2\K2\A0.01_\T0.5\M5\Traffic2-Mask.mp4,Data-Processing\Raw-Data\OpenCV\M5\360p\Traffic2\Traffic2-Mask.mp4,Data-Processing\Raw-Data\Otsu\M5\360p\Traffic2\Traffic2-Mask.mp4,0.8132,0.0277,0.8663,0.7402,0.0294,0.7873,500
360p,Traffic2,K2,A0.01_,T0.7,M3,Data-Processing\Raw-Data\Param-Sweep\360p\Traffic2\K2\A0.01_\T0.7\M3\Traffic2-Mask.mp4,Data-Processing\Raw-Data\OpenCV\M3\360p\Traffic2\Traffic2-Mask.mp4,Data-Processing\Raw-Data\Otsu\M3\360p\Traffic2\Traffic2-Mask.mp4,0.779,0.0327,0.839,0.597,0.0217,0.6469,500
360p,Traffic2,K2,A0.01_,T0.7,M4,Data-Processing\Raw-Data\Param-Sweep\360p\Traffic2\K2\A0.01_\T0.7\M4\Traffic2-Mask.mp4,Data-Processing\Raw-Data\OpenCV\M4\360p\Traffic2\Traffic2-Mask.mp4,Data-Processing\Raw-Data\Otsu\M4\360p\Traffic2\Traffic2-Mask.mp4,0.8401,0.0161,0.8685,0.7265,0.0174,0.7535,500
360p,Traffic2,K2,A0.01_,T0.7,M5,Data-Processing\Raw-Data\Param-Sweep\360p\Traffic2\K2\A0.01_\T0.7\M5\Traffic2-Mask.mp4,Data-Processing\Raw-Data\OpenCV\M5\360p\Traffic2\Traffic2-Mask.mp4,Data-Processing\Raw-Data\Otsu\M5\360p\Traffic2\Traffic2-Mask.mp4,0.8465,0.0166,0.8784,0.7681,0.0202,0.7957,500
360p,Traffic2,K2,A0.01_,T0.9,M3,Data-Processing\Raw-Data\Param-Sweep\360p\Traffic2\K2\A0.01_\T0.9\M3\Traffic2-Mask.mp4,Data-Processing\Raw-Data\OpenCV\M3\360p\Traffic2\Traffic2-Mask.mp4,Data-Processing\Raw-Data\Otsu\M3\360p\Traffic2\Traffic2-Mask.mp4,0.8539,0.0161,0.8757,0.6591,0.0085,0.6763,500
360p,Traffic2,K2,A0.01_,T0.9,M4,Data-Processing\Raw-Data\Param-Sweep\360p\Traffic2\K2\A0.01_\T0.9\M4\Traffic2-Mask.mp4,Data-Processing\Raw-Data\OpenCV\M4\360p\Traffic2\Traffic2-Mask.mp4,Data-Processing\Raw-Data\Otsu\M4\360p\Traffic2\Traffic2-Mask.mp4,0.8854,0.0091,0.9008,0.7702,0.0065,0.7799,500
360p,Traffic2,K2,A0.01_,T0.9,M5,Data-Processing\Raw-Data\Param-Sweep\360p\Traffic2\K2\A0.01_\T0.9\M5\Traffic2-Mask.mp4,Data-Processing\Raw-Data\OpenCV\M5\360p\Traffic2\Traffic2-Mask.mp4,Data-Processing\Raw-Data\Otsu\M5\360p\Traffic2\Traffic2-Mask.mp4,0.8948,0.0082,0.9091,0.8152,0.0075,0.8257,500
360p,Traffic2,K2,A0.1_,T0.5,M3,Data-Processing\Raw-Data\Param-Sweep\360p\Traffic2\K2\A0.1_\T0.5\M3\Traffic2-Mask.mp4,Data-Processing\Raw-Data\OpenCV\M3\360p\Traffic2\Traffic2-Mask.mp4,Data-Processing\Raw-Data\Otsu\M3\360p\Traffic2\Traffic2-Mask.mp4,0.8076,0.0197,0.8458,0.6415,0.0069,0.6498,500
360p,Traffic2,K2,A0.1_,T0.5,M4,Data-Processing\Raw-Data\Param-Sweep\360p\Traffic2\K2\A0.1_\T0.5\M4\Traffic2-Mask.mp4,Data-Processing\Raw-Data\OpenCV\M4\360p\Traffic2\Traffic2-Mask.mp4,Data-Processing\Raw-Data\Otsu\M4\360p\Traffic2\Traffic2-Mask.mp4,0.8619,0.0129,0.8845,0.7658,0.0038,0.7679,500
360p,Traffic2,K2,A0.1_,T0.5,M5,Data-Processing\Raw-Data\Param-Sweep\360p\Traffic2\K2\A0.1_\T0.5\M5\Traffic2-Mask.mp4,Data-Processing\Raw-Data\OpenCV\M5\360p\Traffic2\Traffic2-Mask.mp4,Data-Processing\Raw-Data\Otsu\M5\360p\Traffic2\Traffic2-Mask.mp4,0.8707,0.0111,0.8916,0.8119,0.0041,0.8158,500
360p,Traffic2,K2,A0.1_,T0.7,M3,Data-Processing\Raw-Data\Param-Sweep\360p\Traffic2\K2\A0.1_\T0.7\M3\Traffic2-Mask.mp4,Data-Processing\Raw-Data\OpenCV\M3\360p\Traffic2\Traffic2-Mask.mp4,Data-Processing\Raw-Data\Otsu\M3\360p\Traffic2\Traffic2-Mask.mp4,0.8429,0.0162,0.8672,0.6715,0.0039,0.6712,500
360p,Traffic2,K2,A0.1_,T0.7,M4,Data-Processing\Raw-Data\Param-Sweep\360p\Traffic2\K2\A0.1_\T0.7\M4\Traffic2-Mask.mp4,Data-Processing\Raw-Data\OpenCV\M4\360p\Traffic2\Traffic2-Mask.mp4,Data-Processing\Raw-Data\Otsu\M4\360p\Traffic2\Traffic2-Mask.mp4,0.8806,0.0112,0.8973,0.7856,0.0019,0.7835,500
360p,Traffic2,K2,A0.1_,T0.7,M5,Data-Processing\Raw-Data\Param-Sweep\360p\Traffic2\K2\A0.1_\T0.7\M5\Traffic2-Mask.mp4,Data-Processing\Raw-Data\OpenCV\M5\360p\Traffic2\Traffic2-Mask.mp4,Data-Processing\Raw-Data\Otsu\M5\360p\Traffic2\Traffic2-Mask.mp4,0.8905,0.0092,0.904,0.8335,0.0019,0.8312,500
360p,Traffic2,K2,A0.1_,T0.9,M3,Data-Processing\Raw-Data\Param-Sweep\360p\Traffic2\K2\A0.1_\T0.9\M3\Traffic2-Mask.mp4,Data-Processing\Raw-Data\OpenCV\M3\360p\Traffic2\Traffic2-Mask.mp4,Data-Processing\Raw-Data\Otsu\M3\360p\Traffic2\Traffic2-Mask.mp4,0.8695,0.0147,0.8846,0.7011,0.0019,0.6991,500
360p,Traffic2,K2,A0.1_,T0.9,M4,Data-Processing\Raw-Data\Param-Sweep\360p\Traffic2\K2\A0.1_\T0.9\M4\Traffic2-Mask.mp4,Data-Processing\Raw-Data\OpenCV\M4\360p\Traffic2\Traffic2-Mask.mp4,Data-Processing\Raw-Data\Otsu\M4\360p\Traffic2\Traffic2-Mask.mp4,0.8911,0.011,0.9023,0.8061,0.0011,0.8032,500
360p,Traffic2,K2,A0.1_,T0.9,M5,Data-Processing\Raw-Data\Param-Sweep\360p\Traffic2\K2\A0.1_\T0.9\M5\Traffic2-Mask.mp4,Data-Processing\Raw-Data\OpenCV\M5\360p\Traffic2\Traffic2-Mask.mp4,Data-Processing\Raw-Data\Otsu\M5\360p\Traffic2\Traffic2-Mask.mp4,0.9039,0.0089,0.9169,0.8582,0.001,0.853,500
360p,Traffic2,K3,A0.001_,T0.5,M3,Data-Processing\Raw-Data\Param-Sweep\360p\Traffic2\K3\A0.001_\T0.5\M3\Traffic2-Mask.mp4,Data-Processing\Raw-Data\OpenCV\M3\360p\Traffic2\Traffic2-Mask.mp4,Data-Processing\Raw-Data\Otsu\M3\360p\Traffic2\Traffic2-Mask.mp4,0.3449,0.0393,0.3021,0.3109,0.0287,0.3098,500
360p,Traffic2,K3,A0.001_,T0.5,M4,Data-Processing\Raw-Data\Param-Sweep\360p\Traffic2\K3\A0.001_\T0.5\M4\Traffic2-Mask.mp4,Data-Processing\Raw-Data\OpenCV\M4\360p\Traffic2\Traffic2-Mask.mp4,Data-Processing\Raw-Data\Otsu\M4\360p\Traffic2\Traffic2-Mask.mp4,0.5094,0.0344,0.4913,0.471,0.0314,0.4784,500
360p,Traffic2,K3,A0.001_,T0.5,M5,Data-Processing\Raw-Data\Param-Sweep\360p\Traffic2\K3\A0.001_\T0.5\M5\Traffic2-Mask.mp4,Data-Processing\Raw-Data\OpenCV\M5\360p\Traffic2\Traffic2-Mask.mp4,Data-Processing\Raw-Data\Otsu\M5\360p\Traffic2\Traffic2-Mask.mp4,0.5108,0.035,0.4932,0.4829,0.0344,0.4797,500
360p,Traffic2,K3,A0.001_,T0.7,M3,Data-Processing\Raw-Data\Param-Sweep\360p\Traffic2\K3\A0.001_\T0.7\M3\Traffic2-Mask.mp4,Data-Processing\Raw-Data\OpenCV\M3\360p\Traffic2\Traffic2-Mask.mp4,Data-Processing\Raw-Data\Otsu\M3\360p\Traffic2\Traffic2-Mask.mp4,0.492,0.0736,0.4215,0.4085,0.0431,0.3673,500
360p,Traffic2,K3,A0.001_,T0.7,M4,Data-Processing\Raw-Data\Param-Sweep\360p\Traffic2\K3\A0.001_\T0.7\M4\Traffic2-Mask.mp4,Data-Processing\Raw-Data\OpenCV\M4\360p\Traffic2\Traffic2-Mask.mp4,Data-Processing\Raw-Data\Otsu\M4\360p\Traffic2\Traffic2-Mask.mp4,0.6337,0.0518,0.6652,0.5652,0.0402,0.5899,500
360p,Traffic2,K3,A0.001_,T0.7,M5,Data-Processing\Raw-Data\Param-Sweep\360p\Traffic2\K3\A0.001_\T0.7\M5\Traffic2-Mask.mp4,Data-Processing\Raw-Data\OpenCV\M5\360p\Traffic2\Traffic2-Mask.mp4,Data-Processing\Raw-Data\Otsu\M5\360p\Traffic2\Traffic2-Mask.mp4,0.6367,0.0527,0.6667,0.5903,0.0471,0.6193,500
360p,Traffic2,K3,A0.001_,T0.9,M3,Data-Processing\Raw-Data\Param-Sweep\360p\Traffic2\K3\A0.001_\T0.9\M3\Traffic2-Mask.mp4,Data-Processing\Raw-Data\OpenCV\M3\360p\Traffic2\Traffic2-Mask.mp4,Data-Processing\Raw-Data\Otsu\M3\360p\Traffic2\Traffic2-Mask.mp4,0.6869,0.0668,0.7868,0.5381,0.0374,0.6148,500
360p,Traffic2,K3,A0.001_,T0.9,M4,Data-Processing\Raw-Data\Param-Sweep\360p\Traffic2\K3\A0.001_\T0.9\M4\Traffic2-Mask.mp4,Data-Processing\Raw-Data\OpenCV\M4\360p\Traffic2\Traffic2-Mask.mp4,Data-Processing\Raw-Data\Otsu\M4\360p\Traffic2\Traffic2-Mask.mp4,0.7819,0.0372,0.8443,0.6815,0.0296,0.7416,500
360p,Traffic2,K3,A0.001_,T0.9,M5,Data-Processing\Raw-Data\Param-Sweep\360p\Traffic2\K3\A0.001_\T0.9\M5\Traffic2-Mask.mp4,Data-Processing\Raw-Data\OpenCV\M5\360p\Traffic2\Traffic2-Mask.mp4,Data-Processing\Raw-Data\Otsu\M5\360p\Traffic2\Traffic2-Mask.mp4,0.7878,0.0382,0.8524,0.7191,0.0353,0.7838,500
360p,Traffic2,K3,A0.01_,T0.5,M3,Data-Processing\Raw-Data\Param-Sweep\360p\Traffic2\K3\A0.01_\T0.5\M3\Traffic2-Mask.mp4,Data-Processing\Raw-Data\OpenCV\M3\360p\Traffic2\Traffic2-Mask.mp4,Data-Processing\Raw-Data\Otsu\M3\360p\Traffic2\Traffic2-Mask.mp4,0.7907,0.0375,0.8572,0.6031,0.0241,0.6664,500
360p,Traffic2,K3,A0.01_,T0.5,M4,Data-Processing\Raw-Data\Param-Sweep\360p\Traffic2\K3\A0.01_\T0.5\M4\Traffic2-Mask.mp4,Data-Processing\Raw-Data\OpenCV\M4\360p\Traffic2\Traffic2-Mask.mp4,Data-Processing\Raw-Data\Otsu\M4\360p\Traffic2\Traffic2-Mask.mp4,0.8483,0.0179,0.8798,0.7314,0.0183,0.7652,500
360p,Traffic2,K3,A0.01_,T0.5,M5,Data-Processing\Raw-Data\Param-Sweep\360p\Traffic2\K3\A0.01_\T0.5\M5\Traffic2-Mask.mp4,Data-Processing\Raw-Data\OpenCV\M5\360p\Traffic2\Traffic2-Mask.mp4,Data-Processing\Raw-Data\Otsu\M5\360p\Traffic2\Traffic2-Mask.mp4,0.8571,0.0185,0.8921,0.774,0.0213,0.8073,500
360p,Traffic2,K3,A0.01_,T0.7,M3,Data-Processing\Raw-Data\Param-Sweep\360p\Traffic2\K3\A0.01_\T0.7\M3\Traffic2-Mask.mp4,Data-Processing\Raw-Data\OpenCV\M3\360p\Traffic2\Traffic2-Mask.mp4,Data-Processing\Raw-Data\Otsu\M3\360p\Traffic2\Traffic2-Mask.mp4,0.8362,0.025,0.8831,0.6351,0.0169,0.679,500
360p,Traffic2,K3,A0.01_,T0.7,M4,Data-Processing\Raw-Data\Param-Sweep\360p\Traffic2\K3\A0.01_\T0.7\M4\Traffic2-Mask.mp4,Data-Processing\Raw-Data\OpenCV\M4\360p\Traffic2\Traffic2-Mask.mp4,Data-Processing\Raw-Data\Otsu\M4\360p\Traffic2\Traffic2-Mask.mp4,0.8784,0.011,0.8983,0.7555,0.0122,0.7787,500
360p,Traffic2,K3,A0.01_,T0.7,M5,Data-Processing\Raw-Data\Param-Sweep\360p\Traffic2\K3\A0.01_\T0.7\M5\Traffic2-Mask.mp4,Data-Processing\Raw-Data\OpenCV\M5\360p\Traffic2\Traffic2-Mask.mp4,Data-Processing\Raw-Data\Otsu\M5\360p\Traffic2\Traffic2-Mask.mp4,0.8905,0.0108,0.9135,0.8012,0.0141,0.824,500
360p,Traffic2,K3,A0.01_,T0.9,M3,Data-Processing\Raw-Data\Param-Sweep\360p\Traffic2\K3\A0.01_\T0.9\M3\Traffic2-Mask.mp4,Data-Processing\Raw-Data\OpenCV\M3\360p\Traffic2\Traffic2-Mask.mp4,Data-Processing\Raw-Data\Otsu\M3\360p\Traffic2\Traffic2-Mask.mp4,0.8863,0.0139,0.9056,0.6822,0.0067,0.6946,500
360p,Traffic2,K3,A0.01_,T0.9,M4,Data-Processing\Raw-Data\Param-Sweep\360p\Traffic2\K3\A0.01_\T0.9\M4\Traffic2-Mask.mp4,Data-Processing\Raw-Data\OpenCV\M4\360p\Traffic2\Traffic2-Mask.mp4,Data-Processing\Raw-Data\Otsu\M4\360p\Traffic2\Traffic2-Mask.mp4,0.9013,0.0087,0.9141,0.7863,0.0044,0.7912,500
360p,Traffic2,K3,A0.01_,T0.9,M5,Data-Processing\Raw-Data\Param-Sweep\360p\Traffic2\K3\A0.01_\T0.9\M5\Traffic2-Mask.mp4,Data-Processing\Raw-Data\OpenCV\M5\360p\Traffic2\Traffic2-Mask.mp4,Data-Processing\Raw-Data\Otsu\M5\360p\Traffic2\Traffic2-Mask.mp4,0.9178,0.0073,0.9322,0.8349,0.005,0.8388,500
360p,Traffic2,K3,A0.1_,T0.5,M3,Data-Processing\Raw-Data\Param-Sweep\360p\Traffic2\K3\A0.1_\T0.5\M3\Traffic2-Mask.mp4,Data-Processing\Raw-Data\OpenCV\M3\360p\Traffic2\Traffic2-Mask.mp4,Data-Processing\Raw-Data\Otsu\M3\360p\Traffic2\Traffic2-Mask.mp4,0.8114,0.0203,0.8501,0.6492,0.0068,0.6569,500
360p,Traffic2,K3,A0.1_,T0.5,M4,Data-Processing\Raw-Data\Param-Sweep\360p\Traffic2\K3\A0.1_\T0.5\M4\Traffic2-Mask.mp4,Data-Processing\Raw-Data\OpenCV\M4\360p\Traffic2\Traffic2-Mask.mp4,Data-Processing\Raw-Data\Otsu\M4\360p\Traffic2\Traffic2-Mask.mp4,0.8654,0.0131,0.889,0.7746,0.0035,0.7754,500
360p,Traffic2,K3,A0.1_,T0.5,M5,Data-Processing\Raw-Data\Param-Sweep\360p\Traffic2\K3\A0.1_\T0.5\M5\Traffic2-Mask.mp4,Data-Processing\Raw-Data\OpenCV\M5\360p\Traffic2\Traffic2-Mask.mp4,Data-Processing\Raw-Data\Otsu\M5\360p\Traffic2\Traffic2-Mask.mp4,0.8754,0.0112,0.8958,0.8226,0.0037,0.8263,500
360p,Traffic2,K3,A0.1_,T0.7,M3,Data-Processing\Raw-Data\Param-Sweep\360p\Traffic2\K3\A0.1_\T0.7\M3\Traffic2-Mask.mp4,Data-Processing\Raw-Data\OpenCV\M3\360p\Traffic2\Traffic2-Mask.mp4,Data-Processing\Raw-Data\Otsu\M3\360p\Traffic2\Traffic2-Mask.mp4,0.8438,0.0164,0.8689,0.6782,0.0037,0.6785,500
360p,Traffic2,K3,A0.1_,T0.7,M4,Data-Processing\Raw-Data\Param-Sweep\360p\Traffic2\K3\A0.1_\T0.7\M4\Traffic2-Mask.mp4,Data-Processing\Raw-Data\OpenCV\M4\360p\Traffic2\Traffic2-Mask.mp4,Data-Processing\Raw-Data\Otsu\M4\360p\Traffic2\Traffic2-Mask.mp4,0.8807,0.0114,0.8971,0.7937,0.0017,0.7918,500
360p,Traffic2,K3,A0.1_,T0.7,M5,Data-Processing\Raw-Data\Param-Sweep\360p\Traffic2\K3\A0.1_\T0.7\M5\Traffic2-Mask.mp4,Data-Processing\Raw-Data\OpenCV\M5\360p\Traffic2\Traffic2-Mask.mp4,Data-Processing\Raw-Data\Otsu\M5\360p\Traffic2\Traffic2-Mask.mp4,0.8925,0.0094,0.907,0.8443,0.0017,0.8416,500
360p,Traffic2,K3,A0.1_,T0.9,M3,Data-Processing\Raw-Data\Param-Sweep\360p\Traffic2\K3\A0.1_\T0.9\M3\Traffic2-Mask.mp4,Data-Processing\Raw-Data\OpenCV\M3\360p\Traffic2\Traffic2-Mask.mp4,Data-Processing\Raw-Data\Otsu\M3\360p\Traffic2\Traffic2-Mask.mp4,0.872,0.0148,0.8865,0.7055,0.0018,0.7035,500
360p,Traffic2,K3,A0.1_,T0.9,M4,Data-Processing\Raw-Data\Param-Sweep\360p\Traffic2\K3\A0.1_\T0.9\M4\Traffic2-Mask.mp4,Data-Processing\Raw-Data\OpenCV\M4\360p\Traffic2\Traffic2-Mask.mp4,Data-Processing\Raw-Data\Otsu\M4\360p\Traffic2\Traffic2-Mask.mp4,0.8912,0.011,0.9024,0.8085,0.001,0.8066,500
360p,Traffic2,K3,A0.1_,T0.9,M5,Data-Processing\Raw-Data\Param-Sweep\360p\Traffic2\K3\A0.1_\T0.9\M5\Traffic2-Mask.mp4,Data-Processing\Raw-Data\OpenCV\M5\360p\Traffic2\Traffic2-Mask.mp4,Data-Processing\Raw-Data\Otsu\M5\360p\Traffic2\Traffic2-Mask.mp4,0.9048,0.009,0.9178,0.8615,0.0009,0.8573,500
360p,Traffic2,K4,A0.001_,T0.5,M3,Data-Processing\Raw-Data\Param-Sweep\360p\Traffic2\K4\A0.001_\T0.5\M3\Traffic2-Mask.mp4,Data-Processing\Raw-Data\OpenCV\M3\360p\Traffic2\Traffic2-Mask.mp4,Data-Processing\Raw-Data\Otsu\M3\360p\Traffic2\Traffic2-Mask.mp4,0.3882,0.0449,0.3185,0.339,0.0293,0.3201,500
360p,Traffic2,K4,A0.001_,T0.5,M4,Data-Processing\Raw-Data\Param-Sweep\360p\Traffic2\K4\A0.001_\T0.5\M4\Traffic2-Mask.mp4,Data-Processing\Raw-Data\OpenCV\M4\360p\Traffic2\Traffic2-Mask.mp4,Data-Processing\Raw-Data\Otsu\M4\360p\Traffic2\Traffic2-Mask.mp4,0.5381,0.0343,0.4986,0.4942,0.0301,0.4895,500
360p,Traffic2,K4,A0.001_,T0.5,M5,Data-Processing\Raw-Data\Param-Sweep\360p\Traffic2\K4\A0.001_\T0.5\M5\Traffic2-Mask.mp4,Data-Processing\Raw-Data\OpenCV\M5\360p\Traffic2\Traffic2-Mask.mp4,Data-Processing\Raw-Data\Otsu\M5\360p\Traffic2\Traffic2-Mask.mp4,0.5399,0.0349,0.4996,0.5087,0.0336,0.493,500
360p,Traffic2,K4,A0.001_,T0.7,M3,Data-Processing\Raw-Data\Param-Sweep\360p\Traffic2\K4\A0.001_\T0.7\M3\Traffic2-Mask.mp4,Data-Processing\Raw-Data\OpenCV\M3\360p\Traffic2\Traffic2-Mask.mp4,Data-Processing\Raw-Data\Otsu\M3\360p\Traffic2\Traffic2-Mask.mp4,0.5577,0.082,0.6116,0.4524,0.0454,0.5129,500
360p,Traffic2,K4,A0.001_,T0.7,M4,Data-Processing\Raw-Data\Param-Sweep\360p\Traffic2\K4\A0.001_\T0.7\M4\Traffic2-Mask.mp4,Data-Processing\Raw-Data\OpenCV\M4\360p\Traffic2\Traffic2-Mask.mp4,Data-Processing\Raw-Data\Otsu\M4\360p\Traffic2\Traffic2-Mask.mp4,0.6709,0.0531,0.7687,0.5965,0.0404,0.6696,500
360p,Traffic2,K4,A0.001_,T0.7,M5,Data-Processing\Raw-Data\Param-Sweep\360p\Traffic2\K4\A0.001_\T0.7\M5\Traffic2-Mask.mp4,Data-Processing\Raw-Data\OpenCV\M5\360p\Traffic2\Traffic2-Mask.mp4,Data-Processing\Raw-Data\Otsu\M5\360p\Traffic2\Traffic2-Mask.mp4,0.6748,0.0542,0.7719,0.6241,0.0477,0.7025,500
360p,Traffic2,K4,A0.001_,T0.9,M3,Data-Processing\Raw-Data\Param-Sweep\360p\Traffic2\K4\A0.001_\T0.9\M3\Traffic2-Mask.mp4,Data-Processing\Raw-Data\OpenCV\M3\360p\Traffic2\Traffic2-Mask.mp4,Data-Processing\Raw-Data\Otsu\M3\360p\Traffic2\Traffic2-Mask.mp4,0.7611,0.0529,0.8556,0.5873,0.0307,0.6609,500
360p,Traffic2,K4,A0.001_,T0.9,M4,Data-Processing\Raw-Data\Param-Sweep\360p\Traffic2\K4\A0.001_\T0.9\M4\Traffic2-Mask.mp4,Data-Processing\Raw-Data\OpenCV\M4\360p\Traffic2\Traffic2-Mask.mp4,Data-Processing\Raw-Data\Otsu\M4\360p\Traffic2\Traffic2-Mask.mp4,0.8266,0.0267,0.8766,0.717,0.0226,0.7667,500
360p,Traffic2,K4,A0.001_,T0.9,M5,Data-Processing\Raw-Data\Param-Sweep\360p\Traffic2\K4\A0.001_\T0.9\M5\Traffic2-Mask.mp4,Data-Processing\Raw-Data\OpenCV\M5\360p\Traffic2\Traffic2-Mask.mp4,Data-Processing\Raw-Data\Otsu\M5\360p\Traffic2\Traffic2-Mask.mp4,0.8353,0.0274,0.8898,0.7579,0.0271,0.8108,500
360p,Traffic2,K4,A0.01_,T0.5,M3,Data-Processing\Raw-Data\Param-Sweep\360p\Traffic2\K4\A0.01_\T0.5\M3\Traffic2-Mask.mp4,Data-Processing\Raw-Data\OpenCV\M3\360p\Traffic2\Traffic2-Mask.mp4,Data-Processing\Raw-Data\Otsu\M3\360p\Traffic2\Traffic2-Mask.mp4,0.8097,0.0336,0.8682,0.615,0.0222,0.6726,500
360p,Traffic2,K4,A0.01_,T0.5,M4,Data-Processing\Raw-Data\Param-Sweep\360p\Traffic2\K4\A0.01_\T0.5\M4\Traffic2-Mask.mp4,Data-Processing\Raw-Data\OpenCV\M4\360p\Traffic2\Traffic2-Mask.mp4,Data-Processing\Raw-Data\Otsu\M4\360p\Traffic2\Traffic2-Mask.mp4,0.8612,0.0154,0.886,0.7405,0.0164,0.7722,500
360p,Traffic2,K4,A0.01_,T0.5,M5,Data-Processing\Raw-Data\Param-Sweep\360p\Traffic2\K4\A0.01_\T0.5\M5\Traffic2-Mask.mp4,Data-Processing\Raw-Data\OpenCV\M5\360p\Traffic2\Traffic2-Mask.mp4,Data-Processing\Raw-Data\Otsu\M5\360p\Traffic2\Traffic2-Mask.mp4,0.8715,0.0159,0.902,0.7845,0.0191,0.8155,500
360p,Traffic2,K4,A0.01_,T0.7,M3,Data-Processing\Raw-Data\Param-Sweep\360p\Traffic2\K4\A0.01_\T0.7\M3\Traffic2-Mask.mp4,Data-Processing\Raw-Data\OpenCV\M3\360p\Traffic2\Traffic2-Mask.mp4,Data-Processing\Raw-Data\Otsu\M3\360p\Traffic2\Traffic2-Mask.mp4,0.8522,0.0225,0.8937,0.6465,0.0145,0.6826,500
360p,Traffic2,K4,A0.01_,T0.7,M4,Data-Processing\Raw-Data\Param-Sweep\360p\Traffic2\K4\A0.01_\T0.7\M4\Traffic2-Mask.mp4,Data-Processing\Raw-Data\OpenCV\M4\360p\Traffic2\Traffic2-Mask.mp4,Data-Processing\Raw-Data\Otsu\M4\360p\Traffic2\Traffic2-Mask.mp4,0.8872,0.0104,0.9047,0.7637,0.0103,0.7841,500
360p,Traffic2,K4,A0.01_,T0.7,M5,Data-Processing\Raw-Data\Param-Sweep\360p\Traffic2\K4\A0.01_\T0.7\M5\Traffic2-Mask.mp4,Data-Processing\Raw-Data\OpenCV\M5\360p\Traffic2\Traffic2-Mask.mp4,Data-Processing\Raw-Data\Otsu\M5\360p\Traffic2\Traffic2-Mask.mp4,0.9015,0.0099,0.9217,0.8105,0.0119,0.8281,500
360p,Traffic2,K4,A0.01_,T0.9,M3,Data-Processing\Raw-Data\Param-Sweep\360p\Traffic2\K4\A0.01_\T0.9\M3\Traffic2-Mask.mp4,Data-Processing\Raw-Data\OpenCV\M3\360p\Traffic2\Traffic2-Mask.mp4,Data-Processing\Raw-Data\Otsu\M3\360p\Traffic2\Traffic2-Mask.mp4,0.8931,0.0146,0.9139,0.6906,0.0055,0.7002,500
360p,Traffic2,K4,A0.01_,T0.9,M4,Data-Processing\Raw-Data\Param-Sweep\360p\Traffic2\K4\A0.01_\T0.9\M4\Traffic2-Mask.mp4,Data-Processing\Raw-Data\OpenCV\M4\360p\Traffic2\Traffic2-Mask.mp4,Data-Processing\Raw-Data\Otsu\M4\360p\Traffic2\Traffic2-Mask.mp4,0.9021,0.0096,0.9152,0.793,0.0027,0.7955,500
360p,Traffic2,K4,A0.01_,T0.9,M5,Data-Processing\Raw-Data\Param-Sweep\360p\Traffic2\K4\A0.01_\T0.9\M5\Traffic2-Mask.mp4,Data-Processing\Raw-Data\OpenCV\M5\360p\Traffic2\Traffic2-Mask.mp4,Data-Processing\Raw-Data\Otsu\M5\360p\Traffic2\Traffic2-Mask.mp4,0.9206,0.008,0.9359,0.8433,0.003,0.8451,500
360p,Traffic2,K4,A0.1_,T0.5,M3,Data-Processing\Raw-Data\Param-Sweep\360p\Traffic2\K4\A0.1_\T0.5\M3\Traffic2-Mask.mp4,Data-Processing\Raw-Data\OpenCV\M3\360p\Traffic2\Traffic2-Mask.mp4,Data-Processing\Raw-Data\Otsu\M3\360p\Traffic2\Traffic2-Mask.mp4,0.8102,0.0202,0.8475,0.6519,0.0067,0.6602,500
360p,Traffic2,K4,A0.1_,T0.5,M4,Data-Processing\Raw-Data\Param-Sweep\360p\Traffic2\K4\A0.1_\T0.5\M4\Traffic2-Mask.mp4,Data-Processing\Raw-Data\OpenCV\M4\360p\Traffic2\Traffic2-Mask.mp4,Data-Processing\Raw-Data\Otsu\M4\360p\Traffic2\Traffic2-Mask.mp4,0.8647,0.0131,0.8882,0.7783,0.0034,0.7799,500
360p,Traffic2,K4,A0.1_,T0.5,M5,Data-Processing\Raw-Data\Param-Sweep\360p\Traffic2\K4\A0.1_\T0.5\M5\Traffic2-Mask.mp4,Data-Processing\Raw-Data\OpenCV\M5\360p\Traffic2\Traffic2-Mask.mp4,Data-Processing\Raw-Data\Otsu\M5\360p\Traffic2\Traffic2-Mask.mp4,0.8754,0.0112,0.8953,0.8275,0.0036,0.8303,500
360p,Traffic2,K4,A0.1_,T0.7,M3,Data-Processing\Raw-Data\Param-Sweep\360p\Traffic2\K4\A0.1_\T0.7\M3\Traffic2-Mask.mp4,Data-Processing\Raw-Data\OpenCV\M3\360p\Traffic2\Traffic2-Mask.mp4,Data-Processing\Raw-Data\Otsu\M3\360p\Traffic2\Traffic2-Mask.mp4,0.8431,0.0164,0.8681,0.6824,0.0036,0.6821,500
360p,Traffic2,K4,A0.1_,T0.7,M4,Data-Processing\Raw-Data\Param-Sweep\360p\Traffic2\K4\A0.1_\T0.7\M4\Traffic2-Mask.mp4,Data-Processing\Raw-Data\OpenCV\M4\360p\Traffic2\Traffic2-Mask.mp4,Data-Processing\Raw-Data\Otsu\M4\360p\Traffic2\Traffic2-Mask.mp4,0.8802,0.0114,0.8963,0.7978,0.0016,0.795,500
360p,Traffic2,K4,A0.1_,T0.7,M5,Data-Processing\Raw-Data\Param-Sweep\360p\Traffic2\K4\A0.1_\T0.7\M5\Traffic2-Mask.mp4,Data-Processing\Raw-Data\OpenCV\M5\360p\Traffic2\Traffic2-Mask.mp4,Data-Processing\Raw-Data\Otsu\M5\360p\Traffic2\Traffic2-Mask.mp4,0.8926,0.0094,0.9074,0.8497,0.0016,0.8471,500
360p,Traffic2,K4,A0.1_,T0.9,M3,Data-Processing\Raw-Data\Param-Sweep\360p\Traffic2\K4\A0.1_\T0.9\M3\Traffic2-Mask.mp4,Data-Processing\Raw-Data\OpenCV\M3\360p\Traffic2\Traffic2-Mask.mp4,Data-Processing\Raw-Data\Otsu\M3\360p\Traffic2\Traffic2-Mask.mp4,0.8725,0.0148,0.8862,0.7082,0.0017,0.7067,500
360p,Traffic2,K4,A0.1_,T0.9,M4,Data-Processing\Raw-Data\Param-Sweep\360p\Traffic2\K4\A0.1_\T0.9\M4\Traffic2-Mask.mp4,Data-Processing\Raw-Data\OpenCV\M4\360p\Traffic2\Traffic2-Mask.mp4,Data-Processing\Raw-Data\Otsu\M4\360p\Traffic2\Traffic2-Mask.mp4,0.8911,0.011,0.9026,0.81,0.001,0.8084,500
360p,Traffic2,K4,A0.1_,T0.9,M5,Data-Processing\Raw-Data\Param-Sweep\360p\Traffic2\K4\A0.1_\T0.9\M5\Traffic2-Mask.mp4,Data-Processing\Raw-Data\OpenCV\M5\360p\Traffic2\Traffic2-Mask.mp4,Data-Processing\Raw-Data\Otsu\M5\360p\Traffic2\Traffic2-Mask.mp4,0.9049,0.009,0.9185,0.8637,0.0009,0.8592,500
480p,Traffic2,K2,A0.001_,T0.5,M3,Data-Processing\Raw-Data\Param-Sweep\480p\Traffic2\K2\A0.001_\T0.5\M3\Traffic2-Mask.mp4,Data-Processing\Raw-Data\OpenCV\M3\480p\Traffic2\Traffic2-Mask.mp4,Data-Processing\Raw-Data\Otsu\M3\480p\Traffic2\Traffic2-Mask.mp4,0.2366,0.0168,0.2945,0.2424,0.0203,0.3089,500
480p,Traffic2,K2,A0.001_,T0.5,M4,Data-Processing\Raw-Data\Param-Sweep\480p\Traffic2\K2\A0.001_\T0.5\M4\Traffic2-Mask.mp4,Data-Processing\Raw-Data\OpenCV\M4\480p\Traffic2\Traffic2-Mask.mp4,Data-Processing\Raw-Data\Otsu\M4\480p\Traffic2\Traffic2-Mask.mp4,0.3841,0.0261,0.4487,0.3784,0.0291,0.4535,500
480p,Traffic2,K2,A0.001_,T0.5,M5,Data-Processing\Raw-Data\Param-Sweep\480p\Traffic2\K2\A0.001_\T0.5\M5\Traffic2-Mask.mp4,Data-Processing\Raw-Data\OpenCV\M5\480p\Traffic2\Traffic2-Mask.mp4,Data-Processing\Raw-Data\Otsu\M5\480p\Traffic2\Traffic2-Mask.mp4,0.3847,0.0266,0.4518,0.3792,0.0297,0.4561,500
480p,Traffic2,K2,A0.001_,T0.7,M3,Data-Processing\Raw-Data\Param-Sweep\480p\Traffic2\K2\A0.001_\T0.7\M3\Traffic2-Mask.mp4,Data-Processing\Raw-Data\OpenCV\M3\480p\Traffic2\Traffic2-Mask.mp4,Data-Processing\Raw-Data\Otsu\M3\480p\Traffic2\Traffic2-Mask.mp4,0.2539,0.0205,0.2957,0.256,0.0233,0.3095,500
480p,Traffic2,K2,A0.001_,T0.7,M4,Data-Processing\Raw-Data\Param-Sweep\480p\Traffic2\K2\A0.001_\T0.7\M4\Traffic2-Mask.mp4,Data-Processing\Raw-Data\OpenCV\M4\480p\Traffic2\Traffic2-Mask.mp4,Data-Processing\Raw-Data\Otsu\M4\480p\Traffic2\Traffic2-Mask.mp4,0.4158,0.0355,0.4528,0.402,0.0354,0.4564,500
480p,Traffic2,K2,A0.001_,T0.7,M5,Data-Processing\Raw-Data\Param-Sweep\480p\Traffic2\K2\A0.001_\T0.7\M5\Traffic2-Mask.mp4,Data-Processing\Raw-Data\OpenCV\M5\480p\Traffic2\Traffic2-Mask.mp4,Data-Processing\Raw-Data\Otsu\M5\480p\Traffic2\Traffic2-Mask.mp4,0.4164,0.0361,0.455,0.4046,0.0368,0.4576,500
480p,Traffic2,K2,A0.001_,T0.9,M3,Data-Processing\Raw-Data\Param-Sweep\480p\Traffic2\K2\A0.001_\T0.9\M3\Traffic2-Mask.mp4,Data-Processing\Raw-Data\OpenCV\M3\480p\Traffic2\Traffic2-Mask.mp4,Data-Processing\Raw-Data\Otsu\M3\480p\Traffic2\Traffic2-Mask.mp4,0.4173,0.0422,0.4443,0.366,0.0306,0.3935,500
480p,Traffic2,K2,A0.001_,T0.9,M4,Data-Processing\Raw-Data\Param-Sweep\480p\Traffic2\K2\A0.001_\T0.9\M4\Traffic2-Mask.mp4,Data-Processing\Raw-Data\OpenCV\M4\480p\Traffic2\Traffic2-Mask.mp4,Data-Processing\Raw-Data\Otsu\M4\480p\Traffic2\Traffic2-Mask.mp4,0.5977,0.048,0.6455,0.5347,0.0393,0.581,500
480p,Traffic2,K2,A0.001_,T0.9,M5,Data-Processing\Raw-Data\Param-Sweep\480p\Traffic2\K2\A0.001_\T0.9\M5\Traffic2-Mask.mp4,Data-Processing\Raw-Data\OpenCV\M5\480p\Traffic2\Traffic2-Mask.mp4,Data-Processing\Raw-Data\Otsu\M5\480p\Traffic2\Traffic2-Mask.mp4,0.5985,0.0487,0.6465,0.5527,0.0442,0.5994,500
480p,Traffic2,K2,A0.01_,T0.5,M3,Data-Processing\Raw-Data\Param-Sweep\480p\Traffic2\K2\A0.01_\T0.5\M3\Traffic2-Mask.mp4,Data-Processing\Raw-Data\OpenCV\M3\480p\Traffic2\Traffic2-Mask.mp4,Data-Processing\Raw-Data\Otsu\M3\480p\Traffic2\Traffic2-Mask.mp4,0.7342,0.0429,0.8161,0.5592,0.026,0.619,500
480p,Traffic2,K2,A0.01_,T0.5,M4,Data-Processing\Raw-Data\Param-Sweep\480p\Traffic2\K2\A0.01_\T0.5\M4\Traffic2-Mask.mp4,Data-Processing\Raw-Data\OpenCV\M4\480p\Traffic2\Traffic2-Mask.mp4,Data-Processing\Raw-Data\Otsu\M4\480p\Traffic2\Traffic2-Mask.mp4,0.8123,0.0256,0.8649,0.6946,0.0229,0.741,500
480p,Traffic2,K2,A0.01_,T0.5,M5,Data-Processing\Raw-Data\Param-Sweep\480p\Traffic2\K2\A0.01_\T0.5\M5\Traffic2-Mask.mp4,Data-Processing\Raw-Data\OpenCV\M5\480p\Traffic2\Traffic2-Mask.mp4,Data-Processing\Raw-Data\Otsu\M5\480p\Traffic2\Traffic2-Mask.mp4,0.8171,0.0263,0.8717,0.7315,0.0262,0.7811,500
480p,Traffic2,K2,A0.01_,T0.7,M3,Data-Processing\Raw-Data\Param-Sweep\480p\Traffic2\K2\A0.01_\T0.7\M3\Traffic2-Mask.mp4,Data-Processing\Raw-Data\OpenCV\M3\480p\Traffic2\Traffic2-Mask.mp4,Data-Processing\Raw-Data\Otsu\M3\480p\Traffic2\Traffic2-Mask.mp4,0.7812,0.0322,0.8459,0.5916,0.02,0.6404,500
480p,Traffic2,K2,A0.01_,T0.7,M4,Data-Processing\Raw-Data\Param-Sweep\480p\Traffic2\K2\A0.01_\T0.7\M4\Traffic2-Mask.mp4,Data-Processing\Raw-Data\OpenCV\M4\480p\Traffic2\Traffic2-Mask.mp4,Data-Processing\Raw-Data\Otsu\M4\480p\Traffic2\Traffic2-Mask.mp4,0.8448,0.0156,0.8779,0.72,0.0156,0.7539,500
480p,Traffic2,K2,A0.01_,T0.7,M5,Data-Processing\Raw-Data\Param-Sweep\480p\Traffic2\K2\A0.01_\T0.7\M5\Traffic2-Mask.mp4,Data-Processing\Raw-Data\OpenCV\M5\480p\Traffic2\Traffic2-Mask.mp4,Data-Processing\Raw-Data\Otsu\M5\480p\Traffic2\Traffic2-Mask.mp4,0.8501,0.016,0.8862,0.7588,0.0179,0.791,500
480p,Traffic2,K2,A0.01_,T0.9,M3,Data-Processing\Raw-Data\Param-Sweep\480p\Traffic2\K2\A0.01_\T0.9\M3\Traffic2-Mask.mp4,Data-Processing\Raw-Data\OpenCV\M3\480p\Traffic2\Traffic2-Mask.mp4,Data-Processing\Raw-Data\Otsu\M3\480p\Traffic2\Traffic2-Mask.mp4,0.8554,0.0163,0.8824,0.6519,0.0077,0.67,500
480p,Traffic2,K2,A0.01_,T0.9,M4,Data-Processing\Raw-Data\Param-Sweep\480p\Traffic2\K2\A0.01_\T0.9\M4\Traffic2-Mask.mp4,Data-Processing\Raw-Data\OpenCV\M4\480p\Traffic2\Traffic2-Mask.mp4,Data-Processing\Raw-Data\Otsu\M4\480p\Traffic2\Traffic2-Mask.mp4,0.892,0.0085,0.9042,0.7643,0.0056,0.7724,500
480p,Traffic2,K2,A0.01_,T0.9,M5,Data-Processing\Raw-Data\Param-Sweep\480p\Traffic2\K2\A0.01_\T0.9\M5\Traffic2-Mask.mp4,Data-Processing\Raw-Data\OpenCV\M5\480p\Traffic2\Traffic2-Mask.mp4,Data-Processing\Raw-Data\Otsu\M5\480p\Traffic2\Traffic2-Mask.mp4,0.9,0.0076,0.9136,0.8064,0.0063,0.815,500
480p,Traffic2,K2,A0.1_,T0.5,M3,Data-Processing\Raw-Data\Param-Sweep\480p\Traffic2\K2\A0.1_\T0.5\M3\Traffic2-Mask.mp4,Data-Processing\Raw-Data\OpenCV\M3\480p\Traffic2\Traffic2-Mask.mp4,Data-Processing\Raw-Data\Otsu\M3\480p\Traffic2\Traffic2-Mask.mp4,0.819,0.0174,0.8532,0.6399,0.0056,0.6476,500
480p,Traffic2,K2,A0.1_,T0.5,M4,Data-Processing\Raw-Data\Param-Sweep\480p\Traffic2\K2\A0.1_\T0.5\M4\Traffic2-Mask.mp4,Data-Processing\Raw-Data\OpenCV\M4\480p\Traffic2\Traffic2-Mask.mp4,Data-Processing\Raw-Data\Otsu\M4\480p\Traffic2\Traffic2-Mask.mp4,0.8726,0.0115,0.8914,0.7629,0.0029,0.7632,500
480p,Traffic2,K2,A0.1_,T0.5,M5,Data-Processing\Raw-Data\Param-Sweep\480p\Traffic2\K2\A0.1_\T0.5\M5\Traffic2-Mask.mp4,Data-Processing\Raw-Data\OpenCV\M5\480p\Traffic2\Traffic2-Mask.mp4,Data-Processing\Raw-Data\Otsu\M5\480p\Traffic2\Traffic2-Mask.mp4,0.8802,0.0098,0.8964,0.8061,0.0029,0.8069,500
480p,Traffic2,K2,A0.1_,T0.7,M3,Data-Processing\Raw-Data\Param-Sweep\480p\Traffic2\K2\A0.1_\T0.7\M3\Traffic2-Mask.mp4,Data-Processing\Raw-Data\OpenCV\M3\480p\Traffic2\Traffic2-Mask.mp4,Data-Processing\Raw-Data\Otsu\M3\480p\Traffic2\Traffic2-Mask.mp4,0.8516,0.0148,0.8727,0.6675,0.0033,0.6683,500
480p,Traffic2,K2,A0.1_,T0.7,M4,Data-Processing\Raw-Data\Param-Sweep\480p\Traffic2\K2\A0.1_\T0.7\M4\Traffic2-Mask.mp4,Data-Processing\Raw-Data\OpenCV\M4\480p\Traffic2\Traffic2-Mask.mp4,Data-Processing\Raw-Data\Otsu\M4\480p\Traffic2\Traffic2-Mask.mp4,0.8876,0.0105,0.902,0.7789,0.0016,0.7758,500
480p,Traffic2,K2,A0.1_,T0.7,M5,Data-Processing\Raw-Data\Param-Sweep\480p\Traffic2\K2\A0.1_\T0.7\M5\Traffic2-Mask.mp4,Data-Processing\Raw-Data\OpenCV\M5\480p\Traffic2\Traffic2-Mask.mp4,Data-Processing\Raw-Data\Otsu\M5\480p\Traffic2\Traffic2-Mask.mp4,0.8959,0.0087,0.9073,0.8234,0.0015,0.8196,500
480p,Traffic2,K2,A0.1_,T0.9,M3,Data-Processing\Raw-Data\Param-Sweep\480p\Traffic2\K2\A0.1_\T0.9\M3\Traffic2-Mask.mp4,Data-Processing\Raw-Data\OpenCV\M3\480p\Traffic2\Traffic2-Mask.mp4,Data-Processing\Raw-Data\Otsu\M3\480p\Traffic2\Traffic2-Mask.mp4,0.8745,0.0139,0.8858,0.6934,0.0018,0.6916,500
480p,Traffic2,K2,A0.1_,T0.9,M4,Data-Processing\Raw-Data\Param-Sweep\480p\Traffic2\K2\A0.1_\T0.9\M4\Traffic2-Mask.mp4,Data-Processing\Raw-Data\OpenCV\M4\480p\Traffic2\Traffic2-Mask.mp4,Data-Processing\Raw-Data\Otsu\M4\480p\Traffic2\Traffic2-Mask.mp4,0.895,0.0105,0.9059,0.7962,0.001,0.7942,500
480p,Traffic2,K2,A0.1_,T0.9,M5,Data-Processing\Raw-Data\Param-Sweep\480p\Traffic2\K2\A0.1_\T0.9\M5\Traffic2-Mask.mp4,Data-Processing\Raw-Data\OpenCV\M5\480p\Traffic2\Traffic2-Mask.mp4,Data-Processing\Raw-Data\Otsu\M5\480p\Traffic2\Traffic2-Mask.mp4,0.9059,0.0086,0.9163,0.844,0.0009,0.8393,500
480p,Traffic2,K3,A0.001_,T0.5,M3,Data-Processing\Raw-Data\Param-Sweep\480p\Traffic2\K3\A0.001_\T0.5\M3\Traffic2-Mask.mp4,Data-Processing\Raw-Data\OpenCV\M3\480p\Traffic2\Traffic2-Mask.mp4,Data-Processing\Raw-Data\Otsu\M3\480p\Traffic2\Traffic2-Mask.mp4,0.3386,0.0343,0.3081,0.3088,0.0258,0.3204,500
480p,Traffic2,K3,A0.001_,T0.5,M4,Data-Processing\Raw-Data\Param-Sweep\480p\Traffic2\K3\A0.001_\T0.5\M4\Traffic2-Mask.mp4,Data-Processing\Raw-Data\OpenCV\M4\480p\Traffic2\Traffic2-Mask.mp4,Data-Processing\Raw-Data\Otsu\M4\480p\Traffic2\Traffic2-Mask.mp4,0.5057,0.0341,0.4825,0.4668,0.0297,0.4733,500
480p,Traffic2,K3,A0.001_,T0.5,M5,Data-Processing\Raw-Data\Param-Sweep\480p\Traffic2\K3\A0.001_\T0.5\M5\Traffic2-Mask.mp4,Data-Processing\Raw-Data\OpenCV\M5\480p\Traffic2\Traffic2-Mask.mp4,Data-Processing\Raw-Data\Otsu\M5\480p\Traffic2\Traffic2-Mask.mp4,0.5066,0.0345,0.4841,0.4786,0.0327,0.4796,500
480p,Traffic2,K3,A0.001_,T0.7,M3,Data-Processing\Raw-Data\Param-Sweep\480p\Traffic2\K3\A0.001_\T0.7\M3\Traffic2-Mask.mp4,Data-Processing\Raw-Data\OpenCV\M3\480p\Traffic2\Traffic2-Mask.mp4,Data-Processing\Raw-Data\Otsu\M3\480p\Traffic2\Traffic2-Mask.mp4,0.4816,0.0661,0.4114,0.403,0.0389,0.3671,500
480p,Traffic2,K3,A0.001_,T0.7,M4,Data-Processing\Raw-Data\Param-Sweep\480p\Traffic2\K3\A0.001_\T0.7\M4\Traffic2-Mask.mp4,Data-Processing\Raw-Data\OpenCV\M4\480p\Traffic2\Traffic2-Mask.mp4,Data-Processing\Raw-Data\Otsu\M4\480p\Traffic2\Traffic2-Mask.mp4,0.6366,0.0506,0.653,0.5628,0.0372,0.5889,500
480p,Traffic2,K3,A0.001_,T0.7,M5,Data-Processing\Raw-Data\Param-Sweep\480p\Traffic2\K3\A0.001_\T0.7\M5\Traffic2-Mask.mp4,Data-Processing\Raw-Data\OpenCV\M5\480p\Traffic2\Traffic2-Mask.mp4,Data-Processing\Raw-Data\Otsu\M5\480p\Traffic2\Traffic2-Mask.mp4,0.6389,0.0512,0.6539,0.5869,0.0428,0.6163,500
480p,Traffic2,K3,A0.001_,T0.9,M3,Data-Processing\Raw-Data\Param-Sweep\480p\Traffic2\K3\A0.001_\T0.9\M3\Traffic2-Mask.mp4,Data-Processing\Raw-Data\OpenCV\M3\480p\Traffic2\Traffic2-Mask.mp4,Data-Processing\Raw-Data\Otsu\M3\480p\Traffic2\Traffic2-Mask.mp4,0.6767,0.0646,0.7801,0.5293,0.0352,0.6068,500
480p,Traffic2,K3,A0.001_,T0.9,M4,Data-Processing\Raw-Data\Param-Sweep\480p\Traffic2\K3\A0.001_\T0.9\M4\Traffic2-Mask.mp4,Data-Processing\Raw-Data\OpenCV\M4\480p\Traffic2\Traffic2-Mask.mp4,Data-Processing\Raw-Data\Otsu\M4\480p\Traffic2\Traffic2-Mask.mp4,0.7861,0.0372,0.8526,0.6764,0.0279,0.7364,500
480p,Traffic2,K3,A0.001_,T0.9,M5,Data-Processing\Raw-Data\Param-Sweep\480p\Traffic2\K3\A0.001_\T0.9\M5\Traffic2-Mask.mp4,Data-Processing\Raw-Data\OpenCV\M5\480p\Traffic2\Traffic2-Mask.mp4,Data-Processing\Raw-Data\Otsu\M5\480p\Traffic2\Traffic2-Mask.mp4,0.7907,0.038,0.8592,0.7113,0.0326,0.7769,500
480p,Traffic2,K3,A0.01_,T0.5,M3,Data-Processing\Raw-Data\Param-Sweep\480p\Traffic2\K3\A0.01_\T0.5\M3\Traffic2-Mask.mp4,Data-Processing\Raw-Data\OpenCV\M3\480p\Traffic2\Traffic2-Mask.mp4,Data-Processing\Raw-Data\Otsu\M3\480p\Traffic2\Traffic2-Mask.mp4,0.7983,0.0363,0.8656,0.6014,0.022,0.6595,500
480p,Traffic2,K3,A0.01_,T0.5,M4,Data-Processing\Raw-Data\Param-Sweep\480p\Traffic2\K3\A0.01_\T0.5\M4\Traffic2-Mask.mp4,Data-Processing\Raw-Data\OpenCV\M4\480p\Traffic2\Traffic2-Mask.mp4,Data-Processing\Raw-Data\Otsu\M4\480p\Traffic2\Traffic2-Mask.mp4,0.8538,0.0175,0.8872,0.7253,0.0166,0.764,500
480p,Traffic2,K3,A0.01_,T0.5,M5,Data-Processing\Raw-Data\Param-Sweep\480p\Traffic2\K3\A0.01_\T0.5\M5\Traffic2-Mask.mp4,Data-Processing\Raw-Data\OpenCV\M5\480p\Traffic2\Traffic2-Mask.mp4,Data-Processing\Raw-Data\Otsu\M5\480p\Traffic2\Traffic2-Mask.mp4,0.8609,0.018,0.8971,0.7647,0.019,0.8023,500
480p,Traffic2,K3,A0.01_,T0.7,M3,Data-Processing\Raw-Data\Param-Sweep\480p\Traffic2\K3\A0.01_\T0.7\M3\Traffic2-Mask.mp4,Data-Processing\Raw-Data\OpenCV\M3\480p\Traffic2\Traffic2-Mask.mp4,Data-Processing\Raw-Data\Otsu\M3\480p\Traffic2\Traffic2-Mask.mp4,0.8402,0.0255,0.8892,0.6308,0.0155,0.6722,500
480p,Traffic2,K3,A0.01_,T0.7,M4,Data-Processing\Raw-Data\Param-Sweep\480p\Traffic2\K3\A0.01_\T0.7\M4\Traffic2-Mask.mp4,Data-Processing\Raw-Data\OpenCV\M4\480p\Traffic2\Traffic2-Mask.mp4,Data-Processing\Raw-Data\Otsu\M4\480p\Traffic2\Traffic2-Mask.mp4,0.884,0.0104,0.9037,0.7493,0.0106,0.7732,500
480p,Traffic2,K3,A0.01_,T0.7,M5,Data-Processing\Raw-Data\Param-Sweep\480p\Traffic2\K3\A0.01_\T0.7\M5\Traffic2-Mask.mp4,Data-Processing\Raw-Data\OpenCV\M5\480p\Traffic2\Traffic2-Mask.mp4,Data-Processing\Raw-Data\Otsu\M5\480p\Traffic2\Traffic2-Mask.mp4,0.8942,0.0102,0.9172,0.7917,0.012,0.8149,500
480p,Traffic2,K3,A0.01_,T0.9,M3,Data-Processing\Raw-Data\Param-Sweep\480p\Traffic2\K3\A0.01_\T0.9\M3\Traffic2-Mask.mp4,Data-Processing\Raw-Data\OpenCV\M3\480p\Traffic2\Traffic2-Mask.mp4,Data-Processing\Raw-Data\Otsu\M3\480p\Traffic2\Traffic2-Mask.mp4,0.8894,0.0132,0.9113,0.6754,0.0058,0.6895,500
480p,Traffic2,K3,A0.01_,T0.9,M4,Data-Processing\Raw-Data\Param-Sweep\480p\Traffic2\K3\A0.01_\T0.9\M4\Traffic2-Mask.mp4,Data-Processing\Raw-Data\OpenCV\M4\480p\Traffic2\Traffic2-Mask.mp4,Data-Processing\Raw-Data\Otsu\M4\480p\Traffic2\Traffic2-Mask.mp4,0.9076,0.0083,0.9203,0.7794,0.0038,0.7859,500
480p,Traffic2,K3,A0.01_,T0.9,M5,Data-Processing\Raw-Data\Param-Sweep\480p\Traffic2\K3\A0.01_\T0.9\M5\Traffic2-Mask.mp4,Data-Processing\Raw-Data\OpenCV\M5\480p\Traffic2\Traffic2-Mask.mp4,Data-Processing\Raw-Data\Otsu\M5\480p\Traffic2\Traffic2-Mask.mp4,0.922,0.0069,0.9351,0.8245,0.0041,0.8285,500
480p,Traffic2,K3,A0.1_,T0.5,M3,Data-Processing\Raw-Data\Param-Sweep\480p\Traffic2\K3\A0.1_\T0.5\M3\Traffic2-Mask.mp4,Data-Processing\Raw-Data\OpenCV\M3\480p\Traffic2\Traffic2-Mask.mp4,Data-Processing\Raw-Data\Otsu\M3\480p\Traffic2\Traffic2-Mask.mp4,0.8233,0.018,0.8585,0.6479,0.0056,0.6556,500
480p,Traffic2,K3,A0.1_,T0.5,M4,Data-Processing\Raw-Data\Param-Sweep\480p\Traffic2\K3\A0.1_\T0.5\M4\Traffic2-Mask.mp4,Data-Processing\Raw-Data\OpenCV\M4\480p\Traffic2\Traffic2-Mask.mp4,Data-Processing\Raw-Data\Otsu\M4\480p\Traffic2\Traffic2-Mask.mp4,0.8751,0.0117,0.893,0.7707,0.0026,0.7694,500
480p,Traffic2,K3,A0.1_,T0.5,M5,Data-Processing\Raw-Data\Param-Sweep\480p\Traffic2\K3\A0.1_\T0.5\M5\Traffic2-Mask.mp4,Data-Processing\Raw-Data\OpenCV\M5\480p\Traffic2\Traffic2-Mask.mp4,Data-Processing\Raw-Data\Otsu\M5\480p\Traffic2\Traffic2-Mask.mp4,0.8837,0.0099,0.9003,0.8156,0.0026,0.8159,500
480p,Traffic2,K3,A0.1_,T0.7,M3,Data-Processing\Raw-Data\Param-Sweep\480p\Traffic2\K3\A0.1_\T0.7\M3\Traffic2-Mask.mp4,Data-Processing\Raw-Data\OpenCV\M3\480p\Traffic2\Traffic2-Mask.mp4,Data-Processing\Raw-Data\Otsu\M3\480p\Traffic2\Traffic2-Mask.mp4,0.8525,0.015,0.8747,0.6739,0.0032,0.674,500
480p,Traffic2,K3,A0.1_,T0.7,M4,Data-Processing\Raw-Data\Param-Sweep\480p\Traffic2\K3\A0.1_\T0.7\M4\Traffic2-Mask.mp4,Data-Processing\Raw-Data\OpenCV\M4\480p\Traffic2\Traffic2-Mask.mp4,Data-Processing\Raw-Data\Otsu\M4\480p\Traffic2\Traffic2-Mask.mp4,0.8871,0.0107,0.9023,0.7864,0.0014,0.7835,500
480p,Traffic2,K3,A0.1_,T0.7,M5,Data-Processing\Raw-Data\Param-Sweep\480p\Traffic2\K3\A0.1_\T0.7\M5\Traffic2-Mask.mp4,Data-Processing\Raw-Data\OpenCV\M5\480p\Traffic2\Traffic2-Mask.mp4,Data-Processing\Raw-Data\Otsu\M5\480p\Traffic2\Traffic2-Mask.mp4,0.8972,0.0088,0.9102,0.8333,0.0013,0.8303,500
480p,Traffic2,K3,A0.1_,T0.9,M3,Data-Processing\Raw-Data\Param-Sweep\480p\Traffic2\K3\A0.1_\T0.9\M3\Traffic2-Mask.mp4,Data-Processing\Raw-Data\OpenCV\M3\480p\Traffic2\Traffic2-Mask.mp4,Data-Processing\Raw-Data\Otsu\M3\480p\Traffic2\Traffic2-Mask.mp4,0.8773,0.0139,0.89,0.698,0.0018,0.6965,500
480p,Traffic2,K3,A0.1_,T0.9,M4,Data-Processing\Raw-Data\Param-Sweep\480p\Traffic2\K3\A0.1_\T0.9\M4\Traffic2-Mask.mp4,Data-Processing\Raw-Data\OpenCV\M4\480p\Traffic2\Traffic2-Mask.mp4,Data-Processing\Raw-Data\Otsu\M4\480p\Traffic2\Traffic2-Mask.mp4,0.8952,0.0105,0.9066,0.7987,0.001,0.7976,500
480p,Traffic2,K3,A0.1_,T0.9,M5,Data-Processing\Raw-Data\Param-Sweep\480p\Traffic2\K3\A0.1_\T0.9\M5\Traffic2-Mask.mp4,Data-Processing\Raw-Data\OpenCV\M5\480p\Traffic2\Traffic2-Mask.mp4,Data-Processing\Raw-Data\Otsu\M5\480p\Traffic2\Traffic2-Mask.mp4,0.9069,0.0086,0.919,0.8476,0.0008,0.8434,500
480p,Traffic2,K4,A0.001_,T0.5,M3,Data-Processing\Raw-Data\Param-Sweep\480p\Traffic2\K4\A0.001_\T0.5\M3\Traffic2-Mask.mp4,Data-Processing\Raw-Data\OpenCV\M3\480p\Traffic2\Traffic2-Mask.mp4,Data-Processing\Raw-Data\Otsu\M3\480p\Traffic2\Traffic2-Mask.mp4,0.388,0.0423,0.3266,0.3394,0.0272,0.3296,500
480p,Traffic2,K4,A0.001_,T0.5,M4,Data-Processing\Raw-Data\Param-Sweep\480p\Traffic2\K4\A0.001_\T0.5\M4\Traffic2-Mask.mp4,Data-Processing\Raw-Data\OpenCV\M4\480p\Traffic2\Traffic2-Mask.mp4,Data-Processing\Raw-Data\Otsu\M4\480p\Traffic2\Traffic2-Mask.mp4,0.5403,0.0344,0.4909,0.4935,0.0284,0.4854,500
480p,Traffic2,K4,A0.001_,T0.5,M5,Data-Processing\Raw-Data\Param-Sweep\480p\Traffic2\K4\A0.001_\T0.5\M5\Traffic2-Mask.mp4,Data-Processing\Raw-Data\OpenCV\M5\480p\Traffic2\Traffic2-Mask.mp4,Data-Processing\Raw-Data\Otsu\M5\480p\Traffic2\Traffic2-Mask.mp4,0.5415,0.0348,0.4928,0.5084,0.0316,0.4881,500
480p,Traffic2,K4,A0.001_,T0.7,M3,Data-Processing\Raw-Data\Param-Sweep\480p\Traffic2\K4\A0.001_\T0.7\M3\Traffic2-Mask.mp4,Data-Processing\Raw-Data\OpenCV\M3\480p\Traffic2\Traffic2-Mask.mp4,Data-Processing\Raw-Data\Otsu\M3\480p\Traffic2\Traffic2-Mask.mp4,0.5555,0.078,0.5835,0.4494,0.0419,0.4916,500
480p,Traffic2,K4,A0.001_,T0.7,M4,Data-Processing\Raw-Data\Param-Sweep\480p\Traffic2\K4\A0.001_\T0.7\M4\Traffic2-Mask.mp4,Data-Processing\Raw-Data\OpenCV\M4\480p\Traffic2\Traffic2-Mask.mp4,Data-Processing\Raw-Data\Otsu\M4\480p\Traffic2\Traffic2-Mask.mp4,0.6764,0.0526,0.7721,0.5951,0.0375,0.6666,500
480p,Traffic2,K4,A0.001_,T0.7,M5,Data-Processing\Raw-Data\Param-Sweep\480p\Traffic2\K4\A0.001_\T0.7\M5\Traffic2-Mask.mp4,Data-Processing\Raw-Data\OpenCV\M5\480p\Traffic2\Traffic2-Mask.mp4,Data-Processing\Raw-Data\Otsu\M5\480p\Traffic2\Traffic2-Mask.mp4,0.6795,0.0534,0.7734,0.6216,0.0435,0.7024,500
480p,Traffic2,K4,A0.001_,T0.9,M3,Data-Processing\Raw-Data\Param-Sweep\480p\Traffic2\K4\A0.001_\T0.9\M3\Traffic2-Mask.mp4,Data-Processing\Raw-Data\OpenCV\M3\480p\Traffic2\Traffic2-Mask.mp4,Data-Processing\Raw-Data\Otsu\M3\480p\Traffic2\Traffic2-Mask.mp4,0.7597,0.0524,0.8583,0.5815,0.0291,0.6536,500
480p,Traffic2,K4,A0.001_,T0.9,M4,Data-Processing\Raw-Data\Param-Sweep\480p\Traffic2\K4\A0.001_\T0.9\M4\Traffic2-Mask.mp4,Data-Processing\Raw-Data\OpenCV\M4\480p\Traffic2\Traffic2-Mask.mp4,Data-Processing\Raw-Data\Otsu\M4\480p\Traffic2\Traffic2-Mask.mp4,0.8313,0.027,0.885,0.711,0.0213,0.7614,500
480p,Traffic2,K4,A0.001_,T0.9,M5,Data-Processing\Raw-Data\Param-Sweep\480p\Traffic2\K4\A0.001_\T0.9\M5\Traffic2-Mask.mp4,Data-Processing\Raw-Data\OpenCV\M5\480p\Traffic2\Traffic2-Mask.mp4,Data-Processing\Raw-Data\Otsu\M5\480p\Traffic2\Traffic2-Mask.mp4,0.8382,0.0277,0.8961,0.7489,0.025,0.8028,500
480p,Traffic2,K4,A0.01_,T0.5,M3,Data-Processing\Raw-Data\Param-Sweep\480p\Traffic2\K4\A0.01_\T0.5\M3\Traffic2-Mask.mp4,Data-Processing\Raw-Data\OpenCV\M3\480p\Traffic2\Traffic2-Mask.mp4,Data-Processing\Raw-Data\Otsu\M3\480p\Traffic2\Traffic2-Mask.mp4,0.8167,0.033,0.8779,0.6129,0.0202,0.6656,500
480p,Traffic2,K4,A0.01_,T0.5,M4,Data-Processing\Raw-Data\Param-Sweep\480p\Traffic2\K4\A0.01_\T0.5\M4\Traffic2-Mask.mp4,Data-Processing\Raw-Data\OpenCV\M4\480p\Traffic2\Traffic2-Mask.mp4,Data-Processing\Raw-Data\Otsu\M4\480p\Traffic2\Traffic2-Mask.mp4,0.8663,0.015,0.8942,0.7342,0.0146,0.769,500
480p,Traffic2,K4,A0.01_,T0.5,M5,Data-Processing\Raw-Data\Param-Sweep\480p\Traffic2\K4\A0.01_\T0.5\M5\Traffic2-Mask.mp4,Data-Processing\Raw-Data\OpenCV\M5\480p\Traffic2\Traffic2-Mask.mp4,Data-Processing\Raw-Data\Otsu\M5\480p\Traffic2\Traffic2-Mask.mp4,0.8748,0.0153,0.9071,0.7749,0.0167,0.8085,500
480p,Traffic2,K4,A0.01_,T0.7,M3,Data-Processing\Raw-Data\Param-Sweep\480p\Traffic2\K4\A0.01_\T0.7\M3\Traffic2-Mask.mp4,Data-Processing\Raw-Data\OpenCV\M3\480p\Traffic2\Traffic2-Mask.mp4,Data-Processing\Raw-Data\Otsu\M3\480p\Traffic2\Traffic2-Mask.mp4,0.8555,0.0228,0.9009,0.6416,0.0132,0.677,500
480p,Traffic2,K4,A0.01_,T0.7,M4,Data-Processing\Raw-Data\Param-Sweep\480p\Traffic2\K4\A0.01_\T0.7\M4\Traffic2-Mask.mp4,Data-Processing\Raw-Data\OpenCV\M4\480p\Traffic2\Traffic2-Mask.mp4,Data-Processing\Raw-Data\Otsu\M4\480p\Traffic2\Traffic2-Mask.mp4,0.8929,0.0098,0.9124,0.7572,0.0089,0.778,500
480p,Traffic2,K4,A0.01_,T0.7,M5,Data-Processing\Raw-Data\Param-Sweep\480p\Traffic2\K4\A0.01_\T0.7\M5\Traffic2-Mask.mp4,Data-Processing\Raw-Data\OpenCV\M5\480p\Traffic2\Traffic2-Mask.mp4,Data-Processing\Raw-Data\Otsu\M5\480p\Traffic2\Traffic2-Mask.mp4,0.9053,0.0092,0.9257,0.8008,0.01,0.8196,500
480p,Traffic2,K4,A0.01_,T0.9,M3,Data-Processing\Raw-Data\Param-Sweep\480p\Traffic2\K4\A0.01_\T0.9\M3\Traffic2-Mask.mp4,Data-Processing\Raw-Data\OpenCV\M3\480p\Traffic2\Traffic2-Mask.mp4,Data-Processing\Raw-Data\Otsu\M3\480p\Traffic2\Traffic2-Mask.mp4,0.8969,0.0134,0.9168,0.6836,0.0047,0.6934,500
480p,Traffic2,K4,A0.01_,T0.9,M4,Data-Processing\Raw-Data\Param-Sweep\480p\Traffic2\K4\A0.01_\T0.9\M4\Traffic2-Mask.mp4,Data-Processing\Raw-Data\OpenCV\M4\480p\Traffic2\Traffic2-Mask.mp4,Data-Processing\Raw-Data\Otsu\M4\480p\Traffic2\Traffic2-Mask.mp4,0.908,0.0091,0.9208,0.785,0.0026,0.7878,500
480p,Traffic2,K4,A0.01_,T0.9,M5,Data-Processing\Raw-Data\Param-Sweep\480p\Traffic2\K4\A0.01_\T0.9\M5\Traffic2-Mask.mp4,Data-Processing\Raw-Data\OpenCV\M5\480p\Traffic2\Traffic2-Mask.mp4,Data-Processing\Raw-Data\Otsu\M5\480p\Traffic2\Traffic2-Mask.mp4,0.9244,0.0075,0.9383,0.8317,0.0027,0.8331,500
480p,Traffic2,K4,A0.1_,T0.5,M3,Data-Processing\Raw-Data\Param-Sweep\480p\Traffic2\K4\A0.1_\T0.5\M3\Traffic2-Mask.mp4,Data-Processing\Raw-Data\OpenCV\M3\480p\Traffic2\Traffic2-Mask.mp4,Data-Processing\Raw-Data\Otsu\M3\480p\Traffic2\Traffic2-Mask.mp4,0.8222,0.018,0.857,0.6504,0.0056,0.6577,500
480p,Traffic2,K4,A0.1_,T0.5,M4,Data-Processing\Raw-Data\Param-Sweep\480p\Traffic2\K4\A0.1_\T0.5\M4\Traffic2-Mask.mp4,Data-Processing\Raw-Data\OpenCV\M4\480p\Traffic2\Traffic2-Mask.mp4,Data-Processing\Raw-Data\Otsu\M4\480p\Traffic2\Traffic2-Mask.mp4,0.874,0.0117,0.8922,0.774,0.0025,0.7729,500
480p,Traffic2,K4,A0.1_,T0.5,M5,Data-Processing\Raw-Data\Param-Sweep\480p\Traffic2\K4\A0.1_\T0.5\M5\Traffic2-Mask.mp4,Data-Processing\Raw-Data\OpenCV\M5\480p\Traffic2\Traffic2-Mask.mp4,Data-Processing\Raw-Data\Otsu\M5\480p\Traffic2\Traffic2-Mask.mp4,0.8832,0.0099,0.8999,0.82,0.0025,0.8199,500
480p,Traffic2,K4,A0.1_,T0.7,M3,Data-Processing\Raw-Data\Param-Sweep\480p\Traffic2\K4\A0.1_\T0.7\M3\Traffic2-Mask.mp4,Data-Processing\Raw-Data\OpenCV\M3\480p\Traffic2\Traffic2-Mask.mp4,Data-Processing\Raw-Data\Otsu\M3\480p\Traffic2\Traffic2-Mask.mp4,0.8519,0.015,0.8749,0.6779,0.0031,0.6784,500
480p,Traffic2,K4,A0.1_,T0.7,M4,Data-Processing\Raw-Data\Param-Sweep\480p\Traffic2\K4\A0.1_\T0.7\M4\Traffic2-Mask.mp4,Data-Processing\Raw-Data\OpenCV\M4\480p\Traffic2\Traffic2-Mask.mp4,Data-Processing\Raw-Data\Otsu\M4\480p\Traffic2\Traffic2-Mask.mp4,0.8864,0.0107,0.9001,0.7902,0.0013,0.7889,500
480p,Traffic2,K4,A0.1_,T0.7,M5,Data-Processing\Raw-Data\Param-Sweep\480p\Traffic2\K4\A0.1_\T0.7\M5\Traffic2-Mask.mp4,Data-Processing\Raw-Data\OpenCV\M5\480p\Traffic2\Traffic2-Mask.mp4,Data-Processing\Raw-Data\Otsu\M5\480p\Traffic2\Traffic2-Mask.mp4,0.8971,0.0088,0.9098,0.8384,0.0012,0.8357,500
480p,Traffic2,K4,A0.1_,T0.9,M3,Data-Processing\Raw-Data\Param-Sweep\480p\Traffic2\K4\A0.1_\T0.9\M3\Traffic2-Mask.mp4,Data-Processing\Raw-Data\OpenCV\M3\480p\Traffic2\Traffic2-Mask.mp4,Data-Processing\Raw-Data\Otsu\M3\480p\Traffic2\Traffic2-Mask.mp4,0.8779,0.0139,0.8898,0.7007,0.0017,0.6996,500
480p,Traffic2,K4,A0.1_,T0.9,M4,Data-Processing\Raw-Data\Param-Sweep\480p\Traffic2\K4\A0.1_\T0.9\M4\Traffic2-Mask.mp4,Data-Processing\Raw-Data\OpenCV\M4\480p\Traffic2\Traffic2-Mask.mp4,Data-Processing\Raw-Data\Otsu\M4\480p\Traffic2\Traffic2-Mask.mp4,0.8949,0.0105,0.9066,0.8003,0.0009,0.7998,500
480p,Traffic2,K4,A0.1_,T0.9,M5,Data-Processing\Raw-Data\Param-Sweep\480p\Traffic2\K4\A0.1_\T0.9\M5\Traffic2-Mask.mp4,Data-Processing\Raw-Data\OpenCV\M5\480p\Traffic2\Traffic2-Mask.mp4,Data-Processing\Raw-Data\Otsu\M5\480p\Traffic2\Traffic2-Mask.mp4,0.907,0.0086,0.9183,0.8498,0.0008,0.8459,500
